5 0.5283203125 0.2060546875 0.24609375 0.3984375
3 0.4892578125 0.28125 0.333984375 0.5625
5 0.94140625 0.2119140625 0.1171875 0.228515625
0 0.97265625 0.357421875 0.0546875 0.09375
4 0.92578125 0.56640625 0.1484375 0.1640625
4 0.896484375 0.4970703125 0.193359375 0.16015625
3 0.8828125 0.373046875 0.234375 0.56640625
1 0.126953125 0.5283203125 0.19921875 0.171875
5 0.109375 0.8037109375 0.21875 0.251953125
3 0.1640625 0.68359375 0.328125 0.515625
1 0.802734375 0.7216796875 0.19140625 0.19140625
3 0.7509765625 0.798828125 0.431640625 0.40234375