5 0.0517578125 0.0576171875 0.103515625 0.115234375
5 0.2802734375 0.072265625 0.189453125 0.14453125
4 0.0830078125 0.333984375 0.1181640625 0.0478515625
4 0.2197265625 0.33203125 0.1181640625 0.052734375
4 0.291015625 0.337890625 0.095703125 0.041015625
3 0.2744140625 0.1787109375 0.205078125 0.357421875
3 0.0810546875 0.1787109375 0.162109375 0.357421875
1 0.65625 0.1728515625 0.033203125 0.0556640625
1 0.7607421875 0.1962890625 0.04296875 0.0576171875
1 0.875 0.1923828125 0.0361328125 0.0458984375
5 0.611328125 0.2490234375 0.0791015625 0.125
1 0.625 0.3330078125 0.0625 0.05078125
0 0.552734375 0.0068359375 0.01171875 0.013671875
0 0.9306640625 0.306640625 0.0263671875 0.03125
3 0.7705078125 0.26171875 0.0986328125 0.1923828125
3 0.623046875 0.251953125 0.1005859375 0.2119140625
3 0.888671875 0.2646484375 0.1083984375 0.1875
3 0.9765625 0.0654296875 0.046875 0.130859375
3 0.53515625 0.0615234375 0.07421875 0.123046875
3 0.9150390625 0.046875 0.0693359375 0.09375
3 0.71484375 0.060546875 0.060546875 0.1201171875
5 0.087890625 0.4951171875 0.17578125 0.2255859375
0 0.216796875 0.6259765625 0.04296875 0.0693359375
4 0.048828125 0.8583984375 0.09765625 0.142578125
4 0.0830078125 0.81640625 0.1083984375 0.1201171875
3 0.125 0.6513671875 0.25 0.5869140625
5 0.607421875 0.734375 0.2568359375 0.28125
0 0.791015625 0.900390625 0.0693359375 0.08203125
1 0.5927734375 0.46484375 0.2119140625 0.083984375
3 0.6669921875 0.7060546875 0.380859375 0.587890625