5 0.18359375 0.1376953125 0.21875 0.185546875
4 0.0595703125 0.439453125 0.119140625 0.07421875
4 0.1875 0.4052734375 0.126953125 0.080078125
4 0.2578125 0.3935546875 0.103515625 0.0625
3 0.203125 0.2431640625 0.28515625 0.396484375
3 0.068359375 0.2890625 0.13671875 0.38671875
1 0.572265625 0.14453125 0.044921875 0.0625
1 0.6796875 0.142578125 0.0546875 0.06640625
1 0.7890625 0.1103515625 0.046875 0.052734375
5 0.546875 0.2294921875 0.107421875 0.140625
1 0.5810546875 0.3076171875 0.072265625 0.064453125
0 0.431640625 0.0087890625 0.015625 0.015625
0 0.87109375 0.2080078125 0.033203125 0.037109375
3 0.705078125 0.203125 0.142578125 0.2109375
3 0.5595703125 0.2294921875 0.1484375 0.23046875
3 0.8203125 0.177734375 0.150390625 0.208984375
3 0.8564453125 0.015625 0.076171875 0.03125
3 0.427734375 0.0673828125 0.1015625 0.134765625
3 0.6025390625 0.04296875 0.087890625 0.0859375
5 0.10546875 0.59375 0.2109375 0.26171875
0 0.255859375 0.6904296875 0.05859375 0.078125
4 0.1484375 0.9375 0.12890625 0.125
4 0.171875 0.908203125 0.134765625 0.142578125
3 0.1826171875 0.7109375 0.365234375 0.578125
5 0.6611328125 0.701171875 0.31640625 0.3359375
0 0.87890625 0.818359375 0.087890625 0.095703125
1 0.5810546875 0.443359375 0.2265625 0.1328125
3 0.7119140625 0.6591796875 0.51171875 0.662109375