2 0.34765625 0.2490234375 0.1484375 0.271484375
3 0.28515625 0.2509765625 0.310546875 0.30078125
1 0.7734375 0.123046875 0.208984375 0.2109375
1 0.5966796875 0.294921875 0.115234375 0.12890625
3 0.7734375 0.23046875 0.453125 0.44140625
5 0.3271484375 0.525390625 0.177734375 0.2734375
0 0.2041015625 0.6474609375 0.05859375 0.072265625
0 0.37890625 0.7109375 0.02734375 0.078125
4 0.3056640625 0.900390625 0.146484375 0.140625
4 0.255859375 0.8515625 0.185546875 0.1328125
3 0.2763671875 0.685546875 0.28125 0.609375