5 0.2021484375 0.4580078125 0.32421875 0.4296875
2 0.1328125 0.1572265625 0.15625 0.205078125
3 0.220703125 0.357421875 0.44140625 0.66015625
6 0.3173828125 0.61328125 0.119140625 0.07421875
1 0.7421875 0.0419921875 0.0859375 0.083984375
1 0.3896484375 0.17578125 0.0625 0.14453125
1 0.5625 0.203125 0.08203125 0.1328125
5 0.4306640625 0.37109375 0.099609375 0.27734375
5 0.78515625 0.328125 0.19921875 0.38671875
5 0.7060546875 0.3818359375 0.080078125 0.15625
5 0.4677734375 0.4404296875 0.0546875 0.134765625
5 0.8564453125 0.3828125 0.0859375 0.21484375
5 0.521484375 0.4521484375 0.072265625 0.17578125
5 0.5830078125 0.435546875 0.18359375 0.33203125
5 0.6318359375 0.4326171875 0.087890625 0.208984375
0 0.716796875 0.4990234375 0.04296875 0.103515625
0 0.8583984375 0.4990234375 0.048828125 0.09765625
5 0.9638671875 0.4892578125 0.072265625 0.083984375
3 0.4375 0.3583984375 0.158203125 0.521484375
3 0.5703125 0.3681640625 0.244140625 0.474609375
3 0.7587890625 0.28515625 0.291015625 0.5703125
5 0.458984375 0.80859375 0.11328125 0.3828125
5 0.33203125 0.8134765625 0.27734375 0.373046875
3 0.353515625 0.80859375 0.32421875 0.3828125
5 0.7646484375 0.6572265625 0.1875 0.2109375
5 0.953125 0.6337890625 0.09375 0.228515625
3 0.9462890625 0.720703125 0.107421875 0.40625
3 0.7919921875 0.7568359375 0.32421875 0.431640625