5 0.0576171875 0.33984375 0.115234375 0.3583984375
5 0.205078125 0.2392578125 0.20703125 0.34375
2 0.029296875 0.072265625 0.0576171875 0.14453125
3 0.0615234375 0.298828125 0.123046875 0.59765625
3 0.2548828125 0.298828125 0.337890625 0.59765625
5 0.853515625 0.0322265625 0.220703125 0.064453125
0 0.7587890625 0.095703125 0.0625 0.0458984375
0 0.974609375 0.0849609375 0.05078125 0.0556640625
4 0.955078125 0.236328125 0.0888671875 0.0986328125
4 0.8388671875 0.240234375 0.0791015625 0.10546875
3 0.8466796875 0.1484375 0.306640625 0.296875
0 0.4619140625 0.67578125 0.0869140625 0.0625
0 0.1865234375 0.6787109375 0.0869140625 0.064453125
4 0.2412109375 0.873046875 0.1083984375 0.1513671875
4 0.4072265625 0.8798828125 0.0986328125 0.1416015625
3 0.3232421875 0.7880859375 0.40625 0.3798828125
5 0.7822265625 0.78515625 0.126953125 0.13671875
0 0.6943359375 0.8681640625 0.033203125 0.041015625
0 0.859375 0.876953125 0.052734375 0.04296875
4 0.8447265625 0.9765625 0.103515625 0.046875
4 0.744140625 0.974609375 0.09375 0.05078125
1 0.77734375 0.654296875 0.0986328125 0.0380859375
3 0.7900390625 0.8154296875 0.255859375 0.369140625