5 0.0830078125 0.4365234375 0.166015625 0.177734375
5 0.2509765625 0.384765625 0.216796875 0.2734375
2 0.234375 0.1083984375 0.12109375 0.1796875
2 0.05078125 0.2490234375 0.1015625 0.173828125
3 0.0869140625 0.3427734375 0.173828125 0.365234375
3 0.298828125 0.2666015625 0.35546875 0.51171875
1 0.96484375 0.2001953125 0.0546875 0.09375
1 0.61328125 0.2734375 0.05078125 0.12890625
1 0.7685546875 0.32421875 0.064453125 0.1015625
5 0.6201171875 0.4013671875 0.0546875 0.2109375
5 0.939453125 0.3994140625 0.12109375 0.193359375
5 0.87890625 0.466796875 0.044921875 0.05859375
5 0.7392578125 0.453125 0.126953125 0.099609375
3 0.7421875 0.3857421875 0.1796875 0.236328125
3 0.921875 0.3232421875 0.15625 0.34765625
5 0.2958984375 0.7548828125 0.322265625 0.486328125
5 0.0712890625 0.5732421875 0.08984375 0.1015625
3 0.0693359375 0.705078125 0.1328125 0.365234375
3 0.296875 0.75390625 0.44921875 0.4921875
1 0.9453125 0.5830078125 0.109375 0.185546875
5 0.962890625 0.8759765625 0.07421875 0.216796875
2 0.861328125 0.822265625 0.14453125 0.248046875
3 0.78515625 0.845703125 0.359375 0.30078125
3 0.9423828125 0.7392578125 0.115234375 0.494140625