5 0.3642578125 0.12109375 0.126953125 0.2421875
3 0.3232421875 0.224609375 0.208984375 0.44921875
0 0.244140625 0.0205078125 0.060546875 0.041015625
0 0.39453125 0.046875 0.0673828125 0.0791015625
0 0.640625 0.0888671875 0.1103515625 0.07421875
4 0.6572265625 0.3232421875 0.216796875 0.1630859375
4 0.759765625 0.2607421875 0.228515625 0.126953125
3 0.6826171875 0.224609375 0.509765625 0.44921875
5 0.341796875 0.74609375 0.1728515625 0.30078125
0 0.287109375 0.9482421875 0.115234375 0.0673828125
1 0.3291015625 0.48046875 0.197265625 0.0625
3 0.3017578125 0.724609375 0.251953125 0.55078125
5 0.5322265625 0.81640625 0.208984375 0.2666015625
0 0.6982421875 0.962890625 0.0576171875 0.07421875
1 0.50390625 0.576171875 0.1513671875 0.0791015625
3 0.58984375 0.7685546875 0.32421875 0.462890625