5 0.126953125 0.1416015625 0.25390625 0.283203125
3 0.2265625 0.330078125 0.453125 0.66015625
0 0.830078125 0.470703125 0.115234375 0.125
3 0.7177734375 0.3388671875 0.3193359375 0.677734375
0 0.3173828125 0.6865234375 0.0625 0.0166015625
0 0.08203125 0.6865234375 0.0673828125 0.0166015625
4 0.255859375 0.8427734375 0.091796875 0.126953125
4 0.119140625 0.833984375 0.0791015625 0.1181640625
3 0.1943359375 0.7958984375 0.3505859375 0.2353515625
4 0.76171875 0.84765625 0.095703125 0.1298828125
4 0.615234375 0.84765625 0.095703125 0.126953125
3 0.716796875 0.8037109375 0.3173828125 0.251953125