5 0.607421875 0.0439453125 0.12890625 0.087890625
6 0.6201171875 0.091796875 0.08203125 0.078125
5 0.896484375 0.1513671875 0.20703125 0.166015625
0 0.7890625 0.20703125 0.08203125 0.078125
4 0.921875 0.42578125 0.119140625 0.146484375
4 0.7861328125 0.39453125 0.119140625 0.140625
3 0.83984375 0.287109375 0.3203125 0.45703125
3 0.25 0.6845703125 0.5 0.595703125
5 0.232421875 0.4931640625 0.3828125 0.197265625
0 0.236328125 0.62109375 0.12109375 0.103515625
4 0.271484375 0.8056640625 0.22265625 0.177734375
4 0.16796875 0.84765625 0.267578125 0.2109375
0 0.748046875 0.7734375 0.46484375 0.453125