5 0.12109375 0.2451171875 0.1181640625 0.095703125
5 0.275390625 0.236328125 0.11328125 0.10546875
2 0.234375 0.1201171875 0.07421875 0.0888671875
6 0.1455078125 0.3056640625 0.064453125 0.060546875
6 0.2587890625 0.19140625 0.05078125 0.0478515625
5 0.6591796875 0.064453125 0.267578125 0.12890625
0 0.80859375 0.1630859375 0.064453125 0.0673828125
0 0.5458984375 0.171875 0.07421875 0.0625
4 0.7646484375 0.35546875 0.1103515625 0.134765625
4 0.61328125 0.3583984375 0.09375 0.134765625
3 0.671875 0.2197265625 0.373046875 0.439453125
5 0.283203125 0.611328125 0.26953125 0.166015625
0 0.216796875 0.7587890625 0.1103515625 0.07421875
4 0.345703125 0.9287109375 0.14453125 0.1416015625
4 0.23828125 0.9443359375 0.158203125 0.1103515625
3 0.23046875 0.7646484375 0.375 0.470703125
1 0.783203125 0.7646484375 0.3701171875 0.470703125
4 0.5576171875 0.568359375 0.279296875 0.0791015625
4 0.4619140625 0.8935546875 0.087890625 0.212890625