5 0.03515625 0.228515625 0.0693359375 0.45703125
3 0.1240234375 0.259765625 0.248046875 0.51953125
6 0.216796875 0.494140625 0.10546875 0.05078125
5 0.6357421875 0.169921875 0.2333984375 0.3388671875
5 0.9091796875 0.18359375 0.181640625 0.3671875
3 0.66015625 0.259765625 0.28125 0.51953125
3 0.9072265625 0.259765625 0.185546875 0.51953125
5 0.4443359375 0.8427734375 0.1494140625 0.314453125
2 0.4755859375 0.6142578125 0.083984375 0.15625
3 0.4384765625 0.7666015625 0.1611328125 0.466796875
3 0.166015625 0.759765625 0.1923828125 0.48046875
0 0.830078125 0.55078125 0.09375 0.0625
5 0.8291015625 0.6494140625 0.123046875 0.177734375
5 0.9267578125 0.7041015625 0.146484375 0.3701171875
5 0.947265625 0.845703125 0.10546875 0.3076171875
0 0.880859375 0.970703125 0.0986328125 0.0576171875
3 0.8818359375 0.759765625 0.2353515625 0.48046875