5 0.1513671875 0.314453125 0.302734375 0.0869140625
2 0.072265625 0.134765625 0.14453125 0.26953125
3 0.1787109375 0.1787109375 0.357421875 0.357421875
0 0.5888671875 0.1787109375 0.462890625 0.357421875
5 0.1044921875 0.462890625 0.208984375 0.208984375
0 0.16796875 0.6103515625 0.103515625 0.0693359375
4 0.1337890625 0.8330078125 0.134765625 0.1513671875
4 0.046875 0.7880859375 0.09375 0.1396484375
3 0.1455078125 0.6337890625 0.291015625 0.55078125
0 0.556640625 0.6845703125 0.3984375 0.630859375
0 0.634765625 0.6728515625 0.4326171875 0.6298828125