5 0.193359375 0.2509765625 0.314453125 0.142578125
2 0.1494140625 0.1025390625 0.193359375 0.205078125
3 0.2451171875 0.166015625 0.419921875 0.33203125
0 0.6484375 0.2099609375 0.5234375 0.419921875
5 0.1201171875 0.3876953125 0.240234375 0.244140625
0 0.1533203125 0.544921875 0.115234375 0.087890625
4 0.0791015625 0.7568359375 0.158203125 0.173828125
4 0.029296875 0.6962890625 0.05859375 0.154296875
3 0.1611328125 0.5634765625 0.322265625 0.595703125
0 0.51953125 0.671875 0.51171875 0.65625
0 0.5986328125 0.671875 0.544921875 0.65625