5 0.0341796875 0.2958984375 0.068359375 0.462890625
3 0.126953125 0.3134765625 0.25390625 0.548828125
6 0.21875 0.533203125 0.111328125 0.064453125
5 0.587890625 0.1689453125 0.27734375 0.337890625
5 0.861328125 0.162109375 0.23046875 0.32421875
3 0.625 0.2578125 0.3515625 0.515625
3 0.8701171875 0.2373046875 0.255859375 0.474609375
5 0.4921875 0.8408203125 0.19140625 0.318359375
2 0.4921875 0.6162109375 0.10546875 0.166015625
3 0.4755859375 0.7646484375 0.224609375 0.470703125
3 0.205078125 0.7763671875 0.2578125 0.447265625
0 0.833984375 0.50390625 0.1015625 0.07421875
5 0.8466796875 0.6025390625 0.146484375 0.193359375
5 0.92578125 0.642578125 0.1484375 0.38671875
5 0.958984375 0.7802734375 0.08203125 0.318359375
0 0.9423828125 0.9130859375 0.10546875 0.0703125
3 0.8818359375 0.703125 0.236328125 0.5078125