2 0.0068359375 0.2978515625 0.013671875 0.056640625
2 0.0537109375 0.37109375 0.03125 0.0361328125
2 0.134765625 0.353515625 0.029296875 0.0478515625
2 0.2080078125 0.3798828125 0.0361328125 0.01953125
2 0.2509765625 0.373046875 0.0263671875 0.033203125
2 0.365234375 0.3701171875 0.029296875 0.0380859375
2 0.44140625 0.345703125 0.029296875 0.04296875
2 0.51171875 0.359375 0.029296875 0.04296875
5 0.896484375 0.1103515625 0.20703125 0.220703125
0 0.794921875 0.224609375 0.0458984375 0.0673828125
0 0.9384765625 0.2666015625 0.10546875 0.0673828125
3 0.8759765625 0.1943359375 0.248046875 0.388671875
0 0.1552734375 0.658203125 0.1396484375 0.095703125
3 0.123046875 0.6943359375 0.2451171875 0.6103515625
5 0.6884765625 0.5732421875 0.28125 0.353515625
5 0.9501953125 0.59765625 0.099609375 0.32421875
3 0.9228515625 0.6943359375 0.154296875 0.6103515625
3 0.7119140625 0.6943359375 0.3271484375 0.6103515625