5 0.169921875 0.1953125 0.076171875 0.125
5 0.009765625 0.1982421875 0.01953125 0.119140625
5 0.0595703125 0.173828125 0.078125 0.115234375
5 0.3798828125 0.2099609375 0.052734375 0.103515625
5 0.427734375 0.158203125 0.017578125 0.083984375
2 0.0615234375 0.08203125 0.03515625 0.046875
2 0.1328125 0.087890625 0.033203125 0.044921875
2 0.171875 0.125 0.033203125 0.03515625
2 0.3720703125 0.1376953125 0.025390625 0.033203125
3 0.0234375 0.2529296875 0.046875 0.314453125
3 0.078125 0.2294921875 0.11328125 0.34375
3 0.1806640625 0.2392578125 0.107421875 0.275390625
3 0.3828125 0.220703125 0.076171875 0.208984375
3 0.4306640625 0.1982421875 0.03515625 0.216796875
5 0.705078125 0.2353515625 0.578125 0.470703125
5 0.1005859375 0.818359375 0.1640625 0.26953125
0 0.2041015625 0.9619140625 0.078125 0.0703125
1 0.0380859375 0.583984375 0.072265625 0.0859375
3 0.138671875 0.76171875 0.2734375 0.4765625
5 0.529296875 0.5341796875 0.126953125 0.1484375
3 0.564453125 0.728515625 0.197265625 0.54296875
3 0.685546875 0.5576171875 0.1484375 0.228515625
4 0.5234375 0.9150390625 0.0390625 0.169921875
4 0.5791015625 0.9169921875 0.099609375 0.162109375
4 0.6708984375 0.6142578125 0.060546875 0.123046875
4 0.7236328125 0.5966796875 0.068359375 0.115234375