5 0.05859375 0.4990234375 0.083984375 0.134765625
5 0.615234375 0.56640625 0.064453125 0.1181640625
2 0.0732421875 0.396484375 0.0380859375 0.0556640625
5 0.130859375 0.5556640625 0.04296875 0.115234375
5 0.203125 0.5478515625 0.0625 0.1396484375
5 0.28515625 0.58984375 0.052734375 0.1318359375
5 0.431640625 0.55078125 0.0556640625 0.115234375
5 0.5068359375 0.533203125 0.0673828125 0.1083984375
5 0.822265625 0.603515625 0.04296875 0.0986328125
5 0.892578125 0.556640625 0.0458984375 0.083984375
5 0.9580078125 0.5458984375 0.0361328125 0.0791015625
2 0.1318359375 0.470703125 0.03125 0.04296875
2 0.2119140625 0.44921875 0.029296875 0.0478515625
2 0.2861328125 0.490234375 0.0361328125 0.0478515625
2 0.33984375 0.529296875 0.03125 0.04296875
2 0.3291015625 0.4755859375 0.0263671875 0.0458984375
2 0.443359375 0.46875 0.0263671875 0.04296875
2 0.517578125 0.4423828125 0.03125 0.04296875
2 0.5888671875 0.455078125 0.029296875 0.04296875
2 0.6240234375 0.49609375 0.029296875 0.0361328125
2 0.822265625 0.5302734375 0.021484375 0.03125
2 0.8994140625 0.501953125 0.0244140625 0.029296875
2 0.962890625 0.486328125 0.0244140625 0.0361328125
3 0.0556640625 0.5830078125 0.10546875 0.4228515625
3 0.1318359375 0.6162109375 0.07421875 0.333984375
3 0.20703125 0.60546875 0.0771484375 0.3603515625
3 0.2900390625 0.619140625 0.0791015625 0.3076171875
3 0.341796875 0.638671875 0.0625 0.259765625
3 0.43359375 0.6083984375 0.0791015625 0.310546875
3 0.51953125 0.58984375 0.0791015625 0.3369140625
3 0.62109375 0.6103515625 0.0791015625 0.26953125
3 0.82421875 0.6142578125 0.0556640625 0.2041015625
3 0.89453125 0.59765625 0.052734375 0.216796875
3 0.958984375 0.58203125 0.060546875 0.23046875