5 0.3232421875 0.025390625 0.1513671875 0.05078125
0 0.9521484375 0.0322265625 0.0673828125 0.064453125
0 0.6611328125 0.0625 0.10546875 0.0693359375
4 0.7119140625 0.267578125 0.0986328125 0.1611328125
4 0.8857421875 0.25 0.1513671875 0.1513671875
3 0.76171875 0.1767578125 0.466796875 0.353515625
5 0.255859375 0.751953125 0.2333984375 0.21875
0 0.1318359375 0.8974609375 0.0791015625 0.0576171875
1 0.2802734375 0.5478515625 0.1630859375 0.0693359375
3 0.236328125 0.751953125 0.32421875 0.4951171875
5 0.6728515625 0.802734375 0.14453125 0.375
2 0.6767578125 0.548828125 0.0888671875 0.1630859375
3 0.6494140625 0.7333984375 0.23046875 0.533203125
3 0.45703125 0.7255859375 0.115234375 0.5478515625