5 0.3486328125 0.0224609375 0.154296875 0.044921875
0 0.9697265625 0.0556640625 0.060546875 0.068359375
0 0.68359375 0.0712890625 0.109375 0.07421875
4 0.7236328125 0.279296875 0.107421875 0.166015625
4 0.8984375 0.2705078125 0.158203125 0.158203125
3 0.767578125 0.1904296875 0.46484375 0.376953125
5 0.2431640625 0.7392578125 0.244140625 0.23046875
0 0.111328125 0.8779296875 0.08203125 0.0625
1 0.2783203125 0.5361328125 0.166015625 0.078125
3 0.2236328125 0.73828125 0.349609375 0.51171875
5 0.65625 0.8095703125 0.1640625 0.380859375
2 0.673828125 0.5576171875 0.09765625 0.16796875
3 0.63671875 0.734375 0.2578125 0.53125
3 0.4453125 0.72265625 0.14453125 0.552734375