5 0.537109375 0.0478515625 0.203125 0.095703125
3 0.5224609375 0.0546875 0.232421875 0.109375
3 0.1845703125 0.3154296875 0.27734375 0.197265625
1 0.9638671875 0.1259765625 0.0703125 0.064453125
5 0.626953125 0.18359375 0.1328125 0.328125
5 0.7568359375 0.2001953125 0.181640625 0.3125
5 0.65234375 0.2158203125 0.0546875 0.140625
5 0.9912109375 0.32421875 0.017578125 0.16796875
5 0.6787109375 0.2431640625 0.0703125 0.12890625
5 0.78515625 0.28515625 0.052734375 0.1171875
5 0.83984375 0.318359375 0.1015625 0.1875
5 0.880859375 0.3310546875 0.197265625 0.341796875
5 0.9384765625 0.34765625 0.099609375 0.1953125
3 0.615234375 0.2548828125 0.1796875 0.470703125
3 0.7294921875 0.283203125 0.255859375 0.490234375
3 0.8740234375 0.322265625 0.251953125 0.49609375
3 0.9677734375 0.35546875 0.064453125 0.46875
5 0.2734375 0.4892578125 0.30859375 0.21484375
0 0.3994140625 0.63671875 0.0859375 0.08203125
0 0.12890625 0.5693359375 0.095703125 0.078125
4 0.3017578125 0.8203125 0.142578125 0.16796875
4 0.1455078125 0.78125 0.130859375 0.162109375
3 0.2607421875 0.6455078125 0.490234375 0.54296875
0 0.8759765625 0.6044921875 0.08203125 0.076171875
0 0.6123046875 0.544921875 0.083984375 0.076171875
4 0.78125 0.7861328125 0.140625 0.1640625
4 0.6298828125 0.7529296875 0.123046875 0.158203125
3 0.693359375 0.6865234375 0.455078125 0.412109375