5 0.353515625 0.28515625 0.177734375 0.318359375
2 0.037109375 0.1748046875 0.07421875 0.146484375
2 0.1982421875 0.181640625 0.1328125 0.16796875
2 0.2978515625 0.0791015625 0.103515625 0.111328125
5 0.0810546875 0.4111328125 0.162109375 0.353515625
5 0.2470703125 0.40234375 0.220703125 0.341796875
3 0.1015625 0.3759765625 0.203125 0.576171875
3 0.234375 0.359375 0.271484375 0.541015625
3 0.3564453125 0.30859375 0.232421875 0.583984375
5 0.611328125 0.1728515625 0.45703125 0.345703125
4 0.8232421875 0.478515625 0.23046875 0.099609375
0 0.666015625 0.3701171875 0.126953125 0.095703125
0 0.853515625 0.26171875 0.05859375 0.08984375
3 0.6591796875 0.2880859375 0.591796875 0.576171875
0 0.970703125 0.5048828125 0.05859375 0.064453125
0 0.6953125 0.5693359375 0.09765625 0.080078125
4 0.798828125 0.7490234375 0.11328125 0.15625
4 0.9345703125 0.71484375 0.130859375 0.16796875
3 0.794921875 0.6728515625 0.41015625 0.404296875