5 0.32421875 0.083984375 0.16015625 0.16796875
3 0.279296875 0.1796875 0.296875 0.359375
5 0.7705078125 0.291015625 0.458984375 0.53515625
5 0.20703125 0.63671875 0.1953125 0.2578125
0 0.216796875 0.4599609375 0.072265625 0.107421875
0 0.2900390625 0.5 0.056640625 0.083984375
1 0.244140625 0.412109375 0.10546875 0.091796875
3 0.2060546875 0.630859375 0.412109375 0.63671875
5 0.6181640625 0.53515625 0.244140625 0.216796875
0 0.583984375 0.6748046875 0.119140625 0.095703125
4 0.462890625 0.8642578125 0.126953125 0.16015625
4 0.61328125 0.8388671875 0.19921875 0.162109375
3 0.59765625 0.712890625 0.400390625 0.572265625