5 0.427734375 0.25 0.158203125 0.314453125
2 0.1416015625 0.056640625 0.103515625 0.11328125
2 0.3115234375 0.103515625 0.123046875 0.1640625
2 0.4375 0.044921875 0.09765625 0.08984375
5 0.103515625 0.2783203125 0.197265625 0.345703125
5 0.2900390625 0.328125 0.201171875 0.333984375
3 0.1220703125 0.265625 0.244140625 0.53125
3 0.2900390625 0.2841796875 0.23828125 0.533203125
3 0.421875 0.2822265625 0.1953125 0.564453125
5 0.712890625 0.205078125 0.439453125 0.359375
4 0.8134765625 0.580078125 0.228515625 0.083984375
0 0.6982421875 0.427734375 0.123046875 0.087890625
0 0.91015625 0.3828125 0.052734375 0.087890625
3 0.724609375 0.3115234375 0.55078125 0.623046875
0 0.953125 0.65234375 0.068359375 0.060546875
0 0.6640625 0.6259765625 0.09375 0.07421875
4 0.70703125 0.8291015625 0.103515625 0.150390625
4 0.8623046875 0.84375 0.15234375 0.16015625
3 0.7587890625 0.7666015625 0.458984375 0.37890625