5 0.423828125 0.0400390625 0.189453125 0.0791015625
3 0.4111328125 0.046875 0.216796875 0.09375
3 0.1494140625 0.3974609375 0.25 0.1416015625
1 0.859375 0.025390625 0.060546875 0.05078125
5 0.546875 0.162109375 0.0556640625 0.32421875
5 0.6767578125 0.146484375 0.11328125 0.29296875
5 0.9853515625 0.1611328125 0.029296875 0.322265625
5 0.5791015625 0.1875 0.021484375 0.1396484375
5 0.966796875 0.203125 0.04296875 0.1630859375
5 0.611328125 0.2080078125 0.041015625 0.123046875
5 0.724609375 0.22265625 0.0263671875 0.11328125
5 0.7861328125 0.2412109375 0.060546875 0.177734375
5 0.8291015625 0.244140625 0.123046875 0.322265625
5 0.888671875 0.24609375 0.0556640625 0.1875
3 0.552734375 0.234375 0.0673828125 0.46875
3 0.669921875 0.234375 0.146484375 0.46875
3 0.8330078125 0.234375 0.1708984375 0.46875
3 0.970703125 0.234375 0.0576171875 0.46875
5 0.27734375 0.544921875 0.28125 0.1513671875
0 0.435546875 0.6572265625 0.072265625 0.0673828125
0 0.1572265625 0.6572265625 0.083984375 0.060546875
4 0.384765625 0.8583984375 0.1103515625 0.146484375
4 0.2236328125 0.8583984375 0.0986328125 0.1416015625
3 0.302734375 0.69921875 0.3896484375 0.4619140625
0 0.890625 0.5107421875 0.0693359375 0.060546875
0 0.6201171875 0.5166015625 0.072265625 0.060546875
4 0.841796875 0.7099609375 0.1103515625 0.1416015625
4 0.6875 0.7138671875 0.091796875 0.1396484375
3 0.732421875 0.6337890625 0.38671875 0.3291015625