5 0.4580078125 0.109375 0.103515625 0.21875
3 0.412109375 0.2255859375 0.19140625 0.451171875
1 0.763671875 0.017578125 0.15625 0.03515625
0 0.9404296875 0.326171875 0.119140625 0.23046875
5 0.771484375 0.3740234375 0.384765625 0.3916015625
3 0.7841796875 0.2841796875 0.431640625 0.568359375
5 0.37109375 0.671875 0.2763671875 0.2041015625
0 0.501953125 0.810546875 0.0146484375 0.0673828125
0 0.25390625 0.8115234375 0.083984375 0.060546875
4 0.4677734375 0.96875 0.083984375 0.0625
4 0.318359375 0.9697265625 0.0986328125 0.060546875
3 0.3564453125 0.7841796875 0.306640625 0.431640625
5 0.9365234375 0.748046875 0.126953125 0.35546875
5 0.8134765625 0.75390625 0.373046875 0.3681640625
3 0.7548828125 0.7802734375 0.490234375 0.4208984375
6 0.734375 0.6142578125 0.146484375 0.0888671875
6 0.9609375 0.625 0.078125 0.11328125