5 0.4501953125 0.0390625 0.205078125 0.078125
5 0.216796875 0.0576171875 0.2421875 0.115234375
1 0.369140625 0.271484375 0.060546875 0.060546875
3 0.357421875 0.3447265625 0.16015625 0.22265625
5 0.693359375 0.1904296875 0.326171875 0.330078125
0 0.6904296875 0.376953125 0.12890625 0.087890625
0 0.5234375 0.2978515625 0.068359375 0.083984375
4 0.6337890625 0.546875 0.158203125 0.095703125
4 0.5390625 0.5068359375 0.19921875 0.138671875
3 0.673828125 0.30859375 0.486328125 0.6171875
5 0.025390625 0.50390625 0.05078125 0.140625
5 0.4736328125 0.765625 0.291015625 0.46875