5 0.2197265625 0.357421875 0.439453125 0.44140625
2 0.1357421875 0.150390625 0.255859375 0.244140625
3 0.2255859375 0.294921875 0.451171875 0.5703125
5 0.60546875 0.0927734375 0.30859375 0.185546875
0 0.7724609375 0.18359375 0.08203125 0.072265625
0 0.48828125 0.2216796875 0.08984375 0.076171875
4 0.7431640625 0.396484375 0.12890625 0.1640625
4 0.58203125 0.416015625 0.126953125 0.154296875
3 0.626953125 0.25390625 0.4765625 0.5078125
0 0.376953125 0.76171875 0.26171875 0.4765625
5 0.7255859375 0.728515625 0.548828125 0.54296875