5 0.33984375 0.1572265625 0.123046875 0.1640625
5 0.1572265625 0.1962890625 0.25 0.328125
1 0.40234375 0.451171875 0.05859375 0.05859375
3 0.3916015625 0.4638671875 0.09375 0.087890625
0 0.6806640625 0.248046875 0.623046875 0.49609375
1 0.30859375 0.626953125 0.146484375 0.1171875
5 0.3212890625 0.8349609375 0.248046875 0.30859375
3 0.310546875 0.7705078125 0.3984375 0.458984375
6 0.4794921875 0.9560546875 0.05859375 0.083984375
1 0.71875 0.7705078125 0.046875 0.06640625
0 0.654296875 0.93359375 0.05078125 0.080078125
5 0.7421875 0.91015625 0.083984375 0.12890625