5 0.3994140625 0.3076171875 0.220703125 0.6103515625
5 0.111328125 0.373046875 0.22265625 0.6328125
3 0.380859375 0.3447265625 0.2568359375 0.689453125
3 0.109375 0.3447265625 0.21875 0.689453125
5 0.5634765625 0.5458984375 0.1083984375 0.2880859375
5 0.73046875 0.48828125 0.13671875 0.28125
2 0.90234375 0.08203125 0.083984375 0.146484375
2 0.640625 0.078125 0.0791015625 0.125
2 0.5400390625 0.330078125 0.060546875 0.126953125
2 0.599609375 0.25 0.064453125 0.123046875
2 0.6787109375 0.2080078125 0.0673828125 0.1103515625
2 0.724609375 0.2802734375 0.0673828125 0.1318359375
2 0.7861328125 0.20703125 0.0673828125 0.11328125
3 0.5625 0.478515625 0.10546875 0.4228515625
3 0.9140625 0.34765625 0.171875 0.68359375
3 0.732421875 0.44921875 0.13671875 0.48046875
6 0.98046875 0.48046875 0.0380859375 0.08203125
6 0.7275390625 0.5869140625 0.041015625 0.060546875
6 0.5263671875 0.5556640625 0.033203125 0.0478515625
6 0.556640625 0.533203125 0.0478515625 0.064453125
6 0.7138671875 0.5732421875 0.04296875 0.05078125
5 0.4658203125 0.9296875 0.087890625 0.140625
1 0.486328125 0.7822265625 0.0458984375 0.05078125
3 0.43359375 0.8759765625 0.1513671875 0.248046875
5 0.77734375 0.88671875 0.126953125 0.125
0 0.85546875 0.958984375 0.0166015625 0.0380859375
0 0.708984375 0.9599609375 0.0380859375 0.0361328125
1 0.7802734375 0.787109375 0.07421875 0.0380859375
3 0.77734375 0.8818359375 0.2041015625 0.2353515625