5 0.4814453125 0.22265625 0.169921875 0.396484375
3 0.091796875 0.2060546875 0.173828125 0.390625
3 0.259765625 0.1943359375 0.189453125 0.37890625
3 0.4599609375 0.2109375 0.212890625 0.421875
6 0.1650390625 0.021484375 0.05078125 0.021484375
6 0.3330078125 0.0361328125 0.033203125 0.0625
6 0.533203125 0.12890625 0.05078125 0.068359375
6 0.015625 0.0390625 0.03125 0.046875
5 0.80078125 0.263671875 0.296875 0.275390625
1 0.7724609375 0.0322265625 0.177734375 0.064453125
3 0.78515625 0.20703125 0.421875 0.4140625
5 0.3837890625 0.6865234375 0.275390625 0.25
0 0.537109375 0.8330078125 0.06640625 0.0703125
0 0.2734375 0.8505859375 0.076171875 0.0625
4 0.49609375 0.978515625 0.109375 0.04296875
4 0.3447265625 0.982421875 0.095703125 0.03515625
1 0.3603515625 0.4619140625 0.16015625 0.080078125
3 0.392578125 0.7099609375 0.38671875 0.580078125
5 0.7861328125 0.7978515625 0.427734375 0.396484375
2 0.7529296875 0.5732421875 0.208984375 0.333984375
2 0.5927734375 0.7763671875 0.03125 0.14453125
3 0.7822265625 0.69921875 0.435546875 0.59765625