5 0.44140625 0.21484375 0.189453125 0.3291015625
3 0.4306640625 0.189453125 0.275390625 0.37890625
2 0.4287109375 0.03125 0.103515625 0.0625
6 0.3896484375 0.255859375 0.072265625 0.125
6 0.5478515625 0.228515625 0.04296875 0.1103515625
5 0.7939453125 0.0693359375 0.271484375 0.138671875
0 0.59765625 0.279296875 0.0556640625 0.091796875
0 0.9697265625 0.287109375 0.060546875 0.083984375
3 0.7841796875 0.189453125 0.431640625 0.37890625
1 0.0615234375 0.4462890625 0.0869140625 0.09375
0 0.013671875 0.513671875 0.0263671875 0.11328125
0 0.142578125 0.5087890625 0.07421875 0.10546875
5 0.0869140625 0.6572265625 0.1611328125 0.23046875
3 0.1083984375 0.705078125 0.216796875 0.5888671875
0 0.734375 0.4208984375 0.0693359375 0.08203125
0 0.8544921875 0.4169921875 0.0458984375 0.07421875
5 0.7607421875 0.49609375 0.146484375 0.2333984375
4 0.6962890625 0.96875 0.07421875 0.0625
4 0.802734375 0.951171875 0.10546875 0.083984375
3 0.7548828125 0.689453125 0.259765625 0.6201171875