5 0.3251953125 0.14453125 0.19921875 0.283203125
3 0.3125 0.1708984375 0.28125 0.337890625
6 0.2705078125 0.0654296875 0.076171875 0.1171875
6 0.42578125 0.04296875 0.0390625 0.083984375
5 0.8876953125 0.0615234375 0.197265625 0.123046875
0 0.7724609375 0.181640625 0.11328125 0.0859375
3 0.837890625 0.1611328125 0.3125 0.322265625
5 0.25 0.6455078125 0.2421875 0.216796875
0 0.12890625 0.7890625 0.08203125 0.060546875
0 0.3994140625 0.76953125 0.05078125 0.06640625
4 0.326171875 0.94921875 0.12109375 0.1015625
4 0.1708984375 0.9287109375 0.072265625 0.111328125
1 0.2646484375 0.4501953125 0.138671875 0.064453125
3 0.25 0.7041015625 0.3828125 0.591796875
5 0.6416015625 0.5791015625 0.279296875 0.216796875
4 0.9853515625 0.6162109375 0.029296875 0.099609375
3 0.7265625 0.5380859375 0.546875 0.345703125
6 0.7802734375 0.42578125 0.06640625 0.05078125