5 0.3837890625 0.2568359375 0.13671875 0.203125
2 0.40234375 0.1396484375 0.0859375 0.083984375
3 0.29296875 0.3974609375 0.412109375 0.646484375
6 0.4501953125 0.3076171875 0.0390625 0.046875
1 0.76953125 0.2744140625 0.04296875 0.05078125
1 0.8212890625 0.46484375 0.046875 0.046875
5 0.7412109375 0.3603515625 0.080078125 0.146484375
5 0.798828125 0.5400390625 0.056640625 0.11328125
3 0.74609375 0.3984375 0.140625 0.306640625
3 0.806640625 0.58984375 0.11328125 0.3046875
6 0.8466796875 0.5361328125 0.0234375 0.02734375
5 0.2587890625 0.9482421875 0.212890625 0.08203125
1 0.265625 0.806640625 0.19921875 0.091796875
3 0.248046875 0.873046875 0.373046875 0.2421875
1 0.9150390625 0.9306640625 0.107421875 0.138671875
3 0.859375 0.92578125 0.21875 0.1484375