5 0.220703125 0.337890625 0.44140625 0.3515625
2 0.1435546875 0.1513671875 0.287109375 0.220703125
3 0.2724609375 0.2568359375 0.544921875 0.513671875
3 0.4375 0.6904296875 0.447265625 0.58984375
5 0.4033203125 0.56640625 0.28125 0.265625
0 0.40234375 0.72265625 0.099609375 0.078125
0 0.556640625 0.6474609375 0.060546875 0.076171875
4 0.4560546875 0.8837890625 0.17578125 0.166015625
4 0.5595703125 0.830078125 0.19140625 0.14453125
5 0.7626953125 0.6181640625 0.3515625 0.5625
3 0.79296875 0.640625 0.4140625 0.65234375
6 0.8583984375 0.6337890625 0.1171875 0.12109375