5 0.2197265625 0.3427734375 0.439453125 0.357421875
2 0.140625 0.1572265625 0.28125 0.224609375
3 0.2724609375 0.26171875 0.544921875 0.5234375
3 0.4404296875 0.69140625 0.455078125 0.59375
5 0.404296875 0.568359375 0.283203125 0.26953125
0 0.40625 0.7236328125 0.099609375 0.078125
0 0.55859375 0.646484375 0.0625 0.076171875
4 0.462890625 0.884765625 0.177734375 0.16796875
4 0.564453125 0.8291015625 0.193359375 0.146484375
5 0.7646484375 0.61328125 0.359375 0.564453125
3 0.7919921875 0.634765625 0.416015625 0.65625
6 0.861328125 0.626953125 0.119140625 0.123046875