5 0.326171875 0.220703125 0.265625 0.44140625
3 0.28125 0.2548828125 0.35546875 0.509765625
5 0.9296875 0.150390625 0.140625 0.25
0 0.96484375 0.3271484375 0.0693359375 0.072265625
0 0.8818359375 0.3056640625 0.0576171875 0.052734375
4 0.908203125 0.4951171875 0.1826171875 0.029296875
3 0.900390625 0.2548828125 0.19921875 0.509765625
0 0.3125 0.6318359375 0.0458984375 0.0673828125
4 0.3369140625 0.8427734375 0.1923828125 0.126953125
4 0.4306640625 0.873046875 0.0576171875 0.1298828125
3 0.33984375 0.7275390625 0.23828125 0.435546875
5 0.7978515625 0.8720703125 0.404296875 0.255859375
2 0.837890625 0.564453125 0.17578125 0.1103515625
3 0.783203125 0.7548828125 0.4326171875 0.490234375