5 0.2890625 0.248046875 0.32421875 0.474609375
3 0.2490234375 0.2880859375 0.423828125 0.5546875
5 0.8759765625 0.11328125 0.173828125 0.2265625
0 0.9365234375 0.263671875 0.078125 0.08203125
0 0.8505859375 0.2548828125 0.064453125 0.060546875
4 0.9033203125 0.4384765625 0.185546875 0.0546875
3 0.8623046875 0.2333984375 0.267578125 0.466796875
0 0.3330078125 0.65625 0.0546875 0.072265625
4 0.3857421875 0.8623046875 0.208984375 0.15234375
4 0.4833984375 0.87890625 0.07421875 0.13671875
3 0.373046875 0.748046875 0.296875 0.46484375
5 0.814453125 0.8271484375 0.37109375 0.310546875
2 0.84375 0.5166015625 0.189453125 0.1328125
3 0.7841796875 0.7119140625 0.431640625 0.544921875