5 0.4375 0.060546875 0.02734375 0.1171875
5 0.2353515625 0.10546875 0.078125 0.140625
5 0.3271484375 0.1728515625 0.1015625 0.193359375
2 0.2392578125 0.0234375 0.04296875 0.017578125
2 0.318359375 0.048828125 0.068359375 0.078125
3 0.244140625 0.1767578125 0.095703125 0.32421875
3 0.3349609375 0.1943359375 0.1328125 0.373046875
3 0.4423828125 0.14453125 0.041015625 0.283203125
5 0.8447265625 0.1064453125 0.271484375 0.212890625
0 0.724609375 0.21875 0.05078125 0.0703125
0 0.8837890625 0.2470703125 0.109375 0.076171875
3 0.8212890625 0.1767578125 0.337890625 0.353515625
5 0.2001953125 0.8662109375 0.365234375 0.267578125
1 0.1552734375 0.587890625 0.16796875 0.16015625
0 0.2353515625 0.98828125 0.091796875 0.0234375
3 0.2001953125 0.740234375 0.400390625 0.51953125
5 0.9287109375 0.4326171875 0.142578125 0.201171875
0 0.86328125 0.568359375 0.068359375 0.0625
4 0.927734375 0.7060546875 0.076171875 0.115234375
3 0.8955078125 0.5849609375 0.208984375 0.505859375