5 0.103515625 0.0927734375 0.134765625 0.185546875
3 0.15234375 0.169921875 0.248046875 0.3388671875
5 0.5224609375 0.0830078125 0.189453125 0.166015625
5 0.8017578125 0.09765625 0.2333984375 0.1943359375
3 0.546875 0.169921875 0.23828125 0.3388671875
3 0.810546875 0.169921875 0.259765625 0.3388671875
0 0.1259765625 0.416015625 0.251953125 0.154296875
4 0.2412109375 0.666015625 0.373046875 0.654296875
5 0.7763671875 0.51171875 0.3583984375 0.3173828125
0 0.7958984375 0.7353515625 0.095703125 0.07421875
4 0.8994140625 0.9052734375 0.197265625 0.1298828125
4 0.8037109375 0.943359375 0.2138671875 0.11328125
3 0.7734375 0.6689453125 0.453125 0.662109375