5 0.384765625 0.048828125 0.109375 0.09765625
5 0.2333984375 0.083984375 0.158203125 0.10546875
1 0.173828125 0.0205078125 0.07421875 0.041015625
3 0.0537109375 0.1435546875 0.107421875 0.287109375
3 0.2392578125 0.103515625 0.208984375 0.20703125
3 0.3505859375 0.1455078125 0.177734375 0.291015625
6 0.328125 0.0771484375 0.04296875 0.0380859375
1 0.806640625 0.408203125 0.0380859375 0.0625
5 0.66015625 0.716796875 0.32421875 0.375
3 0.68359375 0.7646484375 0.48828125 0.470703125
6 0.7919921875 0.6787109375 0.10546875 0.10546875