5 0.7880859375 0.4150390625 0.177734375 0.220703125
5 0.25 0.44140625 0.2138671875 0.185546875
5 0.6005859375 0.509765625 0.158203125 0.10546875
1 0.76953125 0.2392578125 0.1103515625 0.0576171875
1 0.42578125 0.361328125 0.091796875 0.0888671875
2 0.314453125 0.2041015625 0.064453125 0.0693359375
1 0.54296875 0.43359375 0.07421875 0.0693359375
3 0.296875 0.515625 0.3583984375 0.3994140625
3 0.6083984375 0.5146484375 0.208984375 0.23828125
3 0.75390625 0.4638671875 0.2451171875 0.5068359375
4 0.1630859375 0.6767578125 0.083984375 0.07421875
4 0.29296875 0.6884765625 0.1103515625 0.04296875
6 0.2822265625 0.6005859375 0.041015625 0.0556640625
6 0.3427734375 0.55078125 0.0380859375 0.0458984375
6 0.6962890625 0.501953125 0.04296875 0.0380859375