5 0.353515625 0.2607421875 0.275390625 0.146484375
5 0.1025390625 0.2138671875 0.1484375 0.1484375
2 0.1337890625 0.087890625 0.1015625 0.109375
2 0.400390625 0.1298828125 0.1015625 0.111328125
3 0.1328125 0.16015625 0.2109375 0.26953125
3 0.375 0.1943359375 0.36328125 0.291015625
0 0.7685546875 0.1171875 0.068359375 0.060546875
4 0.6787109375 0.287109375 0.10546875 0.138671875
3 0.69921875 0.1875 0.2578125 0.353515625
5 0.14453125 0.7080078125 0.2890625 0.513671875
2 0.1376953125 0.4111328125 0.12109375 0.208984375
3 0.166015625 0.6328125 0.33203125 0.671875
5 0.8720703125 0.6767578125 0.255859375 0.466796875
3 0.8251953125 0.685546875 0.349609375 0.62890625