2 0.107421875 0.513671875 0.091796875 0.0703125
2 0.376953125 0.5380859375 0.09375 0.068359375
2 0.654296875 0.5771484375 0.138671875 0.04296875
5 0.95703125 0.16796875 0.0859375 0.140625
3 0.9560546875 0.146484375 0.087890625 0.22265625
5 0.3759765625 0.9228515625 0.173828125 0.150390625
5 0.1884765625 0.912109375 0.22265625 0.142578125
2 0.2607421875 0.7353515625 0.142578125 0.228515625
2 0.3974609375 0.767578125 0.109375 0.24609375
2 0.6083984375 0.865234375 0.125 0.25390625
3 0.2763671875 0.8046875 0.40234375 0.384765625
3 0.41015625 0.8154296875 0.3046875 0.369140625
3 0.59375 0.8623046875 0.32421875 0.275390625