5 0.435546875 0.7529296875 0.23828125 0.494140625
5 0.6328125 0.7783203125 0.23828125 0.40234375
5 0.7333984375 0.4189453125 0.25 0.46484375
2 0.390625 0.4306640625 0.173828125 0.32421875
2 0.5986328125 0.462890625 0.1640625 0.30078125
2 0.7041015625 0.126953125 0.150390625 0.2265625
3 0.4345703125 0.6328125 0.341796875 0.734375
3 0.6328125 0.6474609375 0.279296875 0.681640625
3 0.7890625 0.4892578125 0.41015625 0.978515625
6 0.5966796875 0.9365234375 0.087890625 0.1171875
6 0.9189453125 0.5341796875 0.0625 0.05859375