1 0.27734375 0.2138671875 0.287109375 0.416015625
3 0.2607421875 0.216796875 0.3203125 0.419921875
5 0.744140625 0.2119140625 0.3046875 0.30078125
0 0.611328125 0.3759765625 0.076171875 0.056640625
0 0.888671875 0.36328125 0.095703125 0.04296875
3 0.765625 0.201171875 0.453125 0.40234375
1 0.046875 0.6708984375 0.078125 0.09765625
3 0.111328125 0.80859375 0.20703125 0.3828125
5 0.634765625 0.478515625 0.306640625 0.177734375
0 0.8076171875 0.5712890625 0.076171875 0.068359375
0 0.52734375 0.6064453125 0.0859375 0.0703125
4 0.603515625 0.8037109375 0.099609375 0.162109375
4 0.7646484375 0.7861328125 0.125 0.15625
3 0.6572265625 0.6357421875 0.470703125 0.505859375