5 0.130859375 0.3681640625 0.1806640625 0.1826171875
2 0.125 0.189453125 0.13671875 0.310546875
2 0.314453125 0.24609375 0.10546875 0.2861328125
3 0.14453125 0.25 0.2548828125 0.41796875
3 0.3037109375 0.28125 0.126953125 0.35546875
1 0.931640625 0.0576171875 0.13671875 0.115234375
5 0.5673828125 0.1630859375 0.072265625 0.154296875
1 0.505859375 0.1787109375 0.0625 0.0693359375
5 0.50390625 0.3583984375 0.11328125 0.2021484375
5 0.912109375 0.337890625 0.17578125 0.2431640625
3 0.5244140625 0.26953125 0.1728515625 0.3798828125
3 0.9072265625 0.2294921875 0.185546875 0.458984375
0 0.193359375 0.80078125 0.115234375 0.125
3 0.1201171875 0.7294921875 0.240234375 0.541015625
0 0.9345703125 0.7529296875 0.130859375 0.494140625