5 0.435546875 0.2705078125 0.125 0.279296875
5 0.2646484375 0.1943359375 0.0869140625 0.2431640625
5 0.103515625 0.23828125 0.15625 0.3994140625
3 0.0869140625 0.2197265625 0.1728515625 0.439453125
3 0.287109375 0.2197265625 0.146484375 0.439453125
3 0.453125 0.2197265625 0.166015625 0.439453125
6 0.14453125 0.1728515625 0.052734375 0.0673828125
6 0.27734375 0.2431640625 0.0625 0.0791015625
6 0.4697265625 0.28125 0.060546875 0.0556640625
1 0.412109375 0.037109375 0.07421875 0.0693359375
6 0.4580078125 0.234375 0.05078125 0.0556640625
0 0.5927734375 0.0205078125 0.0791015625 0.041015625
0 0.88671875 0.0146484375 0.04296875 0.029296875
4 0.7568359375 0.189453125 0.1201171875 0.126953125
4 0.59765625 0.169921875 0.083984375 0.10546875
3 0.7451171875 0.134765625 0.39453125 0.26953125
0 0.53125 0.875 0.033203125 0.20703125
3 0.482421875 0.7197265625 0.1318359375 0.560546875
5 0.6787109375 0.513671875 0.26171875 0.146484375
0 0.716796875 0.6298828125 0.1181640625 0.0625
0 0.5537109375 0.58984375 0.01171875 0.07421875
4 0.69921875 0.8505859375 0.146484375 0.146484375
4 0.6181640625 0.802734375 0.1396484375 0.125
3 0.708984375 0.6923828125 0.322265625 0.5048828125