5 0.3671875 0.2919921875 0.162109375 0.234375
5 0.208984375 0.21875 0.1328125 0.255859375
5 0.08984375 0.1904296875 0.1328125 0.31640625
3 0.0986328125 0.173828125 0.150390625 0.34765625
3 0.2431640625 0.19140625 0.224609375 0.3828125
3 0.400390625 0.2255859375 0.23046875 0.380859375
6 0.095703125 0.173828125 0.064453125 0.076171875
6 0.212890625 0.2685546875 0.076171875 0.08984375
6 0.39453125 0.341796875 0.06640625 0.06640625
1 0.384765625 0.091796875 0.0859375 0.08203125
6 0.3916015625 0.2939453125 0.060546875 0.064453125
5 0.8681640625 0.2763671875 0.263671875 0.345703125
0 0.7802734375 0.4541015625 0.119140625 0.072265625
3 0.8056640625 0.275390625 0.388671875 0.49609375
5 0.041015625 0.5439453125 0.08203125 0.416015625
5 0.2744140625 0.6796875 0.259765625 0.4296875
2 0.30078125 0.44921875 0.119140625 0.13671875
3 0.2412109375 0.6640625 0.482421875 0.640625
0 0.75 0.58984375 0.5 0.30859375
0 0.650390625 0.736328125 0.4375 0.52734375