5 0.2548828125 0.2099609375 0.12109375 0.197265625
0 0.3779296875 0.15234375 0.166015625 0.296875
0 0.58984375 0.1435546875 0.20703125 0.287109375
0 0.9267578125 0.1298828125 0.111328125 0.259765625
5 0.03515625 0.73828125 0.060546875 0.3125
3 0.0400390625 0.6591796875 0.080078125 0.681640625
5 0.7392578125 0.544921875 0.30859375 0.287109375
0 0.900390625 0.6962890625 0.07421875 0.07421875
0 0.623046875 0.720703125 0.087890625 0.072265625
4 0.8642578125 0.90234375 0.11328125 0.154296875
4 0.69921875 0.9140625 0.099609375 0.15234375
1 0.7021484375 0.3115234375 0.1796875 0.0859375
3 0.748046875 0.626953125 0.501953125 0.7421875