5 0.275390625 0.193359375 0.1083984375 0.189453125
0 0.40234375 0.14453125 0.146484375 0.2880859375
0 0.615234375 0.14453125 0.1875 0.2880859375
0 0.9541015625 0.14453125 0.091796875 0.2880859375
5 0.01953125 0.705078125 0.0380859375 0.310546875
3 0.0224609375 0.6435546875 0.044921875 0.712890625
5 0.7353515625 0.5615234375 0.291015625 0.2666015625
0 0.8857421875 0.7236328125 0.0693359375 0.0693359375
0 0.607421875 0.728515625 0.083984375 0.0673828125
4 0.8349609375 0.9267578125 0.103515625 0.146484375
4 0.669921875 0.9267578125 0.0888671875 0.146484375
1 0.71484375 0.326171875 0.17578125 0.07421875
3 0.73828125 0.6435546875 0.453125 0.712890625