5 0.3642578125 0.26171875 0.126953125 0.2119140625
5 0.111328125 0.19140625 0.1513671875 0.3076171875
5 0.5263671875 0.29296875 0.10546875 0.1494140625
5 0.25 0.2236328125 0.08203125 0.2236328125
2 0.1435546875 0.02734375 0.068359375 0.0546875
2 0.23828125 0.052734375 0.0625 0.10546875
2 0.3837890625 0.0849609375 0.064453125 0.1181640625
2 0.4365234375 0.09765625 0.060546875 0.091796875
2 0.4853515625 0.1572265625 0.072265625 0.115234375
3 0.11328125 0.18359375 0.22265625 0.3671875
3 0.248046875 0.18359375 0.1171875 0.3671875
3 0.369140625 0.197265625 0.15625 0.341796875
3 0.55859375 0.232421875 0.2236328125 0.271484375
3 0.7841796875 0.18359375 0.130859375 0.3671875
1 0.263671875 0.455078125 0.21875 0.17578125
5 0.267578125 0.865234375 0.40625 0.26953125
5 0.0166015625 0.8857421875 0.033203125 0.228515625
3 0.267578125 0.6826171875 0.53515625 0.630859375
3 0.0322265625 0.8203125 0.064453125 0.359375
1 0.01953125 0.6982421875 0.0380859375 0.0888671875
3 0.859375 0.68359375 0.28125 0.6318359375