5 0.078125 0.208984375 0.15625 0.23046875
5 0.244140625 0.2333984375 0.171875 0.275390625
2 0.162109375 0.0966796875 0.080078125 0.056640625
3 0.06640625 0.4013671875 0.1328125 0.548828125
3 0.134765625 0.373046875 0.26953125 0.5703125
3 0.302734375 0.322265625 0.365234375 0.587890625
0 0.66796875 0.0283203125 0.0859375 0.056640625
0 0.431640625 0.0869140625 0.037109375 0.0703125
4 0.6767578125 0.2275390625 0.142578125 0.1796875
4 0.517578125 0.271484375 0.123046875 0.16796875
3 0.6123046875 0.185546875 0.427734375 0.37109375
0 0.38671875 0.6064453125 0.083984375 0.064453125
4 0.501953125 0.759765625 0.126953125 0.15625
3 0.4765625 0.7041015625 0.3046875 0.337890625
5 0.8408203125 0.7919921875 0.318359375 0.314453125
1 0.8330078125 0.55078125 0.255859375 0.15234375
3 0.7939453125 0.7080078125 0.412109375 0.509765625