5 0.5654296875 0.3876953125 0.150390625 0.236328125
5 0.3056640625 0.337890625 0.18359375 0.322265625
5 0.734375 0.451171875 0.130859375 0.265625
5 0.4462890625 0.35546875 0.10546875 0.228515625
2 0.31640625 0.1337890625 0.08203125 0.140625
2 0.416015625 0.1845703125 0.07421875 0.119140625
2 0.564453125 0.2041015625 0.076171875 0.125
2 0.6181640625 0.2109375 0.0703125 0.09765625
2 0.673828125 0.265625 0.083984375 0.123046875
3 0.3291015625 0.529296875 0.322265625 0.94140625
3 0.4580078125 0.486328125 0.193359375 0.734375
3 0.5830078125 0.501953125 0.23046875 0.724609375
3 0.775390625 0.5322265625 0.29296875 0.693359375