5 0.2353515625 0.3955078125 0.1630859375 0.32421875
5 0.0771484375 0.4013671875 0.154296875 0.3125
5 0.46875 0.46875 0.158203125 0.177734375
2 0.1044921875 0.125 0.123046875 0.21875
2 0.2431640625 0.1455078125 0.0888671875 0.240234375
2 0.4619140625 0.224609375 0.103515625 0.2451171875
3 0.15625 0.287109375 0.3125 0.541015625
3 0.26171875 0.2900390625 0.2744140625 0.5361328125
3 0.4228515625 0.328125 0.25 0.458984375
5 0.8935546875 0.1513671875 0.212890625 0.302734375
0 0.955078125 0.3701171875 0.0888671875 0.0771484375
3 0.8896484375 0.279296875 0.220703125 0.5576171875
5 0.4072265625 0.7763671875 0.28125 0.29296875
0 0.31640625 0.970703125 0.1083984375 0.0576171875
3 0.357421875 0.7783203125 0.37890625 0.443359375
3 0.7548828125 0.71875 0.259765625 0.322265625