5 0.224609375 0.357421875 0.44921875 0.623046875
5 0.728515625 0.26171875 0.2763671875 0.29296875
0 0.880859375 0.4169921875 0.04296875 0.07421875
0 0.634765625 0.4677734375 0.1103515625 0.0693359375
4 0.66015625 0.6337890625 0.15625 0.0693359375
4 0.8115234375 0.6181640625 0.1943359375 0.1005859375
1 0.6728515625 0.015625 0.2255859375 0.03125
3 0.701171875 0.333984375 0.48828125 0.66796875
4 0.38671875 0.775390625 0.0791015625 0.1201171875
3 0.361328125 0.7666015625 0.17578125 0.197265625
0 0.724609375 0.833984375 0.55078125 0.33203125