5 0.2607421875 0.1806640625 0.228515625 0.30078125
2 0.0986328125 0.154296875 0.166015625 0.173828125
3 0.1357421875 0.30078125 0.271484375 0.48046875
3 0.2861328125 0.2021484375 0.33984375 0.375
5 0.671875 0.0205078125 0.296875 0.041015625
0 0.841796875 0.013671875 0.07421875 0.02734375
0 0.58203125 0.0849609375 0.123046875 0.091796875
4 0.8310546875 0.21484375 0.193359375 0.181640625
4 0.6748046875 0.27734375 0.15234375 0.1796875
3 0.6943359375 0.1953125 0.537109375 0.390625
1 0.083984375 0.5927734375 0.16796875 0.166015625
0 0.5625 0.8798828125 0.119140625 0.171875
5 0.181640625 0.8251953125 0.30078125 0.349609375
3 0.3154296875 0.712890625 0.630859375 0.57421875
1 0.626953125 0.421875 0.0625 0.05859375
5 0.66796875 0.6064453125 0.15625 0.2734375
3 0.6875 0.6767578125 0.267578125 0.58984375