5 0.1650390625 0.2509765625 0.3291015625 0.4541015625
3 0.1650390625 0.2392578125 0.3291015625 0.478515625
5 0.505859375 0.3134765625 0.302734375 0.279296875
0 0.4638671875 0.271484375 0.126953125 0.060546875
0 0.5556640625 0.30859375 0.1103515625 0.0478515625
1 0.49609375 0.0615234375 0.197265625 0.1083984375
3 0.52734375 0.240234375 0.396484375 0.4755859375
0 0.05859375 0.5927734375 0.0576171875 0.0771484375
4 0.037109375 0.8125 0.07421875 0.1494140625
3 0.0615234375 0.71484375 0.123046875 0.4736328125
5 0.77734375 0.533203125 0.126953125 0.1103515625
5 0.525390625 0.515625 0.1513671875 0.07421875
5 0.939453125 0.58203125 0.10546875 0.20703125
5 0.6630859375 0.5107421875 0.08203125 0.064453125
3 0.52734375 0.7392578125 0.2236328125 0.521484375
3 0.662109375 0.7021484375 0.1181640625 0.447265625
3 0.7822265625 0.712890625 0.15625 0.46875
3 0.9296875 0.7275390625 0.140625 0.498046875