5 0.2744140625 0.384765625 0.443359375 0.34375
2 0.2841796875 0.0908203125 0.177734375 0.181640625
3 0.296875 0.279296875 0.53125 0.55859375
5 0.6455078125 0.0654296875 0.1796875 0.125
0 0.6005859375 0.16015625 0.09765625 0.068359375
4 0.6083984375 0.3818359375 0.150390625 0.1484375
4 0.5654296875 0.3232421875 0.056640625 0.12890625
3 0.65234375 0.2353515625 0.244140625 0.46484375
0 0.2978515625 0.5810546875 0.115234375 0.076171875
4 0.3134765625 0.798828125 0.158203125 0.181640625
4 0.4443359375 0.7646484375 0.142578125 0.16015625
3 0.3173828125 0.7158203125 0.4140625 0.365234375
1 0.603515625 0.845703125 0.169921875 0.173828125
3 0.693359375 0.8662109375 0.40234375 0.267578125