5 0.486328125 0.064453125 0.12109375 0.12890625
5 0.34375 0.0625 0.12109375 0.125
3 0.3408203125 0.142578125 0.169921875 0.28515625
3 0.4677734375 0.1494140625 0.169921875 0.298828125
6 0.5283203125 0.18359375 0.015625 0.052734375
6 0.28515625 0.107421875 0.0390625 0.0703125
6 0.4091796875 0.1533203125 0.04296875 0.06640625
0 0.7763671875 0.0712890625 0.037109375 0.0390625
0 0.916015625 0.0869140625 0.064453125 0.048828125
4 0.798828125 0.2080078125 0.087890625 0.095703125
4 0.8837890625 0.19921875 0.064453125 0.078125
3 0.853515625 0.1494140625 0.248046875 0.25
5 0.216796875 0.3740234375 0.349609375 0.24609375
3 0.4287109375 0.6396484375 0.185546875 0.705078125
3 0.21875 0.6142578125 0.4375 0.736328125
5 0.783203125 0.4423828125 0.294921875 0.2578125
0 0.6337890625 0.5615234375 0.06640625 0.07421875
0 0.8720703125 0.615234375 0.10546875 0.080078125
4 0.8115234375 0.822265625 0.130859375 0.162109375
4 0.67578125 0.7744140625 0.169921875 0.146484375
3 0.7802734375 0.611328125 0.439453125 0.60546875