5 0.453125 0.3681640625 0.16796875 0.365234375
1 0.1611328125 0.1015625 0.166015625 0.09765625
5 0.2607421875 0.359375 0.23828125 0.326171875
2 0.365234375 0.1240234375 0.181640625 0.23046875
2 0.0908203125 0.30078125 0.181640625 0.26953125
3 0.130859375 0.408203125 0.26171875 0.5
3 0.263671875 0.3037109375 0.38671875 0.5546875
3 0.4033203125 0.2861328125 0.267578125 0.556640625
5 0.619140625 0.22265625 0.375 0.3828125
0 0.6806640625 0.4404296875 0.119140625 0.099609375
3 0.65625 0.265625 0.5 0.53125
5 0.1865234375 0.708984375 0.326171875 0.2421875
0 0.36328125 0.791015625 0.09765625 0.0859375
0 0.1064453125 0.86328125 0.07421875 0.080078125
4 0.197265625 0.98046875 0.1328125 0.0390625
4 0.3505859375 0.9609375 0.142578125 0.078125
3 0.251953125 0.78515625 0.45703125 0.4296875
5 0.7958984375 0.5849609375 0.33984375 0.294921875
0 0.974609375 0.6845703125 0.05078125 0.083984375
0 0.7216796875 0.765625 0.11328125 0.0859375
4 0.9443359375 0.865234375 0.111328125 0.09765625
4 0.80078125 0.9091796875 0.1015625 0.080078125
3 0.775390625 0.6943359375 0.44921875 0.560546875