5 0.3388671875 0.134765625 0.1728515625 0.26953125
2 0.1865234375 0.0732421875 0.13671875 0.146484375
3 0.1416015625 0.2138671875 0.283203125 0.427734375
3 0.3583984375 0.1611328125 0.2744140625 0.322265625
5 0.78515625 0.0302734375 0.291015625 0.060546875
0 0.94921875 0.0771484375 0.060546875 0.0693359375
0 0.6728515625 0.1142578125 0.1103515625 0.0693359375
4 0.88671875 0.296875 0.1630859375 0.1494140625
4 0.720703125 0.322265625 0.1201171875 0.15625
3 0.7705078125 0.1982421875 0.458984375 0.396484375
1 0.072265625 0.49609375 0.14453125 0.13671875
0 0.4755859375 0.8837890625 0.0869140625 0.15625
0 0.076171875 0.9638671875 0.1513671875 0.072265625
5 0.1064453125 0.7939453125 0.212890625 0.412109375
3 0.259765625 0.7138671875 0.51953125 0.572265625
1 0.6416015625 0.4521484375 0.052734375 0.0478515625
5 0.6396484375 0.6416015625 0.1005859375 0.2568359375
3 0.642578125 0.7138671875 0.1416015625 0.572265625