5 0.4921875 0.31640625 0.125 0.228515625
5 0.3857421875 0.25 0.130859375 0.21484375
5 0.263671875 0.2265625 0.11328125 0.193359375
5 0.0205078125 0.33203125 0.041015625 0.234375
5 0.091796875 0.259765625 0.169921875 0.232421875
3 0.501953125 0.3564453125 0.146484375 0.43359375
3 0.3896484375 0.3212890625 0.1875 0.533203125
3 0.255859375 0.322265625 0.205078125 0.591796875
3 0.0986328125 0.3642578125 0.197265625 0.560546875
3 0.0234375 0.3955078125 0.046875 0.505859375
2 0.0439453125 0.1396484375 0.087890625 0.107421875
2 0.216796875 0.0810546875 0.0859375 0.1015625
2 0.359375 0.1044921875 0.078125 0.087890625
2 0.4541015625 0.1865234375 0.056640625 0.076171875
2 0.50390625 0.0400390625 0.03125 0.080078125
6 0.5166015625 0.3662109375 0.0390625 0.04296875
6 0.3173828125 0.322265625 0.052734375 0.08203125
6 0.1875 0.3330078125 0.046875 0.064453125
6 0.1171875 0.28125 0.072265625 0.052734375
0 0.5986328125 0.27734375 0.111328125 0.109375
3 0.73828125 0.283203125 0.4609375 0.56640625
0 0.4619140625 0.603515625 0.09765625 0.048828125
4 0.57421875 0.7587890625 0.10546875 0.1640625
4 0.478515625 0.7470703125 0.189453125 0.1328125
3 0.4794921875 0.71875 0.294921875 0.302734375
1 0.798828125 0.666015625 0.40234375 0.31640625
5 0.8095703125 0.8466796875 0.380859375 0.275390625
3 0.7958984375 0.74609375 0.408203125 0.4765625