5 0.158203125 0.16796875 0.31640625 0.2578125
3 0.189453125 0.2822265625 0.37890625 0.494140625
5 0.6015625 0.177734375 0.26171875 0.318359375
0 0.65234375 0.3505859375 0.119140625 0.083984375
3 0.62890625 0.2021484375 0.34765625 0.404296875
0 0.35546875 0.4677734375 0.052734375 0.04296875
0 0.5166015625 0.4375 0.0625 0.056640625
4 0.421875 0.587890625 0.10546875 0.099609375
4 0.5048828125 0.55859375 0.076171875 0.0859375
3 0.4580078125 0.52734375 0.271484375 0.24609375
3 0.8779296875 0.4638671875 0.244140625 0.314453125