5 0.119140625 0.1416015625 0.23828125 0.275390625
3 0.1748046875 0.21875 0.349609375 0.43359375
5 0.6142578125 0.04296875 0.271484375 0.0859375
0 0.65625 0.126953125 0.119140625 0.064453125
0 0.4755859375 0.091796875 0.0546875 0.072265625
4 0.6435546875 0.34765625 0.146484375 0.1484375
4 0.5419921875 0.302734375 0.185546875 0.130859375
3 0.6181640625 0.2138671875 0.396484375 0.427734375
5 0.3056640625 0.7919921875 0.232421875 0.416015625
2 0.2666015625 0.5205078125 0.103515625 0.1796875
3 0.298828125 0.71484375 0.27734375 0.5703125
5 0.783203125 0.5576171875 0.169921875 0.158203125
0 0.6806640625 0.6533203125 0.046875 0.04296875
0 0.900390625 0.64453125 0.05078125 0.05078125
4 0.763671875 0.783203125 0.080078125 0.08984375
4 0.8427734375 0.7705078125 0.0546875 0.0703125
1 0.7685546875 0.4306640625 0.115234375 0.017578125
3 0.787109375 0.62890625 0.302734375 0.416015625