5 0.7890625 0.619140625 0.0703125 0.1484375
5 0.4833984375 0.5224609375 0.076171875 0.08203125
5 0.6669921875 0.515625 0.056640625 0.08984375
5 0.2861328125 0.572265625 0.041015625 0.068359375
5 0.375 0.544921875 0.05078125 0.08984375
5 0.138671875 0.59765625 0.060546875 0.103515625
5 0.6318359375 0.5126953125 0.083984375 0.09765625
2 0.126953125 0.53125 0.033203125 0.044921875
2 0.279296875 0.4873046875 0.02734375 0.044921875
2 0.375 0.4951171875 0.025390625 0.037109375
2 0.455078125 0.47265625 0.029296875 0.044921875
2 0.4951171875 0.47265625 0.02734375 0.044921875
2 0.619140625 0.451171875 0.03125 0.044921875
2 0.6689453125 0.4501953125 0.03125 0.044921875
2 0.7529296875 0.466796875 0.029296875 0.04296875
2 0.7880859375 0.548828125 0.033203125 0.048828125
3 0.154296875 0.650390625 0.125 0.29296875
3 0.2919921875 0.60546875 0.083984375 0.291015625
3 0.380859375 0.6044921875 0.08203125 0.259765625
3 0.455078125 0.5830078125 0.072265625 0.28125
3 0.5107421875 0.5791015625 0.08203125 0.275390625
3 0.6279296875 0.564453125 0.07421875 0.283203125
3 0.6806640625 0.5517578125 0.076171875 0.27734375
3 0.7578125 0.5732421875 0.080078125 0.265625
3 0.802734375 0.6259765625 0.09765625 0.216796875
0 0.142578125 0.61328125 0.0234375 0.0234375
0 0.185546875 0.556640625 0.017578125 0.025390625
0 0.2822265625 0.55859375 0.015625 0.025390625
0 0.3095703125 0.544921875 0.015625 0.029296875
0 0.44140625 0.55078125 0.0234375 0.025390625
0 0.51171875 0.552734375 0.017578125 0.029296875
0 0.607421875 0.5703125 0.017578125 0.021484375
0 0.6376953125 0.5703125 0.017578125 0.025390625
0 0.787109375 0.619140625 0.021484375 0.03125
0 0.8125 0.5947265625 0.021484375 0.02734375
0 0.7685546875 0.576171875 0.017578125 0.029296875
0 0.734375 0.525390625 0.013671875 0.01953125
6 0.4912109375 0.548828125 0.02734375 0.021484375
6 0.4296875 0.5419921875 0.01171875 0.015625
6 0.3798828125 0.6025390625 0.015625 0.025390625
6 0.3935546875 0.5986328125 0.015625 0.025390625