5 0.7607421875 0.671875 0.08203125 0.15234375
5 0.4794921875 0.5185546875 0.08203125 0.087890625
5 0.6611328125 0.546875 0.064453125 0.09375
5 0.2763671875 0.529296875 0.046875 0.072265625
5 0.369140625 0.5205078125 0.056640625 0.091796875
5 0.126953125 0.5263671875 0.068359375 0.107421875
5 0.626953125 0.537109375 0.091796875 0.103515625
2 0.1279296875 0.4599609375 0.037109375 0.046875
2 0.2861328125 0.4453125 0.029296875 0.046875
2 0.3779296875 0.470703125 0.029296875 0.0390625
2 0.4619140625 0.46484375 0.03125 0.046875
2 0.5 0.47265625 0.029296875 0.046875
2 0.6259765625 0.474609375 0.03515625 0.046875
2 0.6748046875 0.4833984375 0.03515625 0.046875
2 0.75390625 0.515625 0.03125 0.044921875
2 0.7734375 0.6025390625 0.037109375 0.05078125
3 0.1318359375 0.5810546875 0.1484375 0.30078125
3 0.2763671875 0.564453125 0.109375 0.294921875
3 0.36328125 0.5791015625 0.103515625 0.263671875
3 0.4404296875 0.572265625 0.095703125 0.28515625
3 0.49609375 0.5791015625 0.10546875 0.27734375
3 0.61328125 0.587890625 0.099609375 0.287109375
3 0.6669921875 0.5859375 0.099609375 0.28125
3 0.7392578125 0.62109375 0.103515625 0.267578125
3 0.7734375 0.681640625 0.115234375 0.22265625
0 0.126953125 0.54296875 0.0234375 0.0234375
0 0.1796875 0.4951171875 0.01953125 0.02734375
0 0.275390625 0.515625 0.017578125 0.025390625
0 0.3046875 0.5078125 0.01953125 0.03125
0 0.4326171875 0.5390625 0.025390625 0.02734375
0 0.5009765625 0.5546875 0.021484375 0.03125
0 0.591796875 0.58984375 0.01953125 0.0234375
0 0.6220703125 0.5947265625 0.01953125 0.02734375
0 0.7587890625 0.671875 0.0234375 0.03125
0 0.7880859375 0.6533203125 0.0234375 0.029296875
0 0.75 0.6259765625 0.021484375 0.03125
0 0.724609375 0.5703125 0.013671875 0.021484375
6 0.4814453125 0.5458984375 0.029296875 0.0234375
6 0.4228515625 0.52734375 0.013671875 0.015625
6 0.36328125 0.5771484375 0.017578125 0.025390625
6 0.376953125 0.576171875 0.017578125 0.025390625