1 0.0146484375 0.40234375 0.029296875 0.0986328125
1 0.048828125 0.375 0.0869140625 0.095703125
3 0.072265625 0.41796875 0.115234375 0.2021484375
3 0.236328125 0.3916015625 0.2138671875 0.2548828125
1 0.1923828125 0.32421875 0.091796875 0.1005859375
1 0.94921875 0.0947265625 0.1005859375 0.13671875
0 0.853515625 0.306640625 0.1103515625 0.134765625
5 0.8935546875 0.3798828125 0.212890625 0.275390625
3 0.8916015625 0.271484375 0.216796875 0.4951171875
1 0.3271484375 0.6162109375 0.04296875 0.0791015625
1 0.3955078125 0.6240234375 0.0380859375 0.07421875
3 0.3017578125 0.787109375 0.0888671875 0.42578125
3 0.39453125 0.7890625 0.09375 0.421875
5 0.69921875 0.888671875 0.07421875 0.0625
5 0.697265625 0.9599609375 0.04296875 0.0791015625
2 0.693359375 0.9072265625 0.0244140625 0.033203125
3 0.701171875 0.9326171875 0.07421875 0.134765625