1 0.5146484375 0.2119140625 0.23046875 0.154296875
3 0.388671875 0.3115234375 0.4833984375 0.353515625
5 0.8662109375 0.044921875 0.248046875 0.0888671875
0 0.830078125 0.126953125 0.0869140625 0.0576171875
4 0.859375 0.333984375 0.1923828125 0.125
4 0.82421875 0.2802734375 0.16796875 0.1318359375
3 0.8583984375 0.205078125 0.283203125 0.41015625
5 0.091796875 0.837890625 0.1826171875 0.32421875
5 0.2587890625 0.7177734375 0.3173828125 0.404296875
3 0.14453125 0.744140625 0.2880859375 0.51171875
3 0.296875 0.744140625 0.38671875 0.51171875
3 0.43359375 0.744140625 0.2958984375 0.51171875
1 0.96875 0.5693359375 0.060546875 0.0771484375
5 0.8955078125 0.658203125 0.0869140625 0.154296875
3 0.9228515625 0.69140625 0.154296875 0.32421875