1 0.3525390625 0.16796875 0.2431640625 0.11328125
0 0.060546875 0.2607421875 0.1201171875 0.15625
3 0.2900390625 0.337890625 0.439453125 0.4638671875
1 0.744140625 0.150390625 0.17578125 0.23828125
5 0.7138671875 0.490234375 0.322265625 0.158203125
3 0.7587890625 0.298828125 0.4013671875 0.541015625
5 0.376953125 0.734375 0.2255859375 0.2138671875
0 0.228515625 0.8759765625 0.0771484375 0.0576171875
4 0.26171875 0.984375 0.0576171875 0.03125
3 0.3388671875 0.7841796875 0.341796875 0.431640625
5 0.8291015625 0.7841796875 0.337890625 0.431640625