1 0.2666015625 0.4091796875 0.181640625 0.095703125
3 0.298828125 0.4541015625 0.501953125 0.21484375
1 0.84765625 0.1337890625 0.068359375 0.06640625
5 0.880859375 0.28125 0.095703125 0.216796875
5 0.958984375 0.1103515625 0.05078125 0.220703125
5 0.763671875 0.130859375 0.046875 0.07421875
3 0.7626953125 0.150390625 0.0703125 0.1796875
1 0.76171875 0.0771484375 0.025390625 0.03515625
3 0.8720703125 0.30859375 0.1171875 0.42578125
3 0.9462890625 0.2578125 0.107421875 0.515625
0 0.33203125 0.5888671875 0.0703125 0.06640625
0 0.1396484375 0.6611328125 0.091796875 0.076171875
4 0.162109375 0.8427734375 0.181640625 0.14453125
4 0.232421875 0.794921875 0.134765625 0.119140625
3 0.189453125 0.736328125 0.369140625 0.380859375
5 0.6787109375 0.837890625 0.244140625 0.318359375
2 0.6142578125 0.615234375 0.12890625 0.171875
3 0.763671875 0.7548828125 0.4296875 0.484375