5 0.0634765625 0.158203125 0.126953125 0.279296875
3 0.1181640625 0.244140625 0.2353515625 0.48828125
6 0.162109375 0.302734375 0.0478515625 0.0771484375
5 0.779296875 0.32421875 0.1630859375 0.3271484375
5 0.591796875 0.330078125 0.2119140625 0.314453125
2 0.6455078125 0.080078125 0.119140625 0.16015625
2 0.7841796875 0.095703125 0.087890625 0.19140625
2 0.9755859375 0.1513671875 0.0478515625 0.2451171875
3 0.669921875 0.244140625 0.373046875 0.48828125
3 0.8056640625 0.244140625 0.2744140625 0.48828125
3 0.9208984375 0.2568359375 0.158203125 0.4619140625
0 0.3857421875 0.552734375 0.09375 0.1298828125
5 0.384765625 0.685546875 0.1201171875 0.177734375
5 0.4384765625 0.70703125 0.060546875 0.4375
3 0.39453125 0.744140625 0.1494140625 0.51171875
0 0.5517578125 0.8583984375 0.166015625 0.283203125
0 0.783203125 0.853515625 0.322265625 0.29296875