0 0.15625 0.4013671875 0.3125 0.357421875
0 0.6826171875 0.2685546875 0.634765625 0.537109375
5 0.20703125 0.806640625 0.38671875 0.38671875
3 0.23828125 0.7685546875 0.46484375 0.462890625
2 0.203125 0.6474609375 0.21484375 0.193359375
1 0.5244140625 0.7939453125 0.125 0.162109375
1 0.671875 0.697265625 0.091796875 0.08203125
1 0.806640625 0.666015625 0.14453125 0.185546875
5 0.5126953125 0.9052734375 0.123046875 0.189453125
5 0.7275390625 0.8701171875 0.15234375 0.228515625
5 0.9169921875 0.810546875 0.166015625 0.3046875
0 0.876953125 0.9130859375 0.091796875 0.107421875
3 0.5380859375 0.853515625 0.197265625 0.29296875
3 0.720703125 0.81640625 0.32421875 0.353515625
3 0.8662109375 0.763671875 0.267578125 0.41796875