5 0.1376953125 0.20703125 0.25390625 0.287109375
4 0.1552734375 0.578125 0.14453125 0.1171875
4 0.302734375 0.57421875 0.09765625 0.115234375
3 0.2021484375 0.36328125 0.404296875 0.6328125
6 0.2568359375 0.3232421875 0.08984375 0.0859375
6 0.044921875 0.3447265625 0.0703125 0.072265625
3 0.6650390625 0.27734375 0.498046875 0.5546875
5 0.5810546875 0.107421875 0.330078125 0.21484375
0 0.6240234375 0.2470703125 0.12109375 0.103515625
4 0.7470703125 0.390625 0.22265625 0.177734375
4 0.673828125 0.462890625 0.259765625 0.1796875
5 0.4375 0.880859375 0.3359375 0.23828125
1 0.3837890625 0.6953125 0.17578125 0.1171875
3 0.423828125 0.802734375 0.46484375 0.39453125
5 0.90234375 0.5146484375 0.1953125 0.158203125
0 0.900390625 0.62890625 0.111328125 0.091796875
4 0.9404296875 0.8212890625 0.119140625 0.169921875
3 0.8486328125 0.6845703125 0.302734375 0.498046875