4 0.150390625 0.0625 0.03125 0.064453125
4 0.2021484375 0.0400390625 0.044921875 0.05078125
3 0.1904296875 0.05078125 0.115234375 0.1015625
5 0.8857421875 0.052734375 0.05078125 0.044921875
5 0.7421875 0.0419921875 0.06640625 0.05078125
5 0.81640625 0.0693359375 0.1015625 0.09375
5 0.9423828125 0.0849609375 0.08984375 0.1015625
5 0.67578125 0.080078125 0.072265625 0.13671875
0 0.7626953125 0.08984375 0.0234375 0.046875
0 0.6982421875 0.140625 0.029296875 0.0390625
3 0.673828125 0.18359375 0.103515625 0.34375
3 0.8017578125 0.1953125 0.138671875 0.34765625
3 0.935546875 0.2080078125 0.12890625 0.349609375
3 0.9267578125 0.1806640625 0.142578125 0.296875
5 0.19140625 0.400390625 0.34375 0.205078125
5 0.5205078125 0.4345703125 0.203125 0.203125
3 0.470703125 0.6630859375 0.30078125 0.673828125
3 0.2041015625 0.6416015625 0.408203125 0.693359375
5 0.7294921875 0.5517578125 0.2734375 0.291015625
0 0.8818359375 0.71484375 0.060546875 0.068359375
4 0.775390625 0.9375 0.15234375 0.125
4 0.607421875 0.9306640625 0.0859375 0.138671875
3 0.7626953125 0.673828125 0.400390625 0.65234375