4 0.2822265625 0.1787109375 0.478515625 0.357421875
5 0.890625 0.3271484375 0.21875 0.349609375
2 0.943359375 0.1416015625 0.11328125 0.111328125
3 0.8544921875 0.2802734375 0.291015625 0.443359375
5 0.220703125 0.4130859375 0.419921875 0.29296875
0 0.1708984375 0.5771484375 0.1328125 0.103515625
4 0.1396484375 0.8017578125 0.232421875 0.2109375
4 0.248046875 0.771484375 0.18359375 0.16796875
3 0.21484375 0.5947265625 0.4296875 0.662109375
5 0.7783203125 0.548828125 0.33984375 0.265625
0 0.9111328125 0.7080078125 0.083984375 0.0859375
0 0.6220703125 0.654296875 0.099609375 0.083984375
4 0.62890625 0.8642578125 0.13671875 0.171875
4 0.79296875 0.896484375 0.1640625 0.177734375
3 0.7236328125 0.697265625 0.552734375 0.60546875