1 0.376953125 0.064453125 0.109375 0.10546875
5 0.3623046875 0.25 0.173828125 0.244140625
3 0.322265625 0.1904296875 0.248046875 0.373046875
5 0.9345703125 0.1064453125 0.091796875 0.212890625
0 0.8193359375 0.220703125 0.08203125 0.0625
3 0.8623046875 0.1689453125 0.251953125 0.337890625
1 0.2421875 0.771484375 0.40234375 0.45703125
4 0.07421875 0.5703125 0.1484375 0.25390625
1 0.7939453125 0.392578125 0.076171875 0.099609375
1 0.53515625 0.5361328125 0.060546875 0.103515625
1 0.9697265625 0.5107421875 0.060546875 0.111328125
1 0.66796875 0.5419921875 0.06640625 0.091796875
5 0.810546875 0.67578125 0.154296875 0.349609375
5 0.55859375 0.693359375 0.115234375 0.24609375
5 0.482421875 0.705078125 0.02734375 0.162109375
5 0.7529296875 0.7314453125 0.03515625 0.12109375
5 0.6357421875 0.751953125 0.02734375 0.14453125
5 0.6103515625 0.7607421875 0.0390625 0.107421875
5 0.86328125 0.74609375 0.0625 0.208984375
5 0.7177734375 0.76171875 0.064453125 0.166015625
5 0.5126953125 0.77734375 0.025390625 0.087890625
5 0.6767578125 0.767578125 0.123046875 0.287109375
0 0.7548828125 0.8447265625 0.02734375 0.0859375
5 0.94921875 0.794921875 0.1015625 0.3515625
5 0.8916015625 0.884765625 0.068359375 0.181640625
3 0.55859375 0.73828125 0.166015625 0.5234375
3 0.673828125 0.7431640625 0.16796875 0.498046875
3 0.7958984375 0.6591796875 0.21484375 0.650390625
3 0.912109375 0.71484375 0.17578125 0.5234375