0 0.26953125 0.08984375 0.515625 0.1796875
4 0.3974609375 0.3447265625 0.1083984375 0.0693359375
0 0.837890625 0.0419921875 0.1318359375 0.083984375
0 0.9208984375 0.1416015625 0.158203125 0.283203125
3 0.849609375 0.189453125 0.30078125 0.37890625
5 0.3505859375 0.705078125 0.2646484375 0.26171875
0 0.357421875 0.876953125 0.0986328125 0.0625
1 0.3447265625 0.455078125 0.19921875 0.08203125
3 0.3427734375 0.7021484375 0.3583984375 0.595703125
5 0.607421875 0.6650390625 0.11328125 0.3681640625
5 0.7451171875 0.513671875 0.125 0.2666015625
5 0.943359375 0.490234375 0.11328125 0.220703125
2 0.5986328125 0.427734375 0.0673828125 0.095703125
3 0.6083984375 0.689453125 0.1298828125 0.6201171875
3 0.7705078125 0.689453125 0.1611328125 0.6201171875
3 0.9248046875 0.6826171875 0.150390625 0.607421875
6 0.8505859375 0.6005859375 0.052734375 0.0693359375
6 0.703125 0.626953125 0.03125 0.0673828125