0 0.23046875 0.2919921875 0.4609375 0.583984375
5 0.67578125 0.09375 0.1484375 0.158203125
0 0.7578125 0.1845703125 0.0625 0.076171875
4 0.5830078125 0.3974609375 0.076171875 0.142578125
4 0.6103515625 0.359375 0.111328125 0.1328125
3 0.6826171875 0.2646484375 0.27734375 0.5
3 0.279296875 0.76953125 0.2578125 0.419921875
0 0.8583984375 0.69140625 0.05078125 0.04296875
4 0.9091796875 0.9365234375 0.060546875 0.126953125
4 0.8671875 0.8837890625 0.162109375 0.1484375
3 0.859375 0.8310546875 0.23046875 0.337890625