5 0.08203125 0.138671875 0.140625 0.27734375
3 0.1318359375 0.2373046875 0.259765625 0.474609375
6 0.1728515625 0.28515625 0.052734375 0.080078125
5 0.7880859375 0.3388671875 0.1796875 0.3359375
5 0.6005859375 0.3349609375 0.228515625 0.32421875
2 0.6669921875 0.087890625 0.126953125 0.166015625
2 0.8046875 0.111328125 0.09765625 0.1953125
2 0.9814453125 0.1767578125 0.037109375 0.248046875
3 0.681640625 0.2529296875 0.3984375 0.505859375
3 0.818359375 0.2607421875 0.298828125 0.501953125
3 0.9208984375 0.279296875 0.158203125 0.46875
0 0.3828125 0.546875 0.099609375 0.134765625
5 0.375 0.6796875 0.12890625 0.18359375
5 0.427734375 0.703125 0.083984375 0.439453125
3 0.3818359375 0.73828125 0.17578125 0.51953125
0 0.533203125 0.857421875 0.1796875 0.28515625
0 0.7646484375 0.8564453125 0.337890625 0.287109375