4 0.4443359375 0.1865234375 0.373046875 0.373046875
4 0.205078125 0.1494140625 0.30859375 0.298828125
0 0.8994140625 0.150390625 0.083984375 0.080078125
4 0.900390625 0.3603515625 0.126953125 0.173828125
4 0.9912109375 0.384765625 0.017578125 0.15625
3 0.896484375 0.27734375 0.20703125 0.38671875
3 0.3369140625 0.6689453125 0.50390625 0.662109375
5 0.357421875 0.611328125 0.29296875 0.26953125
4 0.2177734375 0.8857421875 0.12890625 0.1328125
4 0.3525390625 0.9140625 0.16796875 0.15625
0 0.228515625 0.73046875 0.1015625 0.068359375
0 0.455078125 0.76171875 0.0625 0.07421875
1 0.392578125 0.4140625 0.1484375 0.09375
5 0.8662109375 0.572265625 0.267578125 0.265625
0 0.7353515625 0.6513671875 0.03125 0.06640625
0 0.87109375 0.7265625 0.115234375 0.09375
4 0.8046875 0.923828125 0.1875 0.15234375
4 0.744140625 0.86328125 0.169921875 0.158203125
3 0.8193359375 0.7197265625 0.361328125 0.560546875