5 0.4443359375 0.060546875 0.294921875 0.12109375
0 0.607421875 0.0439453125 0.0703125 0.087890625
0 0.412109375 0.16015625 0.125 0.09765625
4 0.599609375 0.296875 0.234375 0.177734375
4 0.4873046875 0.380859375 0.240234375 0.21484375
3 0.5322265625 0.2490234375 0.466796875 0.498046875
2 0.4482421875 0.8974609375 0.150390625 0.205078125
3 0.359375 0.896484375 0.328125 0.20703125
5 0.5947265625 0.8154296875 0.27734375 0.3046875
0 0.7568359375 0.9296875 0.080078125 0.0625
1 0.5107421875 0.5849609375 0.177734375 0.109375
3 0.630859375 0.744140625 0.421875 0.51171875