4 0.26953125 0.1796875 0.46875 0.359375
5 0.888671875 0.3125 0.22265625 0.34375
2 0.9375 0.125 0.125 0.10546875
3 0.8525390625 0.2666015625 0.294921875 0.435546875
5 0.2177734375 0.4228515625 0.416015625 0.28125
0 0.173828125 0.5888671875 0.130859375 0.099609375
4 0.150390625 0.814453125 0.228515625 0.205078125
4 0.2578125 0.7802734375 0.181640625 0.1640625
3 0.212890625 0.60546875 0.42578125 0.65234375
5 0.7802734375 0.5390625 0.3359375 0.2578125
0 0.91796875 0.693359375 0.08203125 0.0859375
0 0.626953125 0.6494140625 0.09765625 0.08203125
4 0.6416015625 0.859375 0.1328125 0.169921875
4 0.806640625 0.8857421875 0.16015625 0.173828125
3 0.7314453125 0.6962890625 0.537109375 0.607421875