1 0.5517578125 0.1923828125 0.154296875 0.12890625
5 0.494140625 0.3369140625 0.240234375 0.21484375
3 0.478515625 0.263671875 0.3359375 0.359375
5 0.74609375 0.32421875 0.251953125 0.3515625
5 0.9111328125 0.3896484375 0.177734375 0.322265625
2 0.7939453125 0.1201171875 0.1484375 0.146484375
2 0.958984375 0.189453125 0.08203125 0.18359375
3 0.7509765625 0.267578125 0.341796875 0.474609375
3 0.90234375 0.318359375 0.1953125 0.46484375
5 0.4990234375 0.533203125 0.1484375 0.2265625
0 0.33984375 0.6005859375 0.08984375 0.07421875
4 0.4345703125 0.9072265625 0.08203125 0.16015625
4 0.4091796875 0.845703125 0.150390625 0.14453125
3 0.380859375 0.6904296875 0.38671875 0.6171875
3 0.568359375 0.7216796875 0.26953125 0.556640625