0 0.138671875 0.1650390625 0.244140625 0.3125
3 0.13671875 0.31640625 0.2734375 0.6171875
5 0.6416015625 0.1044921875 0.279296875 0.208984375
0 0.7890625 0.22265625 0.07421875 0.0703125
0 0.52734375 0.23828125 0.08203125 0.0703125
4 0.7490234375 0.4189453125 0.115234375 0.142578125
4 0.6005859375 0.427734375 0.099609375 0.138671875
3 0.6513671875 0.2607421875 0.431640625 0.521484375
5 0.2216796875 0.89453125 0.126953125 0.2109375
2 0.2255859375 0.72265625 0.109375 0.150390625
3 0.0810546875 0.8095703125 0.154296875 0.380859375
3 0.21875 0.822265625 0.13671875 0.35546875
2 0.51171875 0.791015625 0.14453125 0.220703125
3 0.5029296875 0.83984375 0.369140625 0.3203125