0 0.154296875 0.365234375 0.3076171875 0.3271484375
0 0.708984375 0.2646484375 0.58203125 0.529296875
5 0.173828125 0.7978515625 0.34765625 0.400390625
3 0.208984375 0.7646484375 0.41796875 0.470703125
2 0.189453125 0.615234375 0.197265625 0.1728515625
1 0.4931640625 0.794921875 0.1103515625 0.1513671875
1 0.650390625 0.7138671875 0.083984375 0.07421875
1 0.787109375 0.697265625 0.126953125 0.1728515625
5 0.4697265625 0.9072265625 0.103515625 0.185546875
5 0.6875 0.8916015625 0.1298828125 0.216796875
5 0.9072265625 0.8564453125 0.185546875 0.287109375
0 0.83203125 0.9501953125 0.08203125 0.099609375
3 0.501953125 0.8583984375 0.16796875 0.283203125
3 0.6865234375 0.837890625 0.291015625 0.32421875
3 0.861328125 0.8037109375 0.2763671875 0.3916015625