1 0.3388671875 0.23828125 0.451171875 0.4765625
4 0.1181640625 0.15234375 0.236328125 0.19140625
0 0.8671875 0.0263671875 0.06640625 0.052734375
4 0.8916015625 0.2373046875 0.142578125 0.16015625
3 0.79296875 0.1748046875 0.3359375 0.349609375
5 0.3623046875 0.533203125 0.337890625 0.248046875
0 0.302734375 0.4697265625 0.130859375 0.05859375
0 0.3974609375 0.4697265625 0.119140625 0.072265625
4 0.3916015625 0.8564453125 0.150390625 0.169921875
4 0.5634765625 0.86328125 0.154296875 0.19921875
3 0.41015625 0.6962890625 0.55859375 0.607421875
5 0.8427734375 0.486328125 0.314453125 0.33203125
0 0.79296875 0.689453125 0.109375 0.087890625
4 0.8935546875 0.857421875 0.12890625 0.13671875
3 0.7998046875 0.62109375 0.400390625 0.6640625