1 0.4072265625 0.2041015625 0.36328125 0.408203125
4 0.162109375 0.05859375 0.32421875 0.1171875
0 0.974609375 0.1142578125 0.05078125 0.07421875
4 0.943359375 0.33984375 0.11328125 0.13671875
3 0.876953125 0.2041015625 0.2451171875 0.408203125
5 0.3583984375 0.4990234375 0.302734375 0.1806640625
0 0.31640625 0.4228515625 0.126953125 0.029296875
0 0.408203125 0.4462890625 0.1103515625 0.0478515625
4 0.30859375 0.8193359375 0.1181640625 0.146484375
4 0.4736328125 0.8681640625 0.115234375 0.17578125
3 0.361328125 0.689453125 0.435546875 0.5625
5 0.853515625 0.57421875 0.29296875 0.26953125
0 0.73828125 0.7548828125 0.095703125 0.0673828125
4 0.794921875 0.9423828125 0.103515625 0.115234375
4 0.9482421875 0.9384765625 0.103515625 0.123046875
3 0.8134765625 0.7041015625 0.373046875 0.591796875