0 0.1357421875 0.2314453125 0.267578125 0.462890625
5 0.8173828125 0.345703125 0.34375 0.298828125
0 0.9873046875 0.5009765625 0.025390625 0.056640625
1 0.8525390625 0.1005859375 0.21484375 0.111328125
3 0.7841796875 0.2802734375 0.431640625 0.501953125
5 0.197265625 0.552734375 0.39453125 0.21484375
0 0.3974609375 0.66015625 0.0546875 0.087890625
0 0.1728515625 0.7109375 0.125 0.087890625
4 0.1796875 0.9130859375 0.20703125 0.13671875
4 0.3125 0.8955078125 0.234375 0.15625
3 0.234375 0.71875 0.46875 0.55078125
0 0.6025390625 0.7490234375 0.318359375 0.501953125
0 0.884765625 0.74609375 0.2265625 0.4609375
0 0.88671875 0.908203125 0.16796875 0.18359375