1 0.142578125 0.375 0.091796875 0.142578125
5 0.365234375 0.3837890625 0.28515625 0.224609375
3 0.2998046875 0.3505859375 0.458984375 0.357421875
6 0.4873046875 0.2255859375 0.046875 0.05078125
5 0.6591796875 0.138671875 0.326171875 0.27734375
0 0.5244140625 0.30859375 0.0234375 0.068359375
0 0.8427734375 0.302734375 0.115234375 0.09375
4 0.7744140625 0.490234375 0.154296875 0.13671875
4 0.609375 0.525390625 0.12109375 0.13671875
3 0.712890625 0.296875 0.4375 0.59375
5 0.45703125 0.8779296875 0.2109375 0.216796875
0 0.3525390625 0.99609375 0.064453125 0.0078125
1 0.46875 0.7001953125 0.140625 0.076171875
3 0.423828125 0.8271484375 0.27734375 0.345703125
5 0.8076171875 0.77734375 0.384765625 0.42578125
3 0.767578125 0.779296875 0.46484375 0.43359375