1 0.2734375 0.322265625 0.373046875 0.30859375
4 0.103515625 0.171875 0.193359375 0.251953125
5 0.908203125 0.2265625 0.18359375 0.23046875
0 0.765625 0.3681640625 0.0703125 0.072265625
1 0.947265625 0.0361328125 0.10546875 0.044921875
3 0.8466796875 0.251953125 0.306640625 0.48828125
1 0.330078125 0.6142578125 0.240234375 0.291015625
4 0.0634765625 0.697265625 0.126953125 0.40625
0 0.2705078125 0.857421875 0.236328125 0.244140625
5 0.578125 0.8896484375 0.14453125 0.220703125
2 0.763671875 0.541015625 0.0859375 0.111328125
2 0.5009765625 0.525390625 0.080078125 0.095703125
2 0.466796875 0.6806640625 0.05078125 0.125
2 0.537109375 0.6416015625 0.0703125 0.11328125
2 0.580078125 0.7158203125 0.072265625 0.134765625
2 0.64453125 0.64453125 0.072265625 0.115234375
3 0.779296875 0.7421875 0.2109375 0.515625
3 0.58203125 0.8203125 0.1484375 0.359375
6 0.8330078125 0.9248046875 0.048828125 0.083984375
6 0.5712890625 0.9951171875 0.041015625 0.009765625
6 0.55859375 0.990234375 0.04296875 0.01953125