3 0.537109375 0.1982421875 0.29296875 0.396484375
5 0.818359375 0.341796875 0.333984375 0.533203125
3 0.8251953125 0.314453125 0.349609375 0.59765625
6 0.923828125 0.470703125 0.115234375 0.1171875
5 0.259765625 0.6318359375 0.26953125 0.1875
0 0.2724609375 0.7666015625 0.130859375 0.080078125
4 0.3369140625 0.9345703125 0.19140625 0.12109375
4 0.0927734375 0.896484375 0.185546875 0.140625
3 0.2421875 0.759765625 0.484375 0.47265625
0 0.6787109375 0.9619140625 0.130859375 0.076171875
3 0.802734375 0.791015625 0.37890625 0.41796875