3 0.185546875 0.1728515625 0.259765625 0.345703125
4 0.8427734375 0.2548828125 0.314453125 0.509765625
4 0.546875 0.2197265625 0.2958984375 0.439453125
0 0.10546875 0.5302734375 0.0625 0.041015625
0 0.365234375 0.5263671875 0.052734375 0.033203125
4 0.3125 0.7080078125 0.1103515625 0.13671875
4 0.162109375 0.6630859375 0.0693359375 0.1103515625
3 0.224609375 0.6494140625 0.3486328125 0.279296875
1 0.435546875 0.53125 0.0625 0.04296875
5 0.5478515625 0.52734375 0.0380859375 0.0361328125
5 0.615234375 0.529296875 0.0478515625 0.0380859375
5 0.5224609375 0.5166015625 0.0263671875 0.0146484375
5 0.6787109375 0.537109375 0.041015625 0.0556640625
5 0.697265625 0.5263671875 0.01953125 0.033203125
5 0.7919921875 0.546875 0.060546875 0.07421875
5 0.6416015625 0.5224609375 0.0146484375 0.0263671875
5 0.65625 0.52734375 0.0146484375 0.0361328125
5 0.5927734375 0.5263671875 0.01171875 0.033203125
0 0.7041015625 0.533203125 0.0068359375 0.041015625
0 0.7392578125 0.53515625 0.01171875 0.0380859375
5 0.76171875 0.5537109375 0.0166015625 0.072265625
5 0.8193359375 0.556640625 0.0244140625 0.064453125
3 0.4365234375 0.6240234375 0.07421875 0.228515625
3 0.5419921875 0.59765625 0.0693359375 0.17578125
3 0.615234375 0.58984375 0.052734375 0.1611328125
3 0.681640625 0.5927734375 0.0556640625 0.166015625
3 0.734375 0.6025390625 0.060546875 0.185546875
3 0.796875 0.619140625 0.0693359375 0.21875