3 0.21484375 0.1650390625 0.2890625 0.330078125
4 0.841796875 0.28515625 0.31640625 0.53515625
4 0.5712890625 0.2275390625 0.333984375 0.455078125
0 0.1044921875 0.49609375 0.06640625 0.046875
0 0.36328125 0.5146484375 0.0546875 0.037109375
4 0.294921875 0.6904296875 0.12109375 0.146484375
4 0.1494140625 0.6328125 0.078125 0.115234375
3 0.212890625 0.625 0.37109375 0.30859375
1 0.4326171875 0.525390625 0.06640625 0.048828125
5 0.544921875 0.53125 0.041015625 0.0390625
5 0.6123046875 0.5390625 0.05078125 0.04296875
5 0.5205078125 0.5185546875 0.02734375 0.017578125
5 0.6748046875 0.552734375 0.044921875 0.05859375
5 0.6943359375 0.5439453125 0.021484375 0.03515625
5 0.787109375 0.572265625 0.06640625 0.080078125
5 0.638671875 0.53515625 0.017578125 0.02734375
5 0.6533203125 0.541015625 0.017578125 0.037109375
5 0.58984375 0.5341796875 0.013671875 0.033203125
0 0.7001953125 0.55078125 0.009765625 0.041015625
0 0.7353515625 0.5556640625 0.015625 0.0390625
5 0.755859375 0.576171875 0.0234375 0.07421875
5 0.8134765625 0.583984375 0.029296875 0.06640625
3 0.42578125 0.6181640625 0.09375 0.234375
3 0.533203125 0.6005859375 0.083984375 0.181640625
3 0.607421875 0.599609375 0.06640625 0.166015625
3 0.6728515625 0.6083984375 0.0703125 0.169921875
3 0.724609375 0.623046875 0.076171875 0.189453125
3 0.78515625 0.64453125 0.087890625 0.224609375