0 0.4443359375 0.12890625 0.0703125 0.1484375
3 0.4384765625 0.115234375 0.478515625 0.23046875
0 0.515625 0.1259765625 0.08203125 0.130859375
1 0.7158203125 0.109375 0.0859375 0.212890625
3 0.7236328125 0.111328125 0.099609375 0.21484375
1 0.0517578125 0.30078125 0.099609375 0.115234375
1 0.2158203125 0.3173828125 0.107421875 0.126953125
1 0.353515625 0.25390625 0.115234375 0.060546875
1 0.546875 0.2802734375 0.1171875 0.103515625
5 0.0634765625 0.7119140625 0.126953125 0.482421875
5 0.21484375 0.69140625 0.17578125 0.447265625
5 0.3583984375 0.61328125 0.2109375 0.447265625
5 0.55859375 0.6689453125 0.205078125 0.48828125
3 0.0751953125 0.6171875 0.150390625 0.75
3 0.234375 0.623046875 0.212890625 0.748046875
3 0.36328125 0.6123046875 0.23046875 0.775390625
3 0.5654296875 0.61328125 0.212890625 0.7734375
6 0.3427734375 0.646484375 0.0859375 0.142578125
6 0.49609375 0.794921875 0.083984375 0.10546875
6 0.119140625 0.9619140625 0.0546875 0.0625
5 0.8505859375 0.6396484375 0.298828125 0.447265625
3 0.8291015625 0.623046875 0.341796875 0.75390625
2 0.94921875 0.380859375 0.1015625 0.2890625