5 0.072265625 0.2626953125 0.14453125 0.228515625
5 0.380859375 0.19140625 0.31640625 0.24609375
3 0.33203125 0.16796875 0.44921875 0.3359375
3 0.0810546875 0.2255859375 0.162109375 0.306640625
5 0.6103515625 0.0458984375 0.220703125 0.091796875
3 0.681640625 0.1259765625 0.359375 0.251953125
6 0.6376953125 0.0283203125 0.076171875 0.056640625
6 0.740234375 0.109375 0.052734375 0.078125
1 0.33203125 0.369140625 0.216796875 0.171875
1 0.087890625 0.5439453125 0.17578125 0.205078125
0 0.3681640625 0.748046875 0.212890625 0.197265625
5 0.490234375 0.6552734375 0.330078125 0.458984375
3 0.4228515625 0.623046875 0.548828125 0.7421875
3 0.1669921875 0.705078125 0.333984375 0.58984375
5 0.876953125 0.576171875 0.06640625 0.091796875
2 0.86328125 0.5205078125 0.029296875 0.0390625
3 0.88671875 0.6103515625 0.169921875 0.25390625