1 0.251953125 0.2451171875 0.23046875 0.130859375
0 0.0361328125 0.4326171875 0.072265625 0.158203125
0 0.537109375 0.3427734375 0.107421875 0.162109375
3 0.310546875 0.4189453125 0.62109375 0.521484375
5 0.685546875 0.2431640625 0.30078125 0.294921875
0 0.8671875 0.3603515625 0.080078125 0.080078125
0 0.6142578125 0.4287109375 0.052734375 0.078125
1 0.61328125 0.033203125 0.1875 0.06640625
3 0.7314453125 0.27734375 0.451171875 0.5546875
5 0.3134765625 0.83984375 0.353515625 0.3203125
0 0.2646484375 0.8154296875 0.138671875 0.0859375
0 0.3623046875 0.8330078125 0.1171875 0.0703125
1 0.259765625 0.64453125 0.197265625 0.064453125
3 0.3134765625 0.791015625 0.513671875 0.41796875
5 0.892578125 0.8525390625 0.21484375 0.181640625
3 0.8291015625 0.73046875 0.341796875 0.45703125
2 0.888671875 0.6513671875 0.169921875 0.259765625