1 0.203125 0.2734375 0.125 0.07421875
0 0.0546875 0.3212890625 0.08203125 0.07421875
0 0.3408203125 0.361328125 0.091796875 0.080078125
3 0.2021484375 0.390625 0.33203125 0.326171875
5 0.7080078125 0.1513671875 0.34765625 0.296875
0 0.6669921875 0.349609375 0.119140625 0.09375
4 0.775390625 0.533203125 0.236328125 0.154296875
4 0.658203125 0.5419921875 0.216796875 0.109375
3 0.7353515625 0.30859375 0.46484375 0.609375
4 0.248046875 0.60546875 0.1015625 0.130859375
4 0.1123046875 0.5849609375 0.087890625 0.1171875
3 0.212890625 0.609375 0.38671875 0.17578125
0 0.5595703125 0.642578125 0.056640625 0.060546875
4 0.52734375 0.79296875 0.103515625 0.107421875