1 0.1806640625 0.3056640625 0.1181640625 0.0625
0 0.0380859375 0.369140625 0.076171875 0.06640625
0 0.3271484375 0.37890625 0.083984375 0.072265625
3 0.1923828125 0.421875 0.302734375 0.2958984375
5 0.6708984375 0.1318359375 0.322265625 0.263671875
0 0.650390625 0.3330078125 0.1103515625 0.08203125
4 0.77734375 0.50390625 0.2236328125 0.1318359375
4 0.662109375 0.525390625 0.208984375 0.0888671875
3 0.7138671875 0.28515625 0.408203125 0.5693359375
4 0.2607421875 0.630859375 0.0888671875 0.123046875
4 0.123046875 0.625 0.0771484375 0.1103515625
3 0.2255859375 0.638671875 0.375 0.13671875
0 0.57421875 0.6357421875 0.05078125 0.0556640625
4 0.5576171875 0.7880859375 0.09375 0.0986328125