1 0.2197265625 0.2802734375 0.1181640625 0.052734375
0 0.169921875 0.4365234375 0.09375 0.0576171875
0 0.314453125 0.4267578125 0.0693359375 0.0576171875
3 0.232421875 0.4443359375 0.251953125 0.3701171875
5 0.76171875 0.041015625 0.2451171875 0.08203125
0 0.892578125 0.11328125 0.0625 0.052734375
0 0.642578125 0.1162109375 0.0673828125 0.0625
4 0.828125 0.29296875 0.0888671875 0.126953125
4 0.6884765625 0.2978515625 0.091796875 0.123046875
3 0.76953125 0.177734375 0.345703125 0.35546875
5 0.23046875 0.78125 0.4375 0.2548828125
3 0.224609375 0.814453125 0.44921875 0.3701171875
2 0.2607421875 0.646484375 0.2041015625 0.033203125
0 0.736328125 0.814453125 0.5263671875 0.3701171875