0 0.0556640625 0.275390625 0.099609375 0.119140625
0 0.4814453125 0.2939453125 0.0546875 0.109375
3 0.2822265625 0.173828125 0.470703125 0.34765625
1 0.5654296875 0.08984375 0.107421875 0.1796875
0 0.7666015625 0.314453125 0.185546875 0.09375
5 0.8896484375 0.2216796875 0.220703125 0.287109375
3 0.81640625 0.18359375 0.3671875 0.359375
3 0.5947265625 0.1767578125 0.177734375 0.353515625
5 0.38671875 0.59375 0.23046875 0.3125
0 0.3369140625 0.7978515625 0.10546875 0.076171875
4 0.43359375 0.951171875 0.103515625 0.09765625
4 0.3583984375 0.9658203125 0.173828125 0.064453125
3 0.3310546875 0.66796875 0.349609375 0.662109375
2 0.8759765625 0.455078125 0.125 0.19140625
3 0.5068359375 0.865234375 0.046875 0.236328125
3 0.85546875 0.677734375 0.2890625 0.64453125