5 0.236328125 0.109375 0.2041015625 0.21875
3 0.18359375 0.2197265625 0.310546875 0.439453125
5 0.41796875 0.1875 0.1416015625 0.13671875
0 0.5048828125 0.2763671875 0.0478515625 0.04296875
4 0.388671875 0.3916015625 0.09375 0.0693359375
4 0.482421875 0.4013671875 0.07421875 0.0693359375
1 0.4111328125 0.0576171875 0.1083984375 0.041015625
3 0.4423828125 0.234375 0.20703125 0.4111328125
3 0.076171875 0.7197265625 0.1513671875 0.560546875
5 0.0380859375 0.6357421875 0.076171875 0.322265625
5 0.666015625 0.564453125 0.2646484375 0.21875
0 0.5419921875 0.7099609375 0.083984375 0.064453125
0 0.7880859375 0.68359375 0.0361328125 0.04296875
4 0.7294921875 0.9208984375 0.125 0.146484375
4 0.578125 0.85546875 0.083984375 0.11328125
3 0.64453125 0.716796875 0.3798828125 0.552734375