1 0.048828125 0.146484375 0.09765625 0.15234375
3 0.115234375 0.19140625 0.23046875 0.2138671875
3 0.7158203125 0.1484375 0.568359375 0.296875
0 0.134765625 0.6484375 0.26953125 0.703125
5 0.630859375 0.6416015625 0.314453125 0.26953125
0 0.80078125 0.80078125 0.0673828125 0.0693359375
0 0.509765625 0.826171875 0.0888671875 0.0673828125
4 0.5615234375 0.9716796875 0.095703125 0.056640625
4 0.740234375 0.970703125 0.1396484375 0.0576171875
1 0.599609375 0.390625 0.1806640625 0.0791015625
3 0.6201171875 0.673828125 0.466796875 0.6513671875