3 0.2333984375 0.2041015625 0.2119140625 0.408203125
5 0.5869140625 0.056640625 0.375 0.11328125
0 0.609375 0.1806640625 0.1005859375 0.0693359375
4 0.6162109375 0.3681640625 0.2236328125 0.08203125
4 0.7138671875 0.345703125 0.20703125 0.125
3 0.619140625 0.2041015625 0.46875 0.408203125
5 0.14453125 0.4853515625 0.2880859375 0.154296875
0 0.3056640625 0.5927734375 0.0673828125 0.0693359375
0 0.037109375 0.603515625 0.07421875 0.0673828125
4 0.2333984375 0.8017578125 0.1298828125 0.1513671875
4 0.0693359375 0.80859375 0.0888671875 0.1513671875
3 0.169921875 0.6611328125 0.3388671875 0.5048828125
0 0.6103515625 0.857421875 0.384765625 0.216796875
0 0.7490234375 0.939453125 0.2958984375 0.1201171875
3 0.619140625 0.7041015625 0.560546875 0.591796875