3 0.244140625 0.201171875 0.2265625 0.40234375
5 0.6015625 0.0615234375 0.37890625 0.123046875
0 0.6201171875 0.1845703125 0.103515625 0.072265625
4 0.62109375 0.3720703125 0.2265625 0.08984375
4 0.71875 0.353515625 0.2109375 0.1328125
3 0.6298828125 0.2099609375 0.482421875 0.419921875
5 0.1455078125 0.47265625 0.291015625 0.1640625
0 0.302734375 0.5859375 0.0703125 0.072265625
0 0.0361328125 0.5859375 0.072265625 0.0703125
4 0.22265625 0.7919921875 0.134765625 0.15625
4 0.05859375 0.79296875 0.09375 0.154296875
3 0.1708984375 0.6484375 0.341796875 0.515625
0 0.59765625 0.861328125 0.392578125 0.23046875
0 0.732421875 0.94140625 0.30078125 0.1171875
3 0.6123046875 0.701171875 0.580078125 0.59765625