5 0.2275390625 0.25390625 0.064453125 0.091796875
3 0.248046875 0.3095703125 0.11328125 0.224609375
5 0.734375 0.048828125 0.296875 0.09765625
0 0.6484375 0.1318359375 0.09765625 0.0859375
0 0.8720703125 0.0380859375 0.0390625 0.048828125
4 0.88671875 0.28125 0.16015625 0.17578125
4 0.72265625 0.26171875 0.111328125 0.1328125
3 0.7412109375 0.212890625 0.458984375 0.42578125
5 0.51171875 0.8828125 0.125 0.228515625
0 0.51953125 0.9931640625 0.0859375 0.013671875
3 0.458984375 0.8232421875 0.2421875 0.353515625
5 0.8359375 0.7158203125 0.328125 0.330078125
0 0.7421875 0.88671875 0.068359375 0.080078125
0 0.919921875 0.869140625 0.111328125 0.08203125
1 0.767578125 0.4833984375 0.20703125 0.126953125
3 0.787109375 0.6767578125 0.42578125 0.564453125