5 0.25 0.341796875 0.28515625 0.42578125
5 0.513671875 0.40234375 0.138671875 0.380859375
2 0.298828125 0.1064453125 0.16796875 0.212890625
2 0.5810546875 0.1533203125 0.068359375 0.19921875
3 0.26953125 0.2822265625 0.4140625 0.564453125
3 0.5166015625 0.314453125 0.19921875 0.556640625
5 0.73828125 0.423828125 0.32421875 0.36328125
0 0.908203125 0.6162109375 0.087890625 0.099609375
0 0.5517578125 0.587890625 0.080078125 0.041015625
1 0.8037109375 0.1416015625 0.240234375 0.134765625
3 0.755859375 0.35546875 0.48828125 0.6328125
5 0.2998046875 0.59765625 0.21484375 0.125
0 0.1708984375 0.6494140625 0.06640625 0.05859375
0 0.4423828125 0.6796875 0.052734375 0.0625
4 0.2939453125 0.7998046875 0.103515625 0.103515625
4 0.2158203125 0.8251953125 0.11328125 0.12890625
3 0.287109375 0.7255859375 0.40234375 0.404296875
1 0.7099609375 0.7021484375 0.134765625 0.158203125
1 0.875 0.673828125 0.083984375 0.03515625
5 0.6181640625 0.84375 0.236328125 0.3125
5 0.87109375 0.85546875 0.18359375 0.2890625
3 0.6328125 0.7978515625 0.36328125 0.404296875
3 0.83203125 0.8212890625 0.28125 0.357421875