5 0.2802734375 0.41796875 0.271484375 0.328125
2 0.2509765625 0.2041015625 0.1328125 0.220703125
2 0.49609375 0.20703125 0.0390625 0.19921875
3 0.27734375 0.3310546875 0.37109375 0.505859375
0 0.7685546875 0.2763671875 0.462890625 0.552734375
0 0.734375 0.0791015625 0.48046875 0.158203125
5 0.24609375 0.8447265625 0.166015625 0.15234375
0 0.1435546875 0.9423828125 0.048828125 0.041015625
0 0.3515625 0.9189453125 0.048828125 0.046875
1 0.232421875 0.716796875 0.09375 0.044921875
3 0.2421875 0.8427734375 0.296875 0.314453125
3 0.7666015625 0.7587890625 0.466796875 0.474609375
6 0.59375 0.5849609375 0.123046875 0.076171875