3 0.21875 0.228515625 0.1005859375 0.3798828125
5 0.8388671875 0.185546875 0.2646484375 0.21875
0 0.71484375 0.330078125 0.083984375 0.064453125
0 0.9619140625 0.3037109375 0.0361328125 0.04296875
1 0.8349609375 0.009765625 0.1513671875 0.01953125
3 0.8134765625 0.208984375 0.373046875 0.41796875
1 0.185546875 0.5634765625 0.16796875 0.28125
3 0.134765625 0.708984375 0.26953125 0.58203125
1 0.6396484375 0.4755859375 0.1103515625 0.115234375
5 0.578125 0.6259765625 0.1826171875 0.2958984375
5 0.8349609375 0.60546875 0.1298828125 0.314453125
0 0.96875 0.619140625 0.0625 0.1083984375
0 0.9677734375 0.76171875 0.0576171875 0.14453125
3 0.5888671875 0.6962890625 0.2880859375 0.5556640625
3 0.8330078125 0.6474609375 0.291015625 0.458984375
3 0.9345703125 0.6708984375 0.130859375 0.505859375