5 0.125 0.3544921875 0.048828125 0.0546875
3 0.1298828125 0.326171875 0.087890625 0.111328125
3 0.4521484375 0.185546875 0.181640625 0.37109375
1 0.66015625 0.134765625 0.255859375 0.16015625
3 0.751953125 0.2041015625 0.4375 0.326171875
0 0.1591796875 0.9228515625 0.158203125 0.154296875
3 0.1640625 0.6865234375 0.328125 0.626953125
2 0.0712890625 0.5244140625 0.142578125 0.291015625
5 0.7236328125 0.6337890625 0.220703125 0.365234375
5 0.900390625 0.5244140625 0.19921875 0.349609375
2 0.7041015625 0.3994140625 0.1171875 0.08203125
3 0.7041015625 0.6767578125 0.283203125 0.640625
3 0.8935546875 0.6689453125 0.212890625 0.638671875