5 0.3017578125 0.1650390625 0.146484375 0.3291015625
3 0.279296875 0.28515625 0.23046875 0.5693359375
3 0.072265625 0.28515625 0.14453125 0.5693359375
0 0.5556640625 0.359375 0.134765625 0.4208984375
4 0.5986328125 0.49609375 0.1201171875 0.146484375
4 0.79296875 0.55859375 0.1005859375 0.021484375
5 0.2724609375 0.85546875 0.2978515625 0.28125
0 0.208984375 0.80859375 0.115234375 0.0693359375
0 0.3291015625 0.83203125 0.10546875 0.060546875
1 0.25390625 0.6103515625 0.1806640625 0.08203125
1 0.2802734375 0.7841796875 0.412109375 0.431640625
0 0.6611328125 0.7841796875 0.345703125 0.431640625