5 0.3173828125 0.31640625 0.04296875 0.083984375
3 0.322265625 0.375 0.0556640625 0.216796875
5 0.8896484375 0.3076171875 0.220703125 0.2978515625
0 0.83203125 0.4990234375 0.1103515625 0.041015625
1 0.8828125 0.0380859375 0.22265625 0.076171875
3 0.8330078125 0.259765625 0.333984375 0.51953125
3 0.2333984375 0.8095703125 0.349609375 0.380859375
5 0.5224609375 0.8232421875 0.21875 0.1806640625
3 0.53125 0.7666015625 0.2451171875 0.2978515625
6 0.55859375 0.841796875 0.0556640625 0.04296875
6 0.4462890625 0.845703125 0.05078125 0.0478515625