2 0.1103515625 0.1201171875 0.115234375 0.23046875
2 0.330078125 0.16796875 0.11328125 0.197265625
3 0.3544921875 0.1806640625 0.330078125 0.25
5 0.9609375 0.16015625 0.078125 0.21875
0 0.912109375 0.2626953125 0.052734375 0.0703125
3 0.9208984375 0.2060546875 0.158203125 0.326171875
5 0.158203125 0.58984375 0.31640625 0.4765625
5 0.5234375 0.650390625 0.287109375 0.486328125
0 0.2373046875 0.830078125 0.11328125 0.181640625
0 0.57421875 0.8818359375 0.09375 0.15234375
3 0.4755859375 0.6435546875 0.412109375 0.712890625
3 0.173828125 0.6103515625 0.34765625 0.728515625
6 0.439453125 0.7265625 0.1328125 0.107421875
5 0.78515625 0.6513671875 0.12890625 0.109375
5 0.9326171875 0.6591796875 0.11328125 0.1171875
2 0.9130859375 0.541015625 0.083984375 0.09765625
6 0.802734375 0.7138671875 0.07421875 0.0703125
6 0.927734375 0.6142578125 0.056640625 0.052734375
2 0.7138671875 0.3828125 0.07421875 0.060546875