5 0.2822265625 0.2275390625 0.146484375 0.447265625
3 0.4111328125 0.3544921875 0.134765625 0.708984375
5 0.6259765625 0.1875 0.2958984375 0.25
0 0.7900390625 0.34375 0.0625 0.0693359375
0 0.509765625 0.359375 0.0625 0.064453125
4 0.56640625 0.556640625 0.0869140625 0.1416015625
4 0.720703125 0.5517578125 0.13671875 0.14453125
3 0.6552734375 0.3271484375 0.353515625 0.654296875
5 0.1650390625 0.78515625 0.21875 0.1513671875
3 0.1826171875 0.8544921875 0.365234375 0.291015625
5 0.54296875 0.8544921875 0.1298828125 0.291015625
3 0.6318359375 0.8544921875 0.3076171875 0.291015625