5 0.3427734375 0.181640625 0.146484375 0.36328125
3 0.3193359375 0.2392578125 0.23046875 0.478515625
3 0.09765625 0.2392578125 0.17578125 0.478515625
0 0.6865234375 0.283203125 0.2568359375 0.3896484375
0 0.9013671875 0.279296875 0.197265625 0.3994140625
5 0.388671875 0.9189453125 0.2109375 0.162109375
1 0.40234375 0.76953125 0.1318359375 0.064453125
3 0.3876953125 0.8671875 0.337890625 0.265625
5 0.69921875 0.52734375 0.283203125 0.0986328125
0 0.6611328125 0.640625 0.1181640625 0.0771484375
4 0.783203125 0.8125 0.2236328125 0.134765625
4 0.6767578125 0.875 0.208984375 0.166015625
3 0.7568359375 0.7275390625 0.3994140625 0.498046875