3 0.302734375 0.158203125 0.40625 0.31640625
2 0.33203125 0.130859375 0.19140625 0.26171875
4 0.87109375 0.107421875 0.1171875 0.08203125
4 0.7822265625 0.107421875 0.115234375 0.12109375
5 0.2587890625 0.5361328125 0.283203125 0.298828125
0 0.11328125 0.6669921875 0.099609375 0.083984375
4 0.12109375 0.85546875 0.138671875 0.150390625
4 0.2607421875 0.896484375 0.078125 0.125
1 0.3369140625 0.3232421875 0.189453125 0.099609375
3 0.2158203125 0.6005859375 0.431640625 0.712890625
1 0.9404296875 0.49609375 0.111328125 0.119140625
5 0.8583984375 0.6962890625 0.22265625 0.28125
0 0.84765625 0.87890625 0.05859375 0.10546875
4 0.67578125 0.9853515625 0.07421875 0.029296875