3 0.2333984375 0.2138671875 0.12109375 0.384765625
5 0.8544921875 0.2041015625 0.275390625 0.232421875
0 0.7236328125 0.341796875 0.087890625 0.068359375
0 0.9716796875 0.328125 0.0390625 0.044921875
1 0.8603515625 0.0283203125 0.15234375 0.02734375
3 0.8154296875 0.224609375 0.369140625 0.4375
1 0.1826171875 0.546875 0.181640625 0.2890625
3 0.13671875 0.6884765625 0.2734375 0.595703125
1 0.640625 0.4833984375 0.1171875 0.12109375
5 0.5712890625 0.6298828125 0.197265625 0.3046875
5 0.8291015625 0.623046875 0.146484375 0.3203125
0 0.9619140625 0.6435546875 0.068359375 0.111328125
0 0.953125 0.7861328125 0.064453125 0.146484375
3 0.578125 0.7001953125 0.31640625 0.5703125
3 0.8251953125 0.6650390625 0.314453125 0.47265625
3 0.9228515625 0.693359375 0.154296875 0.51171875