5 0.26171875 0.3251953125 0.30859375 0.43359375
5 0.5205078125 0.4033203125 0.162109375 0.37890625
2 0.328125 0.1005859375 0.18359375 0.201171875
2 0.60546875 0.16015625 0.08203125 0.19921875
3 0.287109375 0.27734375 0.44921875 0.5546875
3 0.529296875 0.3154296875 0.234375 0.5546875
5 0.7431640625 0.4404296875 0.341796875 0.376953125
0 0.8994140625 0.64453125 0.091796875 0.103515625
0 0.544921875 0.5908203125 0.08203125 0.044921875
1 0.828125 0.1630859375 0.2421875 0.1484375
3 0.7529296875 0.375 0.494140625 0.65234375
5 0.2939453125 0.5830078125 0.21875 0.138671875
0 0.1611328125 0.626953125 0.068359375 0.060546875
0 0.4296875 0.67578125 0.056640625 0.064453125
4 0.2744140625 0.78515625 0.109375 0.109375
4 0.1943359375 0.8046875 0.119140625 0.1328125
3 0.271484375 0.7099609375 0.419921875 0.421875
1 0.6962890625 0.7158203125 0.142578125 0.1640625
1 0.8623046875 0.69921875 0.083984375 0.041015625
5 0.59375 0.8447265625 0.25390625 0.310546875
5 0.8447265625 0.8671875 0.201171875 0.265625
3 0.609375 0.798828125 0.38671875 0.40234375
3 0.8056640625 0.830078125 0.306640625 0.33984375