5 0.2783203125 0.1591796875 0.193359375 0.318359375
3 0.2763671875 0.2119140625 0.224609375 0.423828125
5 0.6845703125 0.162109375 0.28125 0.279296875
0 0.8173828125 0.33984375 0.083984375 0.0703125
0 0.5390625 0.3125 0.083984375 0.064453125
3 0.6904296875 0.220703125 0.4375 0.44140625
5 0.19140625 0.775390625 0.3203125 0.4375
5 0.0126953125 0.62890625 0.025390625 0.18359375
3 0.017578125 0.7216796875 0.03515625 0.521484375
3 0.2099609375 0.703125 0.419921875 0.5859375
5 0.7841796875 0.6103515625 0.2578125 0.2734375
0 0.6455078125 0.7451171875 0.048828125 0.06640625
0 0.80859375 0.787109375 0.103515625 0.072265625
4 0.791015625 0.966796875 0.16015625 0.06640625
4 0.6982421875 0.94140625 0.181640625 0.1171875
3 0.775390625 0.71484375 0.39453125 0.5703125