5 0.1630859375 0.3330078125 0.060546875 0.05859375
2 0.171875 0.294921875 0.029296875 0.041015625
3 0.171875 0.314453125 0.14453125 0.119140625
5 0.8916015625 0.419921875 0.216796875 0.3203125
0 0.7763671875 0.5107421875 0.056640625 0.03515625
1 0.9482421875 0.1806640625 0.103515625 0.130859375
3 0.8681640625 0.3388671875 0.263671875 0.482421875
0 0.20703125 0.654296875 0.4140625 0.60546875
5 0.654296875 0.6103515625 0.330078125 0.296875
0 0.484375 0.7216796875 0.103515625 0.091796875
0 0.7578125 0.796875 0.107421875 0.083984375
4 0.6474609375 0.94140625 0.138671875 0.1171875
4 0.4931640625 0.9228515625 0.123046875 0.154296875
3 0.62109375 0.720703125 0.56640625 0.55859375