5 0.224609375 0.392578125 0.2138671875 0.3916015625
5 0.4951171875 0.4013671875 0.0673828125 0.375
2 0.22265625 0.125 0.123046875 0.248046875
2 0.513671875 0.14453125 0.03125 0.197265625
3 0.2255859375 0.294921875 0.3076171875 0.5888671875
3 0.48046875 0.314453125 0.095703125 0.5478515625
5 0.7197265625 0.3798828125 0.26953125 0.3173828125
0 0.9228515625 0.5361328125 0.072265625 0.0869140625
0 0.5673828125 0.576171875 0.0771484375 0.0263671875
1 0.7294921875 0.08984375 0.2255859375 0.09375
3 0.73828125 0.3076171875 0.41796875 0.5625
5 0.322265625 0.6337890625 0.2021484375 0.0888671875
0 0.205078125 0.7099609375 0.0576171875 0.0478515625
0 0.4775390625 0.6875 0.04296875 0.0556640625
4 0.35546875 0.833984375 0.0888671875 0.0888671875
4 0.283203125 0.873046875 0.09375 0.11328125
3 0.333984375 0.76171875 0.341796875 0.345703125
1 0.7451171875 0.658203125 0.1103515625 0.1396484375
1 0.9013671875 0.5986328125 0.08203125 0.01953125
5 0.68359375 0.8212890625 0.1826171875 0.2958984375
5 0.9375 0.798828125 0.125 0.314453125
3 0.693359375 0.7939453125 0.2890625 0.412109375
3 0.896484375 0.7939453125 0.20703125 0.412109375