5 0.125 0.46484375 0.0546875 0.052734375
2 0.1201171875 0.42578125 0.025390625 0.0390625
3 0.126953125 0.4443359375 0.1328125 0.1015625
5 0.8681640625 0.2734375 0.248046875 0.29296875
0 0.76171875 0.41015625 0.0546875 0.02734375
1 0.8544921875 0.0361328125 0.201171875 0.072265625
3 0.8369140625 0.2119140625 0.310546875 0.423828125
0 0.28125 0.7294921875 0.33984375 0.541015625
5 0.68359375 0.5478515625 0.302734375 0.26171875
0 0.564453125 0.712890625 0.09375 0.080078125
0 0.84765625 0.6845703125 0.099609375 0.072265625
4 0.806640625 0.884765625 0.119140625 0.162109375
4 0.6474609375 0.9013671875 0.103515625 0.15234375
3 0.7080078125 0.703125 0.494140625 0.59375