5 0.2529296875 0.3349609375 0.0625 0.107421875
3 0.2607421875 0.3583984375 0.12109375 0.240234375
2 0.2421875 0.271484375 0.03125 0.041015625
5 0.521484375 0.201171875 0.3359375 0.40234375
3 0.5517578125 0.3037109375 0.509765625 0.607421875
3 0.8193359375 0.1240234375 0.259765625 0.248046875
6 0.4140625 0.4501953125 0.095703125 0.130859375
6 0.64453125 0.34375 0.123046875 0.08984375
0 0.0732421875 0.7724609375 0.068359375 0.091796875
5 0.322265625 0.9150390625 0.24609375 0.169921875
1 0.326171875 0.7451171875 0.142578125 0.142578125
3 0.2421875 0.826171875 0.41015625 0.34765625
5 0.6455078125 0.7685546875 0.337890625 0.330078125
0 0.8134765625 0.912109375 0.09765625 0.08203125
0 0.533203125 0.95703125 0.083984375 0.078125
3 0.6552734375 0.759765625 0.513671875 0.48046875