0 0.1474609375 0.109375 0.0458984375 0.072265625
5 0.236328125 0.177734375 0.0673828125 0.25
0 0.259765625 0.298828125 0.0244140625 0.064453125
3 0.251953125 0.271484375 0.0048828125 0.04296875
0 0.759765625 0.3427734375 0.1494140625 0.09375
4 0.9765625 0.3271484375 0.046875 0.123046875
3 0.8134765625 0.1943359375 0.369140625 0.388671875
0 0.478515625 0.5361328125 0.0673828125 0.146484375
3 0.4326171875 0.6943359375 0.39453125 0.6103515625
0 0.548828125 0.5322265625 0.0791015625 0.126953125
3 0.8251953125 0.693359375 0.349609375 0.609375