0 0.1865234375 0.3388671875 0.04296875 0.0576171875
5 0.16015625 0.3837890625 0.064453125 0.0888671875
5 0.875 0.1005859375 0.25 0.201171875
0 0.76953125 0.23828125 0.083984375 0.0673828125
4 0.83203125 0.3974609375 0.095703125 0.060546875
4 0.9677734375 0.3955078125 0.064453125 0.064453125
3 0.8408203125 0.2138671875 0.318359375 0.427734375
5 0.33984375 0.7353515625 0.15625 0.3173828125
0 0.224609375 0.958984375 0.1201171875 0.0791015625
1 0.35546875 0.4599609375 0.125 0.064453125
3 0.28515625 0.7138671875 0.2666015625 0.572265625
5 0.822265625 0.6142578125 0.1826171875 0.373046875
3 0.8232421875 0.7138671875 0.208984375 0.572265625
3 0.5263671875 0.7138671875 0.1923828125 0.572265625