5 0.458984375 0.3505859375 0.279296875 0.177734375
2 0.5166015625 0.1142578125 0.1201171875 0.228515625
3 0.4326171875 0.2197265625 0.4130859375 0.439453125
1 0.7822265625 0.0634765625 0.0576171875 0.064453125
5 0.8017578125 0.2919921875 0.1318359375 0.2958984375
6 0.7294921875 0.373046875 0.0263671875 0.134765625
3 0.80078125 0.2353515625 0.1728515625 0.408203125
5 0.21875 0.501953125 0.302734375 0.125
4 0.201171875 0.80078125 0.1181640625 0.146484375
4 0.361328125 0.849609375 0.123046875 0.166015625
3 0.23046875 0.689453125 0.4375 0.5
5 0.75 0.6943359375 0.220703125 0.2119140625
0 0.90234375 0.826171875 0.0361328125 0.0673828125
4 0.6513671875 0.96484375 0.0244140625 0.0693359375
4 0.791015625 0.9755859375 0.1103515625 0.0478515625
1 0.7666015625 0.498046875 0.1416015625 0.060546875
3 0.7880859375 0.7333984375 0.2978515625 0.533203125