0 0.333984375 0.2841796875 0.017578125 0.04296875
1 0.4345703125 0.3193359375 0.056640625 0.07421875
1 0.255859375 0.3056640625 0.046875 0.046875
1 0.3623046875 0.328125 0.03515625 0.041015625
0 0.240234375 0.314453125 0.01953125 0.025390625
5 0.3056640625 0.3349609375 0.052734375 0.083984375
0 0.6533203125 0.388671875 0.01953125 0.02734375
0 0.701171875 0.3984375 0.03515625 0.0390625
5 0.2099609375 0.3427734375 0.046875 0.060546875
5 0.3486328125 0.3603515625 0.04296875 0.04296875
0 0.3818359375 0.37890625 0.013671875 0.0234375
1 0.673828125 0.4150390625 0.041015625 0.041015625
5 0.49609375 0.3984375 0.03515625 0.076171875
1 0.4755859375 0.3974609375 0.025390625 0.03515625
1 0.5361328125 0.4091796875 0.03515625 0.056640625
5 0.630859375 0.4267578125 0.05078125 0.087890625
5 0.701171875 0.4482421875 0.033203125 0.060546875
5 0.5595703125 0.4375 0.037109375 0.048828125
5 0.3427734375 0.421875 0.048828125 0.109375
5 0.521484375 0.4462890625 0.021484375 0.048828125
5 0.5478515625 0.453125 0.068359375 0.134765625
5 0.2431640625 0.419921875 0.087890625 0.15625
5 0.4677734375 0.486328125 0.0390625 0.107421875
5 0.6494140625 0.5322265625 0.09375 0.166015625
5 0.3984375 0.513671875 0.119140625 0.259765625
3 0.2431640625 0.490234375 0.205078125 0.486328125
3 0.400390625 0.59375 0.19921875 0.630859375
3 0.65625 0.59375 0.17578125 0.451171875
3 0.54296875 0.525390625 0.125 0.400390625