1 0.708984375 0.1318359375 0.080078125 0.111328125
1 0.3330078125 0.2578125 0.08203125 0.146484375
1 0.5166015625 0.294921875 0.076171875 0.130859375
5 0.162109375 0.4462890625 0.1875 0.41015625
5 0.3388671875 0.4580078125 0.154296875 0.283203125
5 0.0712890625 0.501953125 0.095703125 0.189453125
5 0.7294921875 0.4345703125 0.173828125 0.380859375
5 0.23828125 0.5009765625 0.060546875 0.185546875
5 0.6484375 0.4833984375 0.0703125 0.154296875
5 0.40625 0.5244140625 0.046875 0.134765625
5 0.2802734375 0.5400390625 0.046875 0.16015625
5 0.7978515625 0.494140625 0.072265625 0.212890625
5 0.4580078125 0.541015625 0.060546875 0.17578125
5 0.521484375 0.5341796875 0.1640625 0.3359375
5 0.5703125 0.529296875 0.07421875 0.208984375
0 0.08203125 0.61328125 0.037109375 0.072265625
0 0.2421875 0.6015625 0.017578125 0.064453125
0 0.6513671875 0.6005859375 0.037109375 0.103515625
0 0.794921875 0.6201171875 0.044921875 0.11328125
5 0.953125 0.6064453125 0.09375 0.458984375
5 0.9169921875 0.69140625 0.103515625 0.2421875
1 0.150390625 0.1708984375 0.095703125 0.1640625
3 0.1572265625 0.541015625 0.314453125 0.91796875
3 0.3525390625 0.5693359375 0.236328125 0.779296875
3 0.5283203125 0.6015625 0.244140625 0.748046875
3 0.724609375 0.525390625 0.28515625 0.916015625