5 0.064453125 0.18359375 0.12890625 0.3671875
5 0.4755859375 0.2197265625 0.1005859375 0.2236328125
5 0.1982421875 0.224609375 0.0888671875 0.1005859375
5 0.337890625 0.2392578125 0.166015625 0.2568359375
1 0.3330078125 0.32421875 0.083984375 0.0869140625
5 0.166015625 0.3173828125 0.2255859375 0.1005859375
5 0.51953125 0.3193359375 0.177734375 0.095703125
5 0.2744140625 0.515625 0.3173828125 0.2744140625
0 0.205078125 0.478515625 0.13671875 0.0673828125
0 0.3388671875 0.4892578125 0.1201171875 0.083984375
4 0.2666015625 0.8916015625 0.1201171875 0.146484375
4 0.43359375 0.9267578125 0.123046875 0.146484375
3 0.3056640625 0.68359375 0.4521484375 0.6318359375
0 0.8037109375 0.68359375 0.3916015625 0.6318359375