1 0.423828125 0.0126953125 0.0546875 0.01953125
5 0.435546875 0.1826171875 0.130859375 0.267578125
3 0.451171875 0.2646484375 0.20703125 0.529296875
0 0.9287109375 0.04296875 0.044921875 0.068359375
4 0.943359375 0.2626953125 0.078125 0.138671875
4 0.9150390625 0.20703125 0.119140625 0.1328125
3 0.890625 0.1708984375 0.18359375 0.341796875
5 0.203125 0.884765625 0.33984375 0.23046875
1 0.181640625 0.67578125 0.216796875 0.119140625
3 0.2392578125 0.798828125 0.451171875 0.40234375
0 0.697265625 0.7548828125 0.041015625 0.044921875
3 0.6923828125 0.7294921875 0.1171875 0.416015625