1 0.095703125 0.0302734375 0.04296875 0.060546875
1 0.2021484375 0.04296875 0.021484375 0.0380859375
1 0.34375 0.0634765625 0.029296875 0.04296875
5 0.4462890625 0.1357421875 0.0263671875 0.1943359375
5 0.1005859375 0.1865234375 0.0791015625 0.2255859375
5 0.34375 0.189453125 0.060546875 0.15625
5 0.224609375 0.2607421875 0.14453125 0.3994140625
0 0.0576171875 0.279296875 0.0146484375 0.0478515625
3 0.09765625 0.234375 0.0986328125 0.46875
3 0.2431640625 0.234375 0.197265625 0.46875
3 0.34765625 0.22265625 0.07421875 0.3701171875
3 0.4375 0.2333984375 0.04296875 0.466796875
1 0.673828125 0.2490234375 0.1181640625 0.052734375
0 0.6240234375 0.4052734375 0.09375 0.0576171875
0 0.76953125 0.3955078125 0.0693359375 0.0576171875
3 0.6865234375 0.3486328125 0.251953125 0.240234375
4 0.392578125 0.7236328125 0.1318359375 0.509765625
4 0.16796875 0.6572265625 0.3359375 0.376953125
3 0.7119140625 0.734375 0.5048828125 0.53125