5 0.154296875 0.259765625 0.30859375 0.4453125
3 0.17578125 0.263671875 0.3515625 0.46484375
5 0.7822265625 0.166015625 0.205078125 0.33203125
3 0.751953125 0.1884765625 0.3046875 0.376953125
3 0.5361328125 0.203125 0.220703125 0.40625
5 0.0712890625 0.5595703125 0.142578125 0.169921875
4 0.1591796875 0.94140625 0.103515625 0.078125
3 0.109375 0.736328125 0.21875 0.52734375
0 0.7900390625 0.4345703125 0.07421875 0.068359375
0 0.552734375 0.46875 0.083984375 0.07421875
4 0.748046875 0.6162109375 0.11328125 0.140625
4 0.609375 0.638671875 0.115234375 0.134765625
3 0.6806640625 0.5361328125 0.41796875 0.376953125