1 0.5087890625 0.32421875 0.0859375 0.08984375
1 0.716796875 0.4375 0.044921875 0.0546875
1 0.3408203125 0.3779296875 0.056640625 0.08203125
1 0.9228515625 0.548828125 0.076171875 0.078125
1 0.4365234375 0.4228515625 0.0390625 0.05859375
1 0.5693359375 0.4697265625 0.041015625 0.0390625
5 0.677734375 0.576171875 0.12109375 0.19921875
5 0.5400390625 0.5869140625 0.10546875 0.171875
5 0.302734375 0.5263671875 0.14453125 0.244140625
5 0.8564453125 0.7705078125 0.1953125 0.318359375
5 0.404296875 0.642578125 0.2578125 0.44140625
0 0.23046875 0.603515625 0.03125 0.046875
0 0.876953125 0.9111328125 0.0234375 0.0390625
0 0.7646484375 0.888671875 0.03125 0.04296875
3 0.279296875 0.603515625 0.2578125 0.556640625
3 0.4208984375 0.625 0.39453125 0.74609375
3 0.533203125 0.6279296875 0.169921875 0.361328125
3 0.6513671875 0.65625 0.240234375 0.51171875
3 0.84375 0.7451171875 0.3125 0.509765625