5 0.3212890625 0.0693359375 0.099609375 0.138671875
5 0.248046875 0.0673828125 0.052734375 0.134765625
5 0.4375 0.0634765625 0.0244140625 0.126953125
5 0.123046875 0.07421875 0.0546875 0.1484375
5 0.251953125 0.087890625 0.03125 0.0986328125
5 0.1318359375 0.0947265625 0.0380859375 0.095703125
3 0.12890625 0.146484375 0.0986328125 0.29296875
3 0.25390625 0.1416015625 0.0693359375 0.283203125
3 0.345703125 0.2294921875 0.2021484375 0.458984375
3 0.43359375 0.13671875 0.03125 0.2734375
5 0.837890625 0.072265625 0.30078125 0.14453125
0 0.7353515625 0.1923828125 0.1201171875 0.072265625
0 0.990234375 0.15234375 0.01953125 0.0791015625
4 0.923828125 0.37890625 0.1513671875 0.146484375
4 0.765625 0.3916015625 0.13671875 0.134765625
3 0.7890625 0.2294921875 0.421875 0.458984375
3 0.3798828125 0.7490234375 0.1396484375 0.501953125
2 0.4375 0.6513671875 0.0244140625 0.26953125
5 0.8134765625 0.8193359375 0.146484375 0.3603515625
2 0.818359375 0.5732421875 0.0888671875 0.1630859375
3 0.791015625 0.7451171875 0.23046875 0.509765625
3 0.568359375 0.7373046875 0.17578125 0.525390625