0 0.1748046875 0.15234375 0.017578125 0.02734375
0 0.224609375 0.158203125 0.033203125 0.037109375
1 0.1982421875 0.17578125 0.037109375 0.037109375
5 0.0234375 0.169921875 0.017578125 0.07421875
1 0.0595703125 0.1796875 0.033203125 0.0546875
5 0.15625 0.1904296875 0.044921875 0.0859375
5 0.2275390625 0.2080078125 0.029296875 0.05859375
5 0.0859375 0.2060546875 0.033203125 0.046875
5 0.046875 0.21875 0.01953125 0.048828125
5 0.0751953125 0.22265625 0.05859375 0.1328125
5 0.1826171875 0.294921875 0.08203125 0.1640625
3 0.193359375 0.3564453125 0.146484375 0.447265625
3 0.07421875 0.294921875 0.09765625 0.400390625
5 0.609375 0.3291015625 0.1953125 0.26171875
0 0.7080078125 0.4931640625 0.0703125 0.078125
1 0.5908203125 0.08203125 0.12109375 0.080078125
3 0.6552734375 0.341796875 0.3046875 0.60546875
5 0.08984375 0.7734375 0.1796875 0.32421875
0 0.0224609375 0.9619140625 0.044921875 0.029296875
3 0.1533203125 0.794921875 0.306640625 0.38671875
5 0.6513671875 0.677734375 0.166015625 0.087890625
0 0.5595703125 0.736328125 0.0546875 0.041015625
0 0.748046875 0.736328125 0.044921875 0.048828125
4 0.6953125 0.8720703125 0.123046875 0.08984375
4 0.5771484375 0.8525390625 0.05859375 0.072265625
3 0.6435546875 0.7783203125 0.2734375 0.294921875