1 0.265625 0.080078125 0.08203125 0.103515625
1 0.5419921875 0.23046875 0.068359375 0.09765625
1 0.3828125 0.2138671875 0.064453125 0.08203125
1 0.591796875 0.275390625 0.052734375 0.0703125
1 0.458984375 0.2490234375 0.044921875 0.05859375
1 0.6552734375 0.3251953125 0.0625 0.099609375
5 0.19921875 0.2998046875 0.169921875 0.3046875
1 0.7998046875 0.4658203125 0.07421875 0.076171875
5 0.5654296875 0.412109375 0.091796875 0.193359375
5 0.4228515625 0.3798828125 0.107421875 0.201171875
5 0.49609375 0.408203125 0.15234375 0.26953125
5 0.6123046875 0.4580078125 0.13671875 0.248046875
5 0.3330078125 0.41015625 0.154296875 0.279296875
0 0.22265625 0.4521484375 0.033203125 0.07421875
0 0.41796875 0.5009765625 0.029296875 0.048828125
0 0.1162109375 0.4482421875 0.048828125 0.0859375
0 0.2509765625 0.5146484375 0.02734375 0.041015625
0 0.345703125 0.541015625 0.033203125 0.0390625
5 0.7412109375 0.6455078125 0.169921875 0.287109375
0 0.7412109375 0.7841796875 0.03125 0.046875
3 0.1767578125 0.416015625 0.353515625 0.8125
3 0.3193359375 0.466796875 0.265625 0.61328125
3 0.4716796875 0.4873046875 0.2578125 0.6328125
3 0.734375 0.7080078125 0.25390625 0.583984375
3 0.619140625 0.583984375 0.283203125 0.546875
3 0.591796875 0.5166015625 0.234375 0.509765625