1 0.041015625 0.078125 0.02734375 0.033203125
1 0.314453125 0.078125 0.02734375 0.03515625
1 0.154296875 0.1083984375 0.021484375 0.046875
1 0.3681640625 0.115234375 0.0234375 0.04296875
1 0.208984375 0.1337890625 0.02734375 0.04296875
1 0.2705078125 0.146484375 0.01953125 0.0390625
5 0.3173828125 0.1728515625 0.04296875 0.1171875
5 0.1494140625 0.201171875 0.046875 0.13671875
5 0.337890625 0.201171875 0.01953125 0.078125
5 0.044921875 0.2021484375 0.060546875 0.1328125
5 0.2119140625 0.2041015625 0.05078125 0.1171875
5 0.123046875 0.21875 0.021484375 0.078125
5 0.365234375 0.2197265625 0.029296875 0.146484375
5 0.287109375 0.2255859375 0.0078125 0.0625
5 0.2490234375 0.2275390625 0.01953125 0.06640625
5 0.2724609375 0.2294921875 0.04296875 0.115234375
5 0.1865234375 0.23828125 0.015625 0.046875
5 0.232421875 0.240234375 0.015625 0.05859375
5 0.3173828125 0.1806640625 0.052734375 0.12890625
5 0.34765625 0.265625 0.0078125 0.05859375
5 0.1455078125 0.2119140625 0.0625 0.14453125
5 0.2119140625 0.2119140625 0.052734375 0.109375
5 0.267578125 0.232421875 0.046875 0.11328125
5 0.0400390625 0.205078125 0.078125 0.140625
5 0.3642578125 0.220703125 0.03125 0.1484375
3 0.0419921875 0.2490234375 0.083984375 0.38671875
3 0.1416015625 0.2412109375 0.0703125 0.3203125
3 0.212890625 0.2451171875 0.05859375 0.279296875
3 0.267578125 0.251953125 0.060546875 0.2578125
3 0.322265625 0.232421875 0.0546875 0.34375
3 0.361328125 0.2568359375 0.03515625 0.345703125
5 0.833984375 0.0625 0.197265625 0.125
4 0.7548828125 0.3662109375 0.126953125 0.0859375
4 0.8994140625 0.4052734375 0.07421875 0.10546875
3 0.83203125 0.2353515625 0.31640625 0.470703125
6 0.708984375 0.111328125 0.046875 0.0625
6 0.919921875 0.1416015625 0.078125 0.078125
5 0.0517578125 0.615234375 0.103515625 0.2109375
5 0.3232421875 0.7998046875 0.111328125 0.400390625
0 0.2041015625 0.599609375 0.052734375 0.0703125
0 0.0302734375 0.53515625 0.05078125 0.05078125
3 0.1142578125 0.7548828125 0.228515625 0.490234375
3 0.32421875 0.7548828125 0.109375 0.490234375
5 0.5634765625 0.5869140625 0.21875 0.154296875
5 0.912109375 0.7548828125 0.17578125 0.490234375
0 0.4892578125 0.865234375 0.154296875 0.1796875
3 0.5263671875 0.5869140625 0.29296875 0.154296875
3 0.705078125 0.7548828125 0.58984375 0.490234375