5 0.0634765625 0.1708984375 0.126953125 0.314453125
3 0.0791015625 0.25390625 0.158203125 0.484375
3 0.1142578125 0.2109375 0.228515625 0.40234375
4 0.9267578125 0.234375 0.12109375 0.154296875
3 0.861328125 0.1953125 0.26953125 0.390625
5 0.4638671875 0.615234375 0.14453125 0.251953125
0 0.521484375 0.794921875 0.0390625 0.1015625
4 0.39453125 0.966796875 0.05859375 0.06640625
5 0.888671875 0.64453125 0.17578125 0.25390625
0 0.9287109375 0.82421875 0.0390625 0.1015625
4 0.8017578125 0.9765625 0.056640625 0.02734375