1 0.3798828125 0.02734375 0.064453125 0.0546875
5 0.0546875 0.15234375 0.0859375 0.3046875
5 0.1884765625 0.142578125 0.134765625 0.28515625
5 0.08984375 0.169921875 0.03125 0.140625
5 0.1201171875 0.1923828125 0.048828125 0.123046875
5 0.232421875 0.21484375 0.03515625 0.1171875
5 0.2919921875 0.2392578125 0.0703125 0.181640625
5 0.3359375 0.2138671875 0.140625 0.2734375
5 0.3818359375 0.248046875 0.044921875 0.189453125
3 0.0595703125 0.1640625 0.099609375 0.328125
3 0.1796875 0.1689453125 0.171875 0.337890625
3 0.3291015625 0.1748046875 0.169921875 0.349609375
4 0.6572265625 0.2861328125 0.13671875 0.150390625
4 0.8173828125 0.318359375 0.126953125 0.130859375
1 0.7158203125 0.193359375 0.451171875 0.38671875
5 0.6181640625 0.6748046875 0.544921875 0.650390625
1 0.9619140625 0.8388671875 0.037109375 0.08984375
3 0.9267578125 0.8935546875 0.107421875 0.212890625