1 0.1708984375 0.1494140625 0.0625 0.091796875
1 0.4755859375 0.228515625 0.0478515625 0.0888671875
1 0.3173828125 0.2509765625 0.0478515625 0.072265625
1 0.53515625 0.259765625 0.0380859375 0.0625
1 0.3994140625 0.2666015625 0.033203125 0.052734375
1 0.6083984375 0.29296875 0.041015625 0.091796875
5 0.16015625 0.37890625 0.103515625 0.2880859375
1 0.7822265625 0.39453125 0.060546875 0.0625
5 0.5419921875 0.3994140625 0.0478515625 0.1875
5 0.396484375 0.40234375 0.0625 0.1923828125
5 0.4736328125 0.412109375 0.09375 0.2548828125
5 0.5986328125 0.4326171875 0.08203125 0.2353515625
5 0.31640625 0.453125 0.09375 0.2646484375
0 0.2197265625 0.5205078125 0.0166015625 0.072265625
0 0.4208984375 0.5205078125 0.01953125 0.0458984375
0 0.115234375 0.54296875 0.029296875 0.08203125
0 0.26171875 0.57421875 0.01953125 0.0380859375
0 0.3603515625 0.5771484375 0.0263671875 0.033203125
5 0.76953125 0.5830078125 0.1083984375 0.26953125
0 0.802734375 0.7177734375 0.021484375 0.04296875
3 0.162109375 0.498046875 0.17578125 0.79296875
3 0.31640625 0.51171875 0.125 0.6005859375
3 0.4697265625 0.494140625 0.1103515625 0.625
3 0.779296875 0.65234375 0.115234375 0.5888671875
3 0.6357421875 0.552734375 0.1611328125 0.5244140625
3 0.5927734375 0.494140625 0.1181640625 0.4951171875