1 0.2607421875 0.09375 0.0380859375 0.0673828125
1 0.115234375 0.1826171875 0.04296875 0.052734375
1 0.423828125 0.23828125 0.0478515625 0.08203125
5 0.2490234375 0.279296875 0.0986328125 0.23046875
5 0.009765625 0.28515625 0.01953125 0.19921875
5 0.099609375 0.35546875 0.1005859375 0.220703125
0 0.1923828125 0.408203125 0.0244140625 0.0673828125
0 0.28515625 0.421875 0.0244140625 0.0791015625
5 0.4111328125 0.43359375 0.091796875 0.2666015625
0 0.359375 0.5634765625 0.021484375 0.03125
3 0.015625 0.3369140625 0.03125 0.4853515625
3 0.095703125 0.365234375 0.125 0.427734375
3 0.244140625 0.3173828125 0.13671875 0.5244140625
3 0.3916015625 0.38671875 0.134765625 0.384765625
5 0.9033203125 0.3466796875 0.193359375 0.275390625
0 0.8115234375 0.4951171875 0.05078125 0.0673828125
1 0.9296875 0.0966796875 0.140625 0.080078125
3 0.8896484375 0.31640625 0.220703125 0.5263671875
0 0.2451171875 0.607421875 0.0673828125 0.0556640625
0 0.013671875 0.6103515625 0.0263671875 0.0576171875
4 0.189453125 0.8017578125 0.095703125 0.1298828125
4 0.0458984375 0.80078125 0.091796875 0.125
3 0.1513671875 0.732421875 0.302734375 0.3056640625
0 0.7421875 0.8388671875 0.515625 0.318359375