1 0.12890625 0.0166015625 0.046875 0.033203125
1 0.234375 0.0234375 0.0234375 0.0390625
1 0.375 0.0537109375 0.03125 0.044921875
5 0.4716796875 0.1328125 0.0390625 0.1953125
5 0.123046875 0.1591796875 0.09375 0.23046875
5 0.3662109375 0.1796875 0.072265625 0.16015625
5 0.2421875 0.2421875 0.171875 0.408203125
0 0.07421875 0.2490234375 0.017578125 0.048828125
3 0.1162109375 0.2216796875 0.130859375 0.443359375
3 0.2626953125 0.228515625 0.228515625 0.45703125
3 0.3671875 0.212890625 0.099609375 0.375
3 0.4560546875 0.2314453125 0.076171875 0.462890625
1 0.6904296875 0.26171875 0.12109375 0.060546875
0 0.6298828125 0.4140625 0.09765625 0.064453125
0 0.7763671875 0.4150390625 0.072265625 0.0625
3 0.6962890625 0.3623046875 0.267578125 0.2578125
4 0.376953125 0.7158203125 0.16796875 0.517578125
4 0.1689453125 0.6337890625 0.337890625 0.400390625
3 0.6943359375 0.7333984375 0.541015625 0.533203125