1 0.38671875 0.1572265625 0.09375 0.111328125
1 0.0263671875 0.318359375 0.052734375 0.109375
1 0.1640625 0.3515625 0.078125 0.111328125
1 0.59765625 0.234375 0.10546875 0.126953125
1 0.294921875 0.330078125 0.080078125 0.099609375
5 0.0810546875 0.509765625 0.162109375 0.296875
5 0.021484375 0.5400390625 0.04296875 0.142578125
5 0.462890625 0.4306640625 0.21875 0.365234375
5 0.21875 0.5 0.16015625 0.2578125
5 0.1396484375 0.53125 0.078125 0.162109375
5 0.41796875 0.4970703125 0.05859375 0.123046875
5 0.306640625 0.541015625 0.056640625 0.142578125
5 0.283203125 0.5556640625 0.056640625 0.109375
5 0.529296875 0.4873046875 0.103515625 0.212890625
5 0.3896484375 0.533203125 0.095703125 0.171875
5 0.19140625 0.5927734375 0.04296875 0.08984375
0 0.033203125 0.6376953125 0.0390625 0.052734375
5 0.3505859375 0.5478515625 0.1796875 0.298828125
0 0.150390625 0.6162109375 0.03125 0.046875
0 0.443359375 0.607421875 0.04296875 0.0859375
5 0.6826171875 0.5703125 0.283203125 0.494140625
5 0.59765625 0.6572265625 0.125 0.26171875
5 0.7880859375 0.6728515625 0.123046875 0.21875
3 0.134765625 0.59375 0.26953125 0.70703125
3 0.2431640625 0.5888671875 0.291015625 0.6171875
3 0.3671875 0.6103515625 0.314453125 0.6796875
3 0.482421875 0.54296875 0.41796875 0.9140625
3 0.6611328125 0.564453125 0.45703125 0.826171875