1 0.74609375 0.1552734375 0.0693359375 0.10546875
1 0.359375 0.2412109375 0.0673828125 0.1396484375
1 0.5380859375 0.2978515625 0.0625 0.125
5 0.169921875 0.4111328125 0.146484375 0.396484375
5 0.34375 0.44140625 0.126953125 0.271484375
5 0.0732421875 0.45703125 0.0771484375 0.1826171875
5 0.7353515625 0.458984375 0.13671875 0.3681640625
5 0.2392578125 0.4736328125 0.041015625 0.1826171875
5 0.6494140625 0.4990234375 0.0556640625 0.1494140625
5 0.404296875 0.5146484375 0.033203125 0.1318359375
5 0.27734375 0.5166015625 0.03125 0.158203125
5 0.796875 0.525390625 0.05078125 0.208984375
5 0.4541015625 0.5361328125 0.04296875 0.1728515625
5 0.517578125 0.5361328125 0.1318359375 0.32421875
5 0.5673828125 0.5361328125 0.052734375 0.2041015625
0 0.072265625 0.5693359375 0.029296875 0.0693359375
0 0.2333984375 0.57421875 0.01171875 0.064453125
0 0.6396484375 0.6162109375 0.0263671875 0.1005859375
0 0.7802734375 0.650390625 0.033203125 0.1103515625
5 0.9580078125 0.6552734375 0.083984375 0.4521484375
5 0.89453125 0.734375 0.0791015625 0.2353515625
1 0.1865234375 0.1357421875 0.0791015625 0.15625
3 0.1494140625 0.5224609375 0.228515625 0.9326171875
3 0.345703125 0.5537109375 0.15625 0.7666015625
3 0.517578125 0.603515625 0.16796875 0.7353515625
3 0.720703125 0.548828125 0.1923828125 0.9013671875