0 0.1201171875 0.060546875 0.01953125 0.04296875
1 0.2177734375 0.10546875 0.060546875 0.078125
1 0.1455078125 0.107421875 0.037109375 0.041015625
5 0.08984375 0.1083984375 0.05078125 0.0859375
0 0.4287109375 0.193359375 0.021484375 0.029296875
0 0.46484375 0.2041015625 0.017578125 0.037109375
5 0.12890625 0.138671875 0.044921875 0.044921875
0 0.1591796875 0.16015625 0.015625 0.0234375
1 0.447265625 0.2216796875 0.04296875 0.04296875
5 0.271484375 0.1884765625 0.041015625 0.078125
1 0.2509765625 0.1865234375 0.02734375 0.037109375
1 0.3095703125 0.203125 0.0390625 0.05859375
5 0.404296875 0.228515625 0.056640625 0.087890625
5 0.33203125 0.2333984375 0.041015625 0.05078125
5 0.1171875 0.19921875 0.056640625 0.111328125
5 0.29296875 0.2392578125 0.025390625 0.05078125
5 0.3193359375 0.248046875 0.078125 0.138671875
5 0.2353515625 0.2744140625 0.046875 0.109375
5 0.4091796875 0.3330078125 0.095703125 0.16796875
5 0.166015625 0.287109375 0.134765625 0.24609375
3 0.07421875 0.20703125 0.1171875 0.3515625
3 0.1875 0.2373046875 0.193359375 0.359375
3 0.4072265625 0.314453125 0.130859375 0.291015625
3 0.31640625 0.2783203125 0.140625 0.32421875
5 0.859375 0.1103515625 0.28125 0.142578125
0 0.828125 0.1904296875 0.099609375 0.08203125
4 0.8017578125 0.4052734375 0.216796875 0.171875
4 0.75390625 0.33984375 0.16796875 0.146484375
3 0.8076171875 0.28125 0.384765625 0.49609375
3 0.2431640625 0.6904296875 0.34375 0.560546875
5 0.267578125 0.6630859375 0.248046875 0.265625
0 0.1533203125 0.7841796875 0.078125 0.064453125
4 0.2001953125 0.93359375 0.107421875 0.046875
1 0.318359375 0.47265625 0.15234375 0.091796875
0 0.9013671875 0.611328125 0.107421875 0.087890625
4 0.833984375 0.76171875 0.205078125 0.150390625
4 0.923828125 0.814453125 0.06640625 0.146484375
3 0.8388671875 0.7119140625 0.30859375 0.361328125