1 0.470703125 0.171875 0.115234375 0.2763671875
3 0.3427734375 0.2255859375 0.373046875 0.404296875
0 0.56640625 0.0830078125 0.0458984375 0.072265625
5 0.6552734375 0.1513671875 0.0673828125 0.25
0 0.677734375 0.2724609375 0.0244140625 0.064453125
3 0.6708984375 0.2451171875 0.001953125 0.04296875
0 0.0849609375 0.5595703125 0.169921875 0.263671875
5 0.80078125 0.484375 0.283203125 0.11328125
0 0.701171875 0.595703125 0.1103515625 0.0791015625
0 0.9638671875 0.5419921875 0.052734375 0.0771484375
4 0.89453125 0.7744140625 0.189453125 0.146484375
4 0.7353515625 0.8115234375 0.146484375 0.166015625
3 0.7646484375 0.666015625 0.470703125 0.4755859375