1 0.1279296875 0.1162109375 0.09765625 0.099609375
1 0.3349609375 0.2294921875 0.05078125 0.064453125
1 0.5556640625 0.3251953125 0.072265625 0.0703125
1 0.0634765625 0.2138671875 0.01953125 0.0390625
1 0.1904296875 0.26953125 0.0390625 0.048828125
5 0.29296875 0.373046875 0.12109375 0.20703125
5 0.158203125 0.3916015625 0.099609375 0.166015625
0 0.3037109375 0.4794921875 0.025390625 0.0546875
5 0.4892578125 0.505859375 0.146484375 0.236328125
5 0.072265625 0.3681640625 0.14453125 0.279296875
3 0.1171875 0.2900390625 0.234375 0.458984375
3 0.1640625 0.3828125 0.146484375 0.296875
3 0.2958984375 0.375 0.205078125 0.390625
3 0.490234375 0.44921875 0.203125 0.349609375
5 0.916015625 0.1884765625 0.16796875 0.212890625
0 0.841796875 0.2236328125 0.07421875 0.08203125
0 0.9169921875 0.298828125 0.12109375 0.10546875
4 0.8427734375 0.501953125 0.216796875 0.1796875
4 0.96484375 0.4609375 0.0703125 0.15625
3 0.8447265625 0.337890625 0.310546875 0.54296875
1 0.1865234375 0.7236328125 0.373046875 0.462890625
0 0.2783203125 0.912109375 0.3046875 0.162109375