1 0.5205078125 0.0400390625 0.162109375 0.080078125
5 0.4375 0.333984375 0.388671875 0.61328125
0 0.1298828125 0.3125 0.12109375 0.140625
0 0.50390625 0.6142578125 0.080078125 0.076171875
3 0.39453125 0.3330078125 0.703125 0.666015625
1 0.7763671875 0.1484375 0.052734375 0.087890625
1 0.810546875 0.193359375 0.0859375 0.08984375
1 0.982421875 0.21875 0.03515625 0.19921875
3 0.732421875 0.396484375 0.228515625 0.59765625
3 0.85546875 0.421875 0.2890625 0.6796875
4 0.404296875 0.6318359375 0.083984375 0.046875
4 0.5146484375 0.68359375 0.103515625 0.08984375
5 0.7353515625 0.8369140625 0.423828125 0.326171875