5 0.2900390625 0.126953125 0.142578125 0.25390625
3 0.265625 0.2451171875 0.265625 0.490234375
6 0.302734375 0.2646484375 0.056640625 0.07421875
5 0.62109375 0.3779296875 0.279296875 0.263671875
0 0.80078125 0.53125 0.060546875 0.037109375
1 0.66015625 0.166015625 0.1796875 0.09765625
3 0.6884765625 0.330078125 0.421875 0.443359375
5 0.3623046875 0.578125 0.23046875 0.1953125
0 0.1884765625 0.6787109375 0.076171875 0.072265625
4 0.2626953125 0.9072265625 0.125 0.146484375
4 0.3916015625 0.8701171875 0.09765625 0.13671875
3 0.2880859375 0.73046875 0.37890625 0.525390625
1 0.8525390625 0.6181640625 0.146484375 0.14453125
1 0.8017578125 0.7265625 0.10546875 0.119140625
5 0.876953125 0.8310546875 0.20703125 0.337890625
3 0.8095703125 0.765625 0.369140625 0.46875