1 0.3525390625 0.162109375 0.162109375 0.1640625
1 0.52734375 0.1884765625 0.072265625 0.16015625
5 0.2880859375 0.4326171875 0.2734375 0.220703125
5 0.5341796875 0.4453125 0.091796875 0.146484375
3 0.283203125 0.3095703125 0.3359375 0.46875
3 0.5126953125 0.3134765625 0.13671875 0.4140625
5 0.3291015625 0.8037109375 0.322265625 0.328125
0 0.15625 0.990234375 0.11328125 0.01953125
0 0.578125 0.943359375 0.0703125 0.091796875
1 0.3359375 0.54296875 0.224609375 0.0390625
3 0.3359375 0.7568359375 0.5546875 0.486328125
5 0.806640625 0.5703125 0.130859375 0.15234375
3 0.7578125 0.7421875 0.35546875 0.501953125
6 0.8779296875 0.5869140625 0.0390625 0.044921875