5 0.091796875 0.228515625 0.1796875 0.45703125
5 0.30859375 0.2734375 0.3203125 0.38671875
5 0.5048828125 0.240234375 0.119140625 0.4609375
3 0.09375 0.228515625 0.18359375 0.45703125
3 0.3134765625 0.2333984375 0.330078125 0.466796875
3 0.5009765625 0.2353515625 0.126953125 0.470703125
6 0.095703125 0.3701171875 0.099609375 0.15234375
1 0.935546875 0.060546875 0.12890625 0.09765625
0 0.9736328125 0.4384765625 0.052734375 0.095703125
5 0.880859375 0.2998046875 0.23828125 0.267578125
3 0.861328125 0.2470703125 0.27734375 0.478515625
5 0.4697265625 0.6025390625 0.158203125 0.240234375
0 0.3369140625 0.7490234375 0.06640625 0.072265625
4 0.3955078125 0.9501953125 0.11328125 0.09765625
4 0.5068359375 0.931640625 0.056640625 0.13671875
3 0.412109375 0.73046875 0.2734375 0.5390625
5 0.705078125 0.6884765625 0.25390625 0.275390625
0 0.5908203125 0.82421875 0.052734375 0.05859375
0 0.69140625 0.8720703125 0.09765625 0.080078125
4 0.802734375 0.9794921875 0.16015625 0.041015625
3 0.7177734375 0.7353515625 0.376953125 0.529296875