1 0.224609375 0.2724609375 0.18359375 0.267578125
1 0.2255859375 0.4462890625 0.115234375 0.126953125
5 0.361328125 0.515625 0.283203125 0.369140625
3 0.263671875 0.4208984375 0.478515625 0.625
5 0.5654296875 0.431640625 0.27734375 0.32421875
0 0.7294921875 0.541015625 0.078125 0.091796875
1 0.484375 0.18359375 0.189453125 0.130859375
3 0.599609375 0.375 0.416015625 0.5546875
0 0.66015625 0.640625 0.09765625 0.06640625
4 0.9423828125 0.728515625 0.115234375 0.15625
4 0.8203125 0.8056640625 0.134765625 0.189453125
3 0.802734375 0.728515625 0.39453125 0.39453125