1 0.17578125 0.2724609375 0.171875 0.1484375
1 0.3515625 0.232421875 0.150390625 0.134765625
3 0.130859375 0.3271484375 0.251953125 0.265625
3 0.3544921875 0.3134765625 0.28515625 0.326171875
1 0.5771484375 0.0419921875 0.0234375 0.02734375
1 0.62890625 0.060546875 0.021484375 0.025390625
1 0.7060546875 0.0927734375 0.02734375 0.048828125
1 0.7529296875 0.1123046875 0.029296875 0.037109375
1 0.9248046875 0.0888671875 0.02734375 0.037109375
1 0.9775390625 0.1884765625 0.03515625 0.044921875
1 0.8212890625 0.2890625 0.033203125 0.02734375
5 0.560546875 0.0849609375 0.029296875 0.064453125
5 0.6123046875 0.1162109375 0.029296875 0.080078125
1 0.5625 0.1484375 0.02734375 0.048828125
6 0.8603515625 0.4091796875 0.029296875 0.037109375
3 0.94921875 0.3232421875 0.1015625 0.322265625
3 0.736328125 0.244140625 0.08203125 0.3046875
3 0.591796875 0.2509765625 0.111328125 0.263671875
1 0.1689453125 0.6708984375 0.337890625 0.177734375
3 0.255859375 0.791015625 0.51171875 0.41796875
5 0.68359375 0.8564453125 0.2890625 0.275390625
0 0.8232421875 0.994140625 0.076171875 0.01171875
0 0.54296875 0.9853515625 0.0859375 0.029296875
1 0.70703125 0.6220703125 0.16796875 0.087890625
3 0.69921875 0.7822265625 0.43359375 0.435546875