1 0.02734375 0.0771484375 0.0546875 0.111328125
1 0.166015625 0.0810546875 0.111328125 0.130859375
1 0.30078125 0.0244140625 0.115234375 0.03515625
5 0.0517578125 0.3740234375 0.103515625 0.259765625
5 0.1845703125 0.3642578125 0.181640625 0.26953125
5 0.3251953125 0.31640625 0.22265625 0.3515625
3 0.0615234375 0.26171875 0.123046875 0.484375
3 0.19921875 0.2548828125 0.224609375 0.48828125
3 0.328125 0.248046875 0.2421875 0.48828125
6 0.31640625 0.4013671875 0.08984375 0.1484375
0 0.93359375 0.416015625 0.12890625 0.0859375
3 0.7109375 0.240234375 0.57421875 0.48046875
5 0.2431640625 0.69921875 0.24609375 0.232421875
0 0.380859375 0.828125 0.064453125 0.06640625
0 0.14453125 0.841796875 0.0703125 0.064453125
4 0.3232421875 0.9697265625 0.095703125 0.060546875
4 0.1865234375 0.9716796875 0.080078125 0.056640625
1 0.2373046875 0.517578125 0.1484375 0.05859375
3 0.2529296875 0.7412109375 0.376953125 0.517578125
1 0.580078125 0.71484375 0.08984375 0.140625
5 0.802734375 0.7275390625 0.28125 0.220703125
3 0.75390625 0.6884765625 0.4921875 0.353515625
6 0.931640625 0.572265625 0.072265625 0.0546875