1 0.333984375 0.3134765625 0.056640625 0.068359375
1 0.44140625 0.3408203125 0.052734375 0.0625
1 0.548828125 0.3603515625 0.046875 0.0546875
1 0.5947265625 0.390625 0.0625 0.0859375
1 0.67578125 0.392578125 0.0625 0.08984375
1 0.7763671875 0.400390625 0.0546875 0.076171875
5 0.30859375 0.4951171875 0.134765625 0.208984375
5 0.412109375 0.4921875 0.11328125 0.17578125
5 0.521484375 0.521484375 0.140625 0.19140625
5 0.623046875 0.5498046875 0.126953125 0.220703125
5 0.7470703125 0.546875 0.111328125 0.21484375
1 0.9580078125 0.599609375 0.0390625 0.0625
5 0.923828125 0.630859375 0.05859375 0.068359375
0 0.5439453125 0.7216796875 0.037109375 0.0703125
3 0.2841796875 0.599609375 0.2421875 0.66015625
3 0.3955078125 0.6005859375 0.216796875 0.6015625
3 0.501953125 0.666015625 0.244140625 0.662109375
3 0.615234375 0.64453125 0.216796875 0.603515625
3 0.724609375 0.6318359375 0.189453125 0.5546875
3 0.927734375 0.650390625 0.103515625 0.173828125