5 0.083984375 0.220703125 0.16796875 0.34765625
3 0.087890625 0.2041015625 0.17578125 0.376953125
1 0.6005859375 0.013671875 0.087890625 0.02734375
5 0.603515625 0.224609375 0.125 0.279296875
3 0.5888671875 0.18359375 0.224609375 0.3671875
5 0.2734375 0.48046875 0.078125 0.205078125
3 0.2607421875 0.6884765625 0.142578125 0.623046875
5 0.73046875 0.537109375 0.236328125 0.208984375
0 0.583984375 0.6767578125 0.0703125 0.064453125
0 0.8916015625 0.6455078125 0.041015625 0.064453125
4 0.8046875 0.802734375 0.08984375 0.099609375
4 0.7041015625 0.837890625 0.087890625 0.125
1 0.72265625 0.3740234375 0.140625 0.04296875
3 0.732421875 0.6279296875 0.40234375 0.5625