1 0.125 0.1455078125 0.0986328125 0.1103515625
1 0.3857421875 0.2666015625 0.0888671875 0.13671875
5 0.126953125 0.3759765625 0.1923828125 0.185546875
3 0.1337890625 0.2763671875 0.2236328125 0.384765625
3 0.3740234375 0.328125 0.189453125 0.28125
5 0.6650390625 0.1201171875 0.220703125 0.1943359375
0 0.552734375 0.2548828125 0.0556640625 0.0556640625
0 0.810546875 0.236328125 0.0478515625 0.060546875
4 0.7587890625 0.4169921875 0.0986328125 0.103515625
4 0.6259765625 0.39453125 0.07421875 0.103515625
3 0.685546875 0.234375 0.35546875 0.46875
5 0.400390625 0.6025390625 0.13671875 0.2666015625
0 0.3369140625 0.765625 0.0771484375 0.0625
4 0.3759765625 0.9541015625 0.123046875 0.091796875
3 0.36328125 0.734375 0.2119140625 0.53125
0 0.5 0.5869140625 0.0625 0.095703125
3 0.642578125 0.734375 0.3486328125 0.53125