1 0.625 0.1806640625 0.0263671875 0.0361328125
1 0.5458984375 0.427734375 0.029296875 0.0361328125
1 0.6357421875 0.5205078125 0.021484375 0.0361328125
1 0.6083984375 0.63671875 0.029296875 0.041015625
1 0.697265625 0.7197265625 0.03125 0.029296875
1 0.8818359375 0.677734375 0.0263671875 0.0361328125
5 0.693359375 0.787109375 0.0380859375 0.095703125
0 0.580078125 0.126953125 0.0146484375 0.03125
0 0.646484375 0.291015625 0.0146484375 0.0244140625
0 0.5712890625 0.490234375 0.021484375 0.0263671875
0 0.5732421875 0.693359375 0.0166015625 0.01953125
1 0.583984375 0.94921875 0.029296875 0.033203125
5 0.3837890625 0.7392578125 0.0478515625 0.083984375
3 0.900390625 0.775390625 0.091796875 0.2353515625
3 0.546875 0.1162109375 0.09375 0.232421875
3 0.6240234375 0.271484375 0.0673828125 0.2236328125
3 0.5556640625 0.51953125 0.060546875 0.23046875
3 0.6083984375 0.7275390625 0.0888671875 0.2666015625
3 0.6806640625 0.822265625 0.0673828125 0.240234375