1 0.1865234375 0.224609375 0.107421875 0.12109375
1 0.462890625 0.12109375 0.126953125 0.12890625
1 0.6640625 0.126953125 0.123046875 0.123046875
0 0.1298828125 0.615234375 0.068359375 0.15625
0 0.2490234375 0.4873046875 0.09375 0.126953125
0 0.3876953125 0.77734375 0.107421875 0.166015625
0 0.583984375 0.57421875 0.107421875 0.107421875
3 0.236328125 0.57421875 0.375 0.8515625
3 0.482421875 0.5205078125 0.4375 0.958984375
3 0.763671875 0.513671875 0.466796875 0.9453125
6 0.6435546875 0.791015625 0.068359375 0.12109375
6 0.884765625 0.2626953125 0.080078125 0.111328125