1 0.24609375 0.3134765625 0.0458984375 0.0693359375
3 0.279296875 0.15234375 0.125 0.3046875
5 0.8037109375 0.1611328125 0.2451171875 0.21875
0 0.9755859375 0.302734375 0.0478515625 0.072265625
0 0.6416015625 0.306640625 0.0693359375 0.0625
3 0.7958984375 0.173828125 0.408203125 0.34765625
5 0.32421875 0.59375 0.0673828125 0.259765625
4 0.2861328125 0.9130859375 0.14453125 0.1103515625
1 0.3193359375 0.375 0.0771484375 0.052734375
3 0.279296875 0.673828125 0.158203125 0.6513671875
1 0.78515625 0.3818359375 0.1318359375 0.0673828125
1 0.748046875 0.46484375 0.09375 0.1083984375
5 0.8662109375 0.6611328125 0.21875 0.521484375
3 0.79296875 0.673828125 0.3701171875 0.6513671875