1 0.259765625 0.271484375 0.13671875 0.169921875
1 0.3984375 0.162109375 0.095703125 0.08984375
1 0.482421875 0.1279296875 0.064453125 0.17578125
5 0.2314453125 0.4482421875 0.236328125 0.326171875
5 0.48046875 0.37890625 0.185546875 0.33203125
3 0.2392578125 0.43359375 0.37109375 0.513671875
3 0.4375 0.3740234375 0.306640625 0.5390625
5 0.8330078125 0.173828125 0.23828125 0.189453125
5 0.609375 0.2197265625 0.240234375 0.34765625
2 0.568359375 0.0283203125 0.125 0.056640625
2 0.78515625 0.046875 0.14453125 0.09375
1 0.8564453125 0.4736328125 0.060546875 0.060546875
3 0.865234375 0.4970703125 0.13671875 0.125
5 0.4287109375 0.8974609375 0.302734375 0.205078125
1 0.3955078125 0.6904296875 0.240234375 0.13671875
3 0.3984375 0.80078125 0.52734375 0.3984375
5 0.6904296875 0.7783203125 0.197265625 0.3984375
5 0.8798828125 0.7470703125 0.240234375 0.396484375
2 0.84765625 0.580078125 0.1015625 0.0703125
3 0.7041015625 0.7744140625 0.2265625 0.404296875
3 0.865234375 0.734375 0.26953125 0.4296875