5 0.21484375 0.162109375 0.134765625 0.28515625
3 0.2138671875 0.279296875 0.248046875 0.525390625
6 0.2578125 0.310546875 0.0546875 0.07421875
5 0.5927734375 0.35546875 0.271484375 0.255859375
0 0.80078125 0.4677734375 0.060546875 0.037109375
1 0.5869140625 0.140625 0.177734375 0.091796875
3 0.6484375 0.294921875 0.408203125 0.431640625
5 0.3818359375 0.60546875 0.2265625 0.189453125
0 0.232421875 0.7392578125 0.07421875 0.0703125
4 0.3515625 0.9375 0.12109375 0.125
4 0.470703125 0.884765625 0.09375 0.1328125
3 0.33984375 0.755859375 0.36328125 0.48828125
1 0.869140625 0.5419921875 0.142578125 0.140625
1 0.8427734375 0.6591796875 0.103515625 0.115234375
5 0.9228515625 0.7734375 0.154296875 0.390625
3 0.84375 0.72265625 0.3125 0.515625