1 0.3193359375 0.041015625 0.1298828125 0.08203125
0 0.275390625 0.400390625 0.09375 0.15625
3 0.333984375 0.2392578125 0.2119140625 0.478515625
3 0.427734375 0.2392578125 0.404296875 0.478515625
3 0.677734375 0.3056640625 0.095703125 0.345703125
0 0.3525390625 0.7509765625 0.5166015625 0.498046875
5 0.9658203125 0.763671875 0.068359375 0.10546875
0 0.9267578125 0.8330078125 0.03125 0.033203125
4 0.9638671875 0.923828125 0.0458984375 0.060546875
4 0.9912109375 0.9052734375 0.0166015625 0.0556640625
1 0.9755859375 0.673828125 0.0478515625 0.0361328125
3 0.94921875 0.8037109375 0.1005859375 0.2958984375