1 0.265625 0.1640625 0.08203125 0.09765625
1 0.5244140625 0.1474609375 0.083984375 0.10546875
1 0.693359375 0.087890625 0.060546875 0.06640625
5 0.2509765625 0.3466796875 0.12890625 0.27734375
5 0.51171875 0.384765625 0.16015625 0.294921875
5 0.673828125 0.275390625 0.107421875 0.23046875
3 0.2412109375 0.4931640625 0.2265625 0.765625
3 0.4951171875 0.5244140625 0.26953125 0.875
3 0.6845703125 0.3388671875 0.15625 0.56640625
4 0.1943359375 0.779296875 0.068359375 0.16015625
4 0.2666015625 0.7900390625 0.109375 0.16796875
4 0.4404296875 0.841796875 0.06640625 0.1796875
4 0.5126953125 0.8603515625 0.09375 0.181640625
4 0.6513671875 0.5634765625 0.0546875 0.12109375
4 0.7041015625 0.552734375 0.0625 0.11328125