1 0.2900390625 0.3017578125 0.12109375 0.119140625
1 0.458984375 0.3046875 0.111328125 0.130859375
1 0.5927734375 0.2001953125 0.12109375 0.130859375
1 0.787109375 0.234375 0.12109375 0.126953125
5 0.30859375 0.712890625 0.203125 0.48828125
5 0.484375 0.677734375 0.19140625 0.453125
5 0.623046875 0.591796875 0.2265625 0.455078125
5 0.826171875 0.6328125 0.22265625 0.494140625
3 0.283203125 0.619140625 0.296875 0.76171875
3 0.5 0.6162109375 0.23828125 0.767578125
3 0.6279296875 0.5634765625 0.26171875 0.869140625
3 0.83984375 0.5771484375 0.26171875 0.8203125
6 0.6103515625 0.6240234375 0.091796875 0.1484375
6 0.7724609375 0.76171875 0.087890625 0.10546875
6 0.4091796875 0.9609375 0.056640625 0.078125