1 0.23828125 0.087890625 0.41796875 0.17578125
5 0.2470703125 0.4140625 0.494140625 0.28125
3 0.2607421875 0.2783203125 0.521484375 0.556640625
5 0.724609375 0.2734375 0.333984375 0.306640625
0 0.533203125 0.4521484375 0.107421875 0.08984375
0 0.9189453125 0.4560546875 0.076171875 0.087890625
1 0.755859375 0.0341796875 0.212890625 0.044921875
3 0.736328125 0.2998046875 0.52734375 0.599609375
5 0.044921875 0.736328125 0.08984375 0.44921875
5 0.3837890625 0.76953125 0.177734375 0.453125
3 0.279296875 0.759765625 0.384765625 0.47265625
3 0.06640625 0.73828125 0.1328125 0.453125
6 0.2626953125 0.6376953125 0.115234375 0.078125
0 0.5634765625 0.6044921875 0.080078125 0.087890625
5 0.5068359375 0.7373046875 0.119140625 0.2421875
3 0.5380859375 0.7763671875 0.205078125 0.447265625