1 0.421875 0.1220703125 0.078125 0.078125
5 0.478515625 0.2587890625 0.126953125 0.224609375
5 0.3388671875 0.13671875 0.060546875 0.080078125
3 0.025390625 0.353515625 0.05078125 0.44140625
3 0.341796875 0.1552734375 0.103515625 0.1875
1 0.326171875 0.083984375 0.03125 0.0390625
3 0.486328125 0.314453125 0.208984375 0.482421875
1 0.7080078125 0.1552734375 0.080078125 0.08203125
1 0.8427734375 0.171875 0.076171875 0.072265625
1 0.5615234375 0.1884765625 0.056640625 0.064453125
5 0.5927734375 0.322265625 0.14453125 0.18359375
5 0.767578125 0.296875 0.15625 0.240234375
5 0.896484375 0.3076171875 0.142578125 0.224609375
3 0.62109375 0.390625 0.25390625 0.50390625
3 0.779296875 0.3486328125 0.271484375 0.5078125
3 0.8984375 0.3427734375 0.203125 0.443359375
6 0.673828125 0.41015625 0.044921875 0.05859375
6 0.865234375 0.4208984375 0.04296875 0.05859375
5 0.51953125 0.8203125 0.37109375 0.359375
5 0.2158203125 0.7744140625 0.091796875 0.06640625
3 0.5087890625 0.8203125 0.392578125 0.359375
3 0.248046875 0.869140625 0.1484375 0.26171875
3 0.30859375 0.8115234375 0.1015625 0.17578125
3 0.8916015625 0.7255859375 0.216796875 0.384765625