1 0.2021484375 0.13671875 0.0576171875 0.07421875
1 0.552734375 0.1884765625 0.0556640625 0.083984375
1 0.4990234375 0.40234375 0.0556640625 0.0986328125
1 0.443359375 0.953125 0.0458984375 0.0693359375
5 0.5615234375 0.337890625 0.07421875 0.19921875
0 0.5791015625 0.443359375 0.029296875 0.060546875
0 0.17578125 0.3896484375 0.0263671875 0.04296875
0 0.4306640625 0.29296875 0.0263671875 0.0693359375
3 0.189453125 0.419921875 0.09375 0.64453125
3 0.4755859375 0.6005859375 0.125 0.689453125
3 0.572265625 0.412109375 0.0986328125 0.5380859375
3 0.6259765625 0.6396484375 0.1318359375 0.5576171875