1 0.2392578125 0.154296875 0.1875 0.2265625
3 0.21875 0.345703125 0.4375 0.62109375
3 0.408203125 0.28125 0.236328125 0.537109375
6 0.23046875 0.5771484375 0.11328125 0.072265625
6 0.4658203125 0.5 0.12109375 0.099609375
0 0.5146484375 0.2900390625 0.0703125 0.091796875
0 0.740234375 0.1884765625 0.06640625 0.07421875
5 0.58984375 0.130859375 0.23828125 0.26171875
3 0.6318359375 0.259765625 0.466796875 0.51953125
5 0.2607421875 0.689453125 0.310546875 0.25
0 0.1181640625 0.8232421875 0.078125 0.083984375
0 0.2939453125 0.8310546875 0.12109375 0.099609375
4 0.30078125 0.9736328125 0.1953125 0.052734375
3 0.275390625 0.77734375 0.5 0.4453125
5 0.826171875 0.60546875 0.34765625 0.41796875
3 0.8232421875 0.671875 0.353515625 0.546875