1 0.4912109375 0.27734375 0.1328125 0.197265625
3 0.494140625 0.208984375 0.21484375 0.41796875
5 0.7646484375 0.412109375 0.28125 0.181640625
2 0.7919921875 0.1982421875 0.185546875 0.302734375
3 0.7822265625 0.26953125 0.435546875 0.4921875
5 0.2099609375 0.7333984375 0.357421875 0.3359375
0 0.3466796875 0.923828125 0.080078125 0.08984375
0 0.0537109375 0.880859375 0.10546875 0.076171875
1 0.2294921875 0.4736328125 0.21875 0.134765625
3 0.24609375 0.6787109375 0.4921875 0.611328125
5 0.888671875 0.63671875 0.22265625 0.25390625
0 0.7783203125 0.7626953125 0.095703125 0.08203125
4 0.873046875 0.9609375 0.078125 0.078125
4 0.7802734375 0.912109375 0.107421875 0.12890625
3 0.814453125 0.7373046875 0.37109375 0.525390625