1 0.248046875 0.1767578125 0.0771484375 0.09375
1 0.505859375 0.146484375 0.0791015625 0.1005859375
1 0.671875 0.078125 0.0576171875 0.064453125
5 0.2431640625 0.3603515625 0.115234375 0.271484375
5 0.505859375 0.384765625 0.14453125 0.2880859375
5 0.662109375 0.2666015625 0.095703125 0.2255859375
3 0.2412109375 0.5068359375 0.1875 0.7568359375
3 0.49609375 0.5244140625 0.2236328125 0.865234375
3 0.67578125 0.3291015625 0.126953125 0.560546875
4 0.208984375 0.794921875 0.060546875 0.15625
4 0.2822265625 0.8017578125 0.1005859375 0.1630859375
4 0.4580078125 0.8447265625 0.0576171875 0.177734375
4 0.53125 0.859375 0.083984375 0.177734375
4 0.654296875 0.5556640625 0.0478515625 0.1181640625
4 0.70703125 0.5419921875 0.0576171875 0.1103515625