5 0.064453125 0.3115234375 0.12890625 0.466796875
5 0.2216796875 0.2734375 0.38671875 0.5
5 0.4287109375 0.2333984375 0.21875 0.466796875
3 0.06640625 0.3115234375 0.1328125 0.466796875
3 0.2236328125 0.2734375 0.39453125 0.5
3 0.42578125 0.234375 0.224609375 0.46875
6 0.4560546875 0.4111328125 0.111328125 0.107421875
6 0.041015625 0.3466796875 0.08203125 0.162109375
5 0.564453125 0.16796875 0.205078125 0.287109375
0 0.6875 0.306640625 0.083984375 0.076171875
3 0.609375 0.220703125 0.31640625 0.44140625
5 0.115234375 0.6611328125 0.228515625 0.287109375
3 0.169921875 0.75 0.33984375 0.5
6 0.2197265625 0.7890625 0.091796875 0.091796875
1 0.9228515625 0.634765625 0.154296875 0.166015625
5 0.9248046875 0.865234375 0.150390625 0.14453125
3 0.671875 0.6953125 0.26953125 0.572265625
3 0.8994140625 0.7421875 0.201171875 0.38671875