5 0.3798828125 0.2158203125 0.36328125 0.38671875
5 0.103515625 0.1181640625 0.099609375 0.14453125
5 0.1826171875 0.115234375 0.0703125 0.1171875
1 0.1123046875 0.015625 0.041015625 0.03125
1 0.1787109375 0.041015625 0.025390625 0.033203125
3 0.3720703125 0.2041015625 0.392578125 0.408203125
3 0.099609375 0.1767578125 0.1328125 0.353515625
3 0.177734375 0.1669921875 0.103515625 0.30078125
0 0.76171875 0.046875 0.064453125 0.037109375
0 0.84765625 0.0732421875 0.1015625 0.0703125
4 0.8837890625 0.2919921875 0.17578125 0.1640625
4 0.775390625 0.2705078125 0.078125 0.046875
3 0.830078125 0.2041015625 0.33984375 0.361328125
5 0.01953125 0.4833984375 0.0390625 0.138671875
5 0.0849609375 0.3876953125 0.15625 0.09375
5 0.3779296875 0.453125 0.146484375 0.142578125
0 0.2509765625 0.4580078125 0.0859375 0.09765625
0 0.4921875 0.46875 0.0390625 0.10546875
3 0.158203125 0.6318359375 0.31640625 0.583984375
3 0.3310546875 0.658203125 0.36328125 0.578125
6 0.2060546875 0.4150390625 0.064453125 0.07421875
1 0.5244140625 0.4716796875 0.056640625 0.125
1 0.7119140625 0.5341796875 0.103515625 0.107421875
1 0.9052734375 0.65625 0.12109375 0.12890625
1 0.955078125 0.75390625 0.041015625 0.10546875
5 0.4755859375 0.79296875 0.09375 0.4140625
5 0.5087890625 0.8232421875 0.142578125 0.328125
5 0.6982421875 0.7705078125 0.21484375 0.3203125
5 0.8564453125 0.873046875 0.201171875 0.25390625
3 0.4931640625 0.7041015625 0.126953125 0.591796875
3 0.5419921875 0.7529296875 0.228515625 0.494140625
3 0.701171875 0.7353515625 0.29296875 0.529296875
3 0.859375 0.7890625 0.26171875 0.421875
6 0.6123046875 0.69921875 0.07421875 0.087890625