3 0.22265625 0.2119140625 0.29296875 0.423828125
1 0.7255859375 0.0615234375 0.103515625 0.06640625
0 0.560546875 0.33203125 0.068359375 0.091796875
0 0.78515625 0.3642578125 0.052734375 0.078125
5 0.6953125 0.23828125 0.201171875 0.228515625
4 0.6162109375 0.55078125 0.05078125 0.03515625
3 0.6767578125 0.3017578125 0.412109375 0.58984375
5 0.255859375 0.5380859375 0.212890625 0.13671875
4 0.173828125 0.8017578125 0.150390625 0.16796875
3 0.1962890625 0.7099609375 0.33203125 0.501953125
5 0.4970703125 0.76171875 0.439453125 0.4765625