3 0.3017578125 0.1787109375 0.470703125 0.357421875
5 0.70703125 0.2333984375 0.302734375 0.25
1 0.7041015625 0.0146484375 0.1826171875 0.029296875
3 0.7353515625 0.1787109375 0.396484375 0.357421875
0 0.09375 0.673828125 0.072265625 0.103515625
5 0.134765625 0.587890625 0.26953125 0.458984375
3 0.14453125 0.6787109375 0.2880859375 0.6416015625
5 0.9873046875 0.6962890625 0.025390625 0.201171875
5 0.91015625 0.6572265625 0.0888671875 0.1826171875
5 0.599609375 0.7275390625 0.123046875 0.228515625
5 0.734375 0.6669921875 0.1416015625 0.2138671875
3 0.9814453125 0.7529296875 0.037109375 0.494140625
3 0.888671875 0.7265625 0.125 0.546875
3 0.7080078125 0.7490234375 0.1611328125 0.501953125
3 0.587890625 0.7666015625 0.0986328125 0.466796875
2 0.587890625 0.576171875 0.0673828125 0.0888671875
2 0.7041015625 0.5419921875 0.07421875 0.0986328125
2 0.884765625 0.505859375 0.07421875 0.095703125
6 0.94921875 0.7607421875 0.04296875 0.0771484375
6 0.8193359375 0.751953125 0.041015625 0.060546875
6 0.7568359375 0.6923828125 0.0673828125 0.04296875
6 0.5673828125 0.8369140625 0.04296875 0.0576171875