1 0.21875 0.2490234375 0.1171875 0.166015625
1 0.3662109375 0.1943359375 0.1015625 0.134765625
1 0.4423828125 0.2060546875 0.06640625 0.076171875
1 0.490234375 0.1416015625 0.080078125 0.1015625
1 0.6201171875 0.1787109375 0.06640625 0.076171875
1 0.744140625 0.2236328125 0.052734375 0.056640625
5 0.1220703125 0.4541015625 0.244140625 0.400390625
5 0.4716796875 0.349609375 0.1953125 0.3046875
5 0.5439453125 0.28125 0.1484375 0.220703125
5 0.67578125 0.3154296875 0.13671875 0.208984375
5 0.7734375 0.3212890625 0.09375 0.142578125
3 0.2236328125 0.5830078125 0.447265625 0.833984375
3 0.484375 0.46484375 0.3359375 0.71875
3 0.572265625 0.38671875 0.26171875 0.615234375
3 0.697265625 0.3857421875 0.2265625 0.51171875
3 0.78125 0.3662109375 0.16015625 0.357421875
6 0.3759765625 0.35546875 0.046875 0.05078125
6 0.48046875 0.525390625 0.052734375 0.072265625
6 0.15625 0.5576171875 0.078125 0.10546875
6 0.2607421875 0.658203125 0.0546875 0.080078125
6 0.5849609375 0.3291015625 0.0390625 0.048828125
6 0.6533203125 0.3115234375 0.0390625 0.044921875