1 0.552734375 0.076171875 0.0673828125 0.1513671875
5 0.0263671875 0.443359375 0.052734375 0.1416015625
5 0.458984375 0.1513671875 0.166015625 0.228515625
0 0.1005859375 0.4052734375 0.0263671875 0.060546875
0 0.5009765625 0.3193359375 0.05078125 0.10546875
3 0.056640625 0.4931640625 0.11328125 0.302734375
3 0.46875 0.3017578125 0.2353515625 0.603515625
1 0.654296875 0.1982421875 0.083984375 0.1728515625
5 0.876953125 0.1826171875 0.2451171875 0.1923828125
0 0.9814453125 0.306640625 0.037109375 0.07421875
3 0.7939453125 0.185546875 0.412109375 0.34375
3 0.341796875 0.884765625 0.4951171875 0.23046875
5 0.9521484375 0.87109375 0.095703125 0.2041015625
3 0.9091796875 0.884765625 0.181640625 0.23046875