1 0.095703125 0.1796875 0.107421875 0.119140625
1 0.3662109375 0.27734375 0.099609375 0.14453125
5 0.1171875 0.4091796875 0.20703125 0.201171875
3 0.12109375 0.30859375 0.2421875 0.40234375
3 0.359375 0.33984375 0.212890625 0.296875
5 0.630859375 0.107421875 0.236328125 0.212890625
0 0.53125 0.2509765625 0.060546875 0.060546875
0 0.7861328125 0.2099609375 0.052734375 0.064453125
4 0.7509765625 0.39453125 0.107421875 0.111328125
4 0.6162109375 0.3837890625 0.08203125 0.109375
3 0.662109375 0.2333984375 0.39453125 0.466796875
5 0.41015625 0.6103515625 0.16015625 0.27734375
0 0.3603515625 0.779296875 0.08203125 0.068359375
4 0.4150390625 0.9560546875 0.130859375 0.087890625
3 0.3828125 0.7353515625 0.2578125 0.529296875
0 0.5078125 0.5869140625 0.0703125 0.1015625
3 0.662109375 0.7197265625 0.39453125 0.560546875