1 0.3837890625 0.12109375 0.0625 0.0625
1 0.3291015625 0.2646484375 0.060546875 0.0673828125
3 0.4072265625 0.298828125 0.158203125 0.59765625
3 0.3583984375 0.408203125 0.1875 0.3798828125
6 0.29296875 0.1806640625 0.021484375 0.052734375
6 0.275390625 0.29296875 0.0263671875 0.060546875
1 0.7822265625 0.265625 0.283203125 0.333984375
0 0.5947265625 0.5087890625 0.2138671875 0.1806640625
3 0.7392578125 0.298828125 0.505859375 0.59765625
5 0.37890625 0.9140625 0.21875 0.171875
2 0.404296875 0.71875 0.1298828125 0.240234375
3 0.34375 0.798828125 0.2880859375 0.4013671875
1 0.75390625 0.7138671875 0.146484375 0.0869140625
5 0.7705078125 0.8935546875 0.197265625 0.212890625
3 0.76953125 0.830078125 0.3173828125 0.3388671875