1 0.25390625 0.3193359375 0.08203125 0.078125
1 0.21875 0.3505859375 0.083984375 0.080078125
1 0.1796875 0.3955078125 0.09375 0.0859375
1 0.1591796875 0.4736328125 0.1015625 0.099609375
1 0.271484375 0.5361328125 0.123046875 0.126953125
1 0.314453125 0.4716796875 0.087890625 0.0859375
1 0.4326171875 0.5087890625 0.08203125 0.09375
1 0.490234375 0.6044921875 0.095703125 0.109375
1 0.599609375 0.49609375 0.080078125 0.087890625
1 0.66796875 0.4306640625 0.08203125 0.076171875
1 0.7138671875 0.5224609375 0.087890625 0.095703125
1 0.8291015625 0.51953125 0.0703125 0.076171875
1 0.720703125 0.6806640625 0.11328125 0.123046875
5 0.0810546875 0.6943359375 0.162109375 0.306640625
5 0.1728515625 0.7685546875 0.23828125 0.3359375
5 0.375 0.6943359375 0.19140625 0.28515625
5 0.435546875 0.8154296875 0.19921875 0.291015625
5 0.5595703125 0.68359375 0.181640625 0.2734375
5 0.65625 0.876953125 0.2265625 0.24609375
5 0.6650390625 0.7001953125 0.13671875 0.23828125
6 0.28125 0.35546875 0.037109375 0.046875
3 0.6923828125 0.796875 0.376953125 0.40625
3 0.8193359375 0.6572265625 0.208984375 0.357421875
3 0.669921875 0.677734375 0.19140625 0.408203125
3 0.1982421875 0.7001953125 0.33984375 0.4921875
3 0.4462890625 0.76953125 0.275390625 0.4609375
3 0.369140625 0.71484375 0.28125 0.53515625
3 0.5478515625 0.720703125 0.287109375 0.55859375
3 0.109375 0.6533203125 0.21875 0.494140625
3 0.6572265625 0.50390625 0.14453125 0.232421875
6 0.3330078125 0.9169921875 0.037109375 0.0546875