5 0.3662109375 0.1181640625 0.185546875 0.2353515625
0 0.21875 0.3740234375 0.052734375 0.1416015625
3 0.330078125 0.25 0.28125 0.5
1 0.6044921875 0.02734375 0.048828125 0.0546875
1 0.7705078125 0.060546875 0.03125 0.0478515625
5 0.591796875 0.150390625 0.0673828125 0.15625
5 0.767578125 0.173828125 0.0673828125 0.13671875
5 0.8603515625 0.2392578125 0.08203125 0.134765625
5 0.927734375 0.0849609375 0.140625 0.169921875
3 0.609375 0.228515625 0.1083984375 0.45703125
3 0.765625 0.1875 0.0693359375 0.3056640625
3 0.9287109375 0.25 0.1416015625 0.5
5 0.12890625 0.70703125 0.2568359375 0.4130859375
3 0.4208984375 0.75 0.2548828125 0.5
3 0.150390625 0.75 0.30078125 0.5
6 0.4384765625 0.5693359375 0.1103515625 0.0693359375
5 0.7734375 0.75 0.453125 0.5