5 0.146484375 0.19921875 0.2578125 0.3984375
5 0.3505859375 0.244140625 0.37890625 0.43359375
5 0.5498046875 0.2451171875 0.1953125 0.46875
3 0.1484375 0.2001953125 0.26171875 0.400390625
3 0.3623046875 0.23046875 0.404296875 0.4609375
3 0.5478515625 0.2392578125 0.205078125 0.478515625
6 0.125 0.302734375 0.123046875 0.166015625
1 0.966796875 0.1435546875 0.06640625 0.119140625
0 0.9716796875 0.5224609375 0.056640625 0.103515625
5 0.8857421875 0.369140625 0.228515625 0.3046875
3 0.8623046875 0.314453125 0.275390625 0.515625
5 0.453125 0.595703125 0.1953125 0.26171875
0 0.2958984375 0.716796875 0.078125 0.08203125
4 0.3193359375 0.9248046875 0.126953125 0.115234375
4 0.4306640625 0.927734375 0.080078125 0.142578125
3 0.3740234375 0.712890625 0.359375 0.572265625
5 0.669921875 0.7216796875 0.294921875 0.3125
0 0.533203125 0.8359375 0.0625 0.06640625
0 0.6240234375 0.8994140625 0.109375 0.095703125
3 0.673828125 0.7392578125 0.4609375 0.521484375