0 0.123046875 0.3037109375 0.107421875 0.16796875
5 0.1298828125 0.28125 0.259765625 0.46875
3 0.1708984375 0.2744140625 0.341796875 0.482421875
0 0.5400390625 0.068359375 0.095703125 0.072265625
4 0.603515625 0.265625 0.20703125 0.154296875
4 0.5712890625 0.216796875 0.162109375 0.15234375
3 0.6083984375 0.1787109375 0.294921875 0.357421875
5 0.357421875 0.541015625 0.33203125 0.2265625
0 0.2802734375 0.4775390625 0.134765625 0.046875
0 0.41015625 0.4619140625 0.125 0.05859375
4 0.3984375 0.8623046875 0.134765625 0.1640625
4 0.552734375 0.8828125 0.154296875 0.1953125
3 0.3935546875 0.7099609375 0.474609375 0.580078125
0 0.9306640625 0.513671875 0.080078125 0.115234375
1 0.96484375 0.5751953125 0.0703125 0.142578125
5 0.923828125 0.4599609375 0.15234375 0.236328125
3 0.884765625 0.6416015625 0.23046875 0.599609375