1 0.1708984375 0.1513671875 0.25 0.259765625
3 0.091796875 0.2607421875 0.18359375 0.283203125
3 0.267578125 0.1962890625 0.50390625 0.392578125
0 0.5234375 0.0751953125 0.05078125 0.087890625
5 0.5302734375 0.171875 0.076171875 0.22265625
3 0.5576171875 0.171875 0.146484375 0.34375
1 0.2509765625 0.630859375 0.501953125 0.5078125
5 0.310546875 0.8837890625 0.55859375 0.232421875
3 0.294921875 0.6796875 0.58984375 0.640625
1 0.642578125 0.455078125 0.1171875 0.125
1 0.73046875 0.5390625 0.06640625 0.111328125
1 0.791015625 0.517578125 0.076171875 0.087890625
1 0.9248046875 0.5048828125 0.126953125 0.142578125
1 0.98828125 0.5263671875 0.0234375 0.083984375
5 0.6591796875 0.720703125 0.193359375 0.337890625
5 0.923828125 0.7890625 0.15234375 0.34765625
3 0.6650390625 0.6884765625 0.271484375 0.607421875
3 0.8955078125 0.6962890625 0.208984375 0.537109375
6 0.6943359375 0.8681640625 0.064453125 0.08984375
6 0.78125 0.7197265625 0.05859375 0.0703125