1 0.169921875 0.0361328125 0.1943359375 0.072265625
5 0.1513671875 0.3447265625 0.2744140625 0.3291015625
1 0.8837890625 0.046875 0.064453125 0.064453125
5 0.3662109375 0.076171875 0.0556640625 0.1513671875
5 0.908203125 0.1962890625 0.083984375 0.2119140625
5 0.798828125 0.0400390625 0.04296875 0.072265625
3 0.375 0.1884765625 0.072265625 0.376953125
3 0.7958984375 0.0732421875 0.0576171875 0.146484375
3 0.900390625 0.2509765625 0.0986328125 0.4755859375
3 0.96875 0.2548828125 0.0625 0.509765625
5 0.03125 0.7099609375 0.0625 0.2568359375
0 0.0732421875 0.87109375 0.0791015625 0.0693359375
3 0.0673828125 0.7548828125 0.134765625 0.490234375