1 0.216796875 0.0390625 0.15625 0.0625
3 0.2138671875 0.259765625 0.365234375 0.51171875
3 0.4423828125 0.2529296875 0.271484375 0.505859375
6 0.3662109375 0.490234375 0.09375 0.033203125
0 0.9404296875 0.236328125 0.0703125 0.0703125
4 0.9296875 0.4345703125 0.140625 0.10546875
3 0.91796875 0.2431640625 0.1640625 0.486328125
1 0.2685546875 0.533203125 0.224609375 0.05859375
5 0.3681640625 0.8017578125 0.263671875 0.396484375
3 0.2587890625 0.75 0.470703125 0.5
6 0.1787109375 0.7666015625 0.11328125 0.072265625
5 0.9638671875 0.81640625 0.072265625 0.2578125
0 0.884765625 0.96875 0.0703125 0.0390625
3 0.9072265625 0.7626953125 0.185546875 0.451171875