1 0.03125 0.0869140625 0.0625 0.091796875
1 0.2822265625 0.0576171875 0.0791015625 0.1005859375
1 0.447265625 0.009765625 0.0576171875 0.01953125
5 0.037109375 0.2705078125 0.07421875 0.271484375
5 0.2822265625 0.2958984375 0.14453125 0.2880859375
5 0.4384765625 0.177734375 0.095703125 0.2255859375
3 0.0556640625 0.30859375 0.1103515625 0.541015625
3 0.271484375 0.291015625 0.220703125 0.5771484375
3 0.4482421875 0.259765625 0.123046875 0.51953125
4 0.4306640625 0.466796875 0.0478515625 0.1181640625
4 0.482421875 0.4521484375 0.0556640625 0.1103515625
0 0.794921875 0.015625 0.0458984375 0.03125
0 0.962890625 0.0166015625 0.0361328125 0.033203125
4 0.8193359375 0.1357421875 0.0478515625 0.07421875
4 0.8818359375 0.1298828125 0.064453125 0.07421875
3 0.8759765625 0.0927734375 0.228515625 0.185546875
5 0.279296875 0.765625 0.2119140625 0.373046875
3 0.0751953125 0.7890625 0.150390625 0.421875
3 0.2724609375 0.7890625 0.291015625 0.421875
5 0.88671875 0.650390625 0.2255859375 0.1416015625
0 0.77734375 0.7568359375 0.0869140625 0.072265625
4 0.9736328125 0.9384765625 0.052734375 0.123046875
4 0.83984375 0.939453125 0.0888671875 0.1201171875
3 0.849609375 0.7890625 0.296875 0.421875