1 0.0654296875 0.205078125 0.078125 0.0859375
1 0.1865234375 0.177734375 0.04296875 0.04296875
1 0.240234375 0.21875 0.048828125 0.076171875
1 0.291015625 0.2373046875 0.0390625 0.037109375
1 0.3369140625 0.205078125 0.046875 0.046875
1 0.4150390625 0.283203125 0.080078125 0.08203125
1 0.513671875 0.2138671875 0.05859375 0.05859375
1 0.677734375 0.3271484375 0.0078125 0.03125
1 0.669921875 0.3115234375 0.01953125 0.025390625
1 0.5810546875 0.275390625 0.025390625 0.03125
1 0.58203125 0.298828125 0.01953125 0.021484375
5 0.0703125 0.439453125 0.140625 0.28125
5 0.23046875 0.314453125 0.091796875 0.162109375
5 0.46484375 0.4404296875 0.123046875 0.177734375
3 0.0966796875 0.41015625 0.193359375 0.33984375
3 0.0947265625 0.3369140625 0.189453125 0.369140625
3 0.2314453125 0.369140625 0.21875 0.384765625
3 0.453125 0.3818359375 0.236328125 0.306640625
3 0.5498046875 0.3486328125 0.1328125 0.3359375
5 0.78125 0.0537109375 0.2890625 0.107421875
0 0.92578125 0.123046875 0.072265625 0.09375
4 0.890625 0.3115234375 0.16015625 0.142578125
4 0.736328125 0.375 0.12109375 0.1796875
3 0.81640625 0.2353515625 0.359375 0.470703125
3 0.4326171875 0.6513671875 0.572265625 0.310546875
1 0.7509765625 0.5029296875 0.1015625 0.041015625
0 0.8818359375 0.6259765625 0.09765625 0.048828125
3 0.8505859375 0.71484375 0.298828125 0.51171875