5 0.318359375 0.3095703125 0.62890625 0.46484375
3 0.333984375 0.2705078125 0.66015625 0.541015625
1 0.88671875 0.193359375 0.205078125 0.275390625
5 0.765625 0.462890625 0.34375 0.28515625
3 0.7919921875 0.31640625 0.416015625 0.58203125
5 0.4638671875 0.76171875 0.197265625 0.4765625
0 0.388671875 0.669921875 0.115234375 0.205078125
0 0.5205078125 0.6455078125 0.068359375 0.146484375
3 0.21484375 0.7138671875 0.384765625 0.51953125
3 0.419921875 0.751953125 0.28515625 0.49609375
5 0.7744140625 0.9609375 0.287109375 0.078125
2 0.8271484375 0.8271484375 0.181640625 0.2734375
3 0.7802734375 0.8310546875 0.373046875 0.337890625