1 0.1279296875 0.3642578125 0.185546875 0.166015625
1 0.287109375 0.279296875 0.162109375 0.150390625
3 0.119140625 0.4287109375 0.23828125 0.291015625
3 0.3115234375 0.357421875 0.318359375 0.3515625
1 0.4560546875 0.0380859375 0.025390625 0.029296875
1 0.5107421875 0.0419921875 0.0234375 0.02734375
1 0.5927734375 0.052734375 0.033203125 0.05078125
1 0.64453125 0.060546875 0.033203125 0.041015625
1 0.8046875 0.0068359375 0.03125 0.013671875
1 0.880859375 0.076171875 0.041015625 0.048828125
1 0.755859375 0.2138671875 0.03515625 0.029296875
5 0.451171875 0.083984375 0.03515625 0.06640625
5 0.5087890625 0.1005859375 0.0390625 0.08203125
1 0.4697265625 0.1435546875 0.033203125 0.05078125
6 0.8251953125 0.318359375 0.033203125 0.041015625
3 0.888671875 0.212890625 0.140625 0.328125
3 0.662109375 0.1923828125 0.1171875 0.306640625
3 0.5244140625 0.2353515625 0.140625 0.26953125
1 0.2158203125 0.7529296875 0.369140625 0.216796875
3 0.322265625 0.8056640625 0.58203125 0.388671875
5 0.76953125 0.796875 0.31640625 0.3046875
0 0.943359375 0.9072265625 0.078125 0.044921875
0 0.6689453125 0.9619140625 0.087890625 0.044921875
1 0.7314453125 0.564453125 0.17578125 0.107421875
3 0.7646484375 0.734375 0.470703125 0.50390625