1 0.595703125 0.048828125 0.04296875 0.0791015625
3 0.12890625 0.2392578125 0.1708984375 0.478515625
3 0.5712890625 0.2431640625 0.0888671875 0.470703125
0 0.9384765625 0.05859375 0.064453125 0.064453125
4 0.9638671875 0.2666015625 0.072265625 0.1396484375
3 0.9375 0.189453125 0.125 0.37890625
5 0.18359375 0.8359375 0.32421875 0.328125
1 0.169921875 0.513671875 0.2568359375 0.0693359375
3 0.2255859375 0.7392578125 0.451171875 0.521484375
5 0.6572265625 0.7490234375 0.0791015625 0.2568359375
0 0.6943359375 0.9111328125 0.0791015625 0.0673828125
3 0.6884765625 0.7392578125 0.1416015625 0.521484375