5 0.0615234375 0.29296875 0.123046875 0.4140625
0 0.3203125 0.4736328125 0.248046875 0.2265625
3 0.22265625 0.328125 0.4453125 0.609375
3 0.1337890625 0.345703125 0.267578125 0.5703125
5 0.66796875 0.1904296875 0.181640625 0.30078125
5 0.51171875 0.1455078125 0.08203125 0.244140625
3 0.55859375 0.2568359375 0.19140625 0.513671875
3 0.6904296875 0.2470703125 0.271484375 0.494140625
6 0.521484375 0.1923828125 0.046875 0.083984375
6 0.7041015625 0.1943359375 0.0703125 0.06640625
6 0.6826171875 0.150390625 0.060546875 0.064453125
5 0.1318359375 0.8935546875 0.154296875 0.212890625
5 0.2314453125 0.7880859375 0.185546875 0.322265625
5 0.421875 0.7255859375 0.1640625 0.275390625
2 0.068359375 0.720703125 0.095703125 0.171875
3 0.1181640625 0.8115234375 0.197265625 0.376953125
3 0.2646484375 0.7861328125 0.255859375 0.427734375
3 0.427734375 0.7685546875 0.26953125 0.462890625
6 0.357421875 0.8701171875 0.06640625 0.078125
6 0.5283203125 0.8701171875 0.046875 0.0859375
6 0.2177734375 0.9267578125 0.044921875 0.072265625
0 0.689453125 0.8994140625 0.091796875 0.150390625
0 0.8828125 0.84375 0.1953125 0.197265625
3 0.7861328125 0.69921875 0.427734375 0.55078125