5 0.4169921875 0.046875 0.10546875 0.08984375
0 0.490234375 0.119140625 0.05078125 0.068359375
3 0.2353515625 0.1416015625 0.177734375 0.2578125
3 0.4248046875 0.1142578125 0.177734375 0.228515625
5 0.615234375 0.0546875 0.125 0.109375
4 0.91015625 0.0419921875 0.0859375 0.083984375
3 0.7626953125 0.0654296875 0.419921875 0.130859375
5 0.30859375 0.6435546875 0.25 0.255859375
0 0.31640625 0.8173828125 0.09375 0.078125
4 0.2294921875 0.94921875 0.193359375 0.1015625
4 0.396484375 0.9638671875 0.19921875 0.072265625
3 0.3046875 0.755859375 0.42578125 0.48828125