5 0.1884765625 0.1123046875 0.111328125 0.201171875
5 0.291015625 0.095703125 0.095703125 0.16796875
5 0.376953125 0.1103515625 0.072265625 0.17578125
3 0.177734375 0.19921875 0.1484375 0.3984375
3 0.2861328125 0.2021484375 0.134765625 0.404296875
3 0.37109375 0.205078125 0.0859375 0.41015625
1 0.5947265625 0.048828125 0.068359375 0.072265625
1 0.7177734375 0.1083984375 0.06640625 0.0625
1 0.4453125 0.0322265625 0.046875 0.05859375
5 0.443359375 0.1689453125 0.09375 0.166015625
5 0.60546875 0.201171875 0.119140625 0.23046875
5 0.724609375 0.25390625 0.10546875 0.212890625
3 0.4521484375 0.208984375 0.134765625 0.41796875
3 0.6025390625 0.21875 0.1796875 0.421875
3 0.7294921875 0.255859375 0.14453125 0.36328125
6 0.48046875 0.2783203125 0.037109375 0.0546875
6 0.6572265625 0.3505859375 0.03515625 0.0546875
5 0.01953125 0.810546875 0.0390625 0.25390625
0 0.0869140625 0.7255859375 0.05859375 0.119140625
1 0.0234375 0.5869140625 0.046875 0.126953125
3 0.0673828125 0.744140625 0.134765625 0.45703125
5 0.47265625 0.6982421875 0.251953125 0.576171875
5 0.7275390625 0.5888671875 0.18359375 0.3203125
5 0.931640625 0.6279296875 0.13671875 0.365234375
3 0.52734375 0.7041015625 0.36328125 0.591796875
3 0.7392578125 0.7138671875 0.259765625 0.572265625
3 0.908203125 0.720703125 0.18359375 0.55859375
3 0.8544921875 0.7197265625 0.154296875 0.560546875
6 0.3642578125 0.83984375 0.025390625 0.125
6 0.650390625 0.93359375 0.06640625 0.126953125
6 0.74609375 0.59375 0.072265625 0.08203125
6 0.791015625 0.591796875 0.0625 0.078125
6 0.9248046875 0.5439453125 0.072265625 0.1171875
6 0.8564453125 0.8076171875 0.07421875 0.107421875