3 0.251953125 0.2314453125 0.50390625 0.455078125
5 0.6416015625 0.193359375 0.3515625 0.3125
1 0.58984375 0.0078125 0.18359375 0.015625
3 0.6572265625 0.17578125 0.466796875 0.3515625
0 0.1435546875 0.7607421875 0.09375 0.1171875
5 0.1728515625 0.66796875 0.345703125 0.5078125
3 0.203125 0.7041015625 0.40625 0.591796875
5 0.9912109375 0.5810546875 0.017578125 0.201171875
5 0.9345703125 0.560546875 0.126953125 0.197265625
5 0.6484375 0.69921875 0.171875 0.25
5 0.765625 0.6103515625 0.185546875 0.240234375
3 0.9765625 0.6376953125 0.046875 0.490234375
3 0.9033203125 0.6337890625 0.193359375 0.560546875
3 0.7587890625 0.6962890625 0.26953125 0.525390625
3 0.6455078125 0.740234375 0.201171875 0.4765625
2 0.6025390625 0.5546875 0.0859375 0.1015625
2 0.7080078125 0.4951171875 0.09375 0.11328125
2 0.8759765625 0.4189453125 0.09375 0.109375
6 0.9833984375 0.6533203125 0.033203125 0.083984375
6 0.8681640625 0.673828125 0.052734375 0.068359375
6 0.7939453125 0.6298828125 0.076171875 0.056640625
6 0.6416015625 0.8134765625 0.0546875 0.06640625