1 0.3017578125 0.3486328125 0.0458984375 0.060546875
1 0.412109375 0.3544921875 0.04296875 0.0556640625
1 0.521484375 0.353515625 0.0380859375 0.0478515625
1 0.572265625 0.375 0.0478515625 0.0791015625
1 0.65234375 0.361328125 0.0478515625 0.08203125
1 0.751953125 0.349609375 0.04296875 0.0693359375
5 0.3115234375 0.53125 0.0986328125 0.1943359375
5 0.412109375 0.5087890625 0.083984375 0.1630859375
5 0.525390625 0.5166015625 0.1103515625 0.1728515625
5 0.6298828125 0.525390625 0.0888671875 0.20703125
5 0.751953125 0.4990234375 0.07421875 0.2041015625
1 0.96875 0.5107421875 0.029296875 0.0576171875
5 0.94140625 0.5478515625 0.0478515625 0.060546875
0 0.5849609375 0.708984375 0.0244140625 0.0673828125
3 0.306640625 0.638671875 0.1201171875 0.6494140625
3 0.4169921875 0.6181640625 0.10546875 0.591796875
3 0.533203125 0.6630859375 0.123046875 0.6513671875
3 0.640625 0.6201171875 0.10546875 0.59375
3 0.74609375 0.5869140625 0.0869140625 0.5478515625
3 0.9482421875 0.56640625 0.07421875 0.1630859375