5 0.193359375 0.125 0.228515625 0.25
3 0.154296875 0.125 0.3076171875 0.25
5 0.759765625 0.078125 0.341796875 0.15625
3 0.68359375 0.125 0.5693359375 0.25
0 0.4287109375 0.0556640625 0.05078125 0.1103515625
0 0.068359375 0.748046875 0.0693359375 0.083984375
3 0.05078125 0.6259765625 0.1005859375 0.748046875
1 0.669921875 0.4306640625 0.2431640625 0.115234375
0 0.373046875 0.5224609375 0.1298828125 0.15625
0 0.9638671875 0.583984375 0.072265625 0.1298828125
3 0.6669921875 0.68359375 0.560546875 0.6318359375