1 0.10546875 0.369140625 0.0546875 0.068359375
1 0.271484375 0.3857421875 0.037109375 0.05078125
1 0.5478515625 0.212890625 0.099609375 0.138671875
1 0.6767578125 0.09375 0.103515625 0.111328125
1 0.662109375 0.2919921875 0.046875 0.046875
5 0.10546875 0.49609375 0.0859375 0.1640625
5 0.283203125 0.4990234375 0.083984375 0.14453125
5 0.3828125 0.5517578125 0.09765625 0.146484375
5 0.435546875 0.35546875 0.185546875 0.26171875
5 0.7373046875 0.32421875 0.169921875 0.341796875
0 0.6279296875 0.462890625 0.083984375 0.09765625
0 0.8837890625 0.4091796875 0.07421875 0.111328125
3 0.1328125 0.5693359375 0.166015625 0.474609375
3 0.2822265625 0.51171875 0.10546875 0.3125
3 0.5380859375 0.546875 0.408203125 0.818359375
3 0.7587890625 0.4716796875 0.4375 0.908203125
6 0.57421875 0.4326171875 0.0625 0.07421875