1 0.1171875 0.140625 0.072265625 0.080078125
1 0.2412109375 0.1328125 0.0390625 0.0390625
1 0.287109375 0.181640625 0.04296875 0.07421875
1 0.333984375 0.2080078125 0.037109375 0.03515625
1 0.384765625 0.18359375 0.044921875 0.04296875
1 0.4501953125 0.2724609375 0.07421875 0.076171875
1 0.55859375 0.2197265625 0.0546875 0.0546875
1 0.7021484375 0.3564453125 0.005859375 0.03125
1 0.697265625 0.3408203125 0.017578125 0.025390625
1 0.615234375 0.291015625 0.0234375 0.029296875
1 0.6123046875 0.314453125 0.017578125 0.01953125
5 0.072265625 0.3701171875 0.14453125 0.271484375
5 0.2626953125 0.2744140625 0.080078125 0.15625
5 0.474609375 0.435546875 0.109375 0.169921875
3 0.099609375 0.3447265625 0.19921875 0.326171875
3 0.1064453125 0.2734375 0.19921875 0.35546875
3 0.2548828125 0.328125 0.1875 0.37109375
3 0.4716796875 0.3759765625 0.212890625 0.291015625
3 0.5732421875 0.3583984375 0.10546875 0.330078125
5 0.8515625 0.076171875 0.279296875 0.138671875
0 0.97265625 0.193359375 0.0546875 0.08984375
4 0.916015625 0.375 0.150390625 0.130859375
4 0.7529296875 0.4130859375 0.10546875 0.171875
3 0.849609375 0.2607421875 0.30078125 0.505859375
3 0.41015625 0.638671875 0.5546875 0.263671875
1 0.748046875 0.5419921875 0.099609375 0.033203125
0 0.857421875 0.6845703125 0.095703125 0.041015625
3 0.833984375 0.7626953125 0.3046875 0.474609375