1 0.3388671875 0.1376953125 0.0703125 0.0703125
1 0.3017578125 0.287109375 0.068359375 0.07421875
3 0.3837890625 0.3115234375 0.23046875 0.61328125
3 0.3486328125 0.42578125 0.232421875 0.400390625
6 0.255859375 0.2080078125 0.02734375 0.0546875
6 0.251953125 0.322265625 0.033203125 0.0625
1 0.751953125 0.2333984375 0.322265625 0.365234375
0 0.5947265625 0.4970703125 0.234375 0.205078125
3 0.712890625 0.298828125 0.57421875 0.59765625
5 0.4296875 0.9130859375 0.23828125 0.173828125
2 0.431640625 0.728515625 0.158203125 0.25390625
3 0.3798828125 0.798828125 0.333984375 0.40234375
1 0.7783203125 0.681640625 0.15625 0.103515625
5 0.81640625 0.857421875 0.22265625 0.234375
3 0.8076171875 0.794921875 0.35546875 0.375