1 0.0966796875 0.3125 0.0703125 0.078125
1 0.5068359375 0.25 0.072265625 0.0625
1 0.6875 0.353515625 0.064453125 0.06640625
5 0.123046875 0.4306640625 0.140625 0.185546875
5 0.5224609375 0.3720703125 0.130859375 0.17578125
5 0.7314453125 0.4404296875 0.12890625 0.169921875
0 0.2255859375 0.5595703125 0.046875 0.07421875
0 0.8193359375 0.5341796875 0.05859375 0.072265625
3 0.1591796875 0.55078125 0.27734375 0.583984375
3 0.5439453125 0.4697265625 0.26171875 0.5234375
3 0.7421875 0.4814453125 0.23046875 0.36328125