1 0.2646484375 0.06640625 0.138671875 0.09765625
0 0.2646484375 0.4287109375 0.111328125 0.166015625
3 0.3037109375 0.26171875 0.26953125 0.5
3 0.3955078125 0.255859375 0.458984375 0.51171875
3 0.65234375 0.28515625 0.13671875 0.35546875
0 0.3828125 0.744140625 0.57421875 0.51171875
5 0.9765625 0.705078125 0.046875 0.11328125
0 0.9638671875 0.7783203125 0.03515625 0.037109375
4 0.9921875 0.86328125 0.015625 0.06640625
1 0.9833984375 0.6142578125 0.033203125 0.041015625
3 0.95703125 0.7470703125 0.0859375 0.306640625