1 0.447265625 0.5146484375 0.125 0.07421875
1 0.3994140625 0.1044921875 0.033203125 0.0244140625
1 0.6611328125 0.1181640625 0.021484375 0.0166015625
1 0.3330078125 0.0771484375 0.0263671875 0.0166015625
5 0.4794921875 0.6708984375 0.1875 0.1875
5 0.6708984375 0.1494140625 0.052734375 0.03125
5 0.330078125 0.10546875 0.041015625 0.04296875
5 0.4130859375 0.126953125 0.0380859375 0.03125
3 0.49609375 0.734375 0.3388671875 0.53125
3 0.333984375 0.11328125 0.060546875 0.095703125
3 0.41796875 0.1259765625 0.0693359375 0.072265625
3 0.6708984375 0.1416015625 0.052734375 0.0673828125
6 0.6181640625 0.5322265625 0.083984375 0.064453125
6 0.353515625 0.80859375 0.0556640625 0.064453125