0 0.3388671875 0.021484375 0.044921875 0.04296875
0 0.3779296875 0.0224609375 0.029296875 0.044921875
3 0.36328125 0.1416015625 0.23828125 0.283203125
4 0.986328125 0.177734375 0.02734375 0.1484375
4 0.9501953125 0.1669921875 0.076171875 0.0390625
3 0.9189453125 0.1435546875 0.162109375 0.228515625
5 0.30859375 0.537109375 0.265625 0.28125
0 0.314453125 0.7275390625 0.109375 0.078125
4 0.1865234375 0.9189453125 0.1953125 0.126953125
4 0.3466796875 0.880859375 0.12890625 0.12890625
3 0.267578125 0.654296875 0.369140625 0.67578125
1 0.4521484375 0.6220703125 0.05859375 0.140625
1 0.5712890625 0.5810546875 0.15234375 0.13671875
1 0.8154296875 0.5751953125 0.142578125 0.16796875
1 0.9375 0.6572265625 0.11328125 0.15234375
5 0.53515625 0.8671875 0.234375 0.265625
5 0.81640625 0.85546875 0.21484375 0.2890625
5 0.9130859375 0.9033203125 0.119140625 0.193359375
3 0.5634765625 0.7490234375 0.306640625 0.501953125
3 0.8037109375 0.7412109375 0.326171875 0.517578125
3 0.8681640625 0.7841796875 0.251953125 0.431640625
6 0.7744140625 0.978515625 0.115234375 0.04296875