1 0.58203125 0.111328125 0.12890625 0.220703125
5 0.130859375 0.1474609375 0.1875 0.2890625
5 0.4599609375 0.388671875 0.302734375 0.380859375
0 0.4677734375 0.0546875 0.103515625 0.109375
0 0.298828125 0.1875 0.0625 0.076171875
0 0.1396484375 0.078125 0.064453125 0.09765625
3 0.1787109375 0.2666015625 0.357421875 0.533203125
3 0.4775390625 0.2900390625 0.337890625 0.580078125
0 0.6611328125 0.0517578125 0.046875 0.0703125
0 0.583984375 0.5947265625 0.052734375 0.029296875
0 0.6640625 0.6279296875 0.1015625 0.076171875
4 0.763671875 0.830078125 0.189453125 0.1796875
4 0.634765625 0.783203125 0.19140625 0.13671875
3 0.7060546875 0.7529296875 0.388671875 0.345703125