1 0.634765625 0.0146484375 0.1005859375 0.029296875
1 0.8447265625 0.333984375 0.1201171875 0.13671875
0 0.81640625 0.22265625 0.0556640625 0.115234375
3 0.6748046875 0.16796875 0.259765625 0.3359375
3 0.796875 0.34765625 0.2958984375 0.36328125
6 0.666015625 0.2802734375 0.0458984375 0.083984375
6 0.638671875 0.25390625 0.0380859375 0.1083984375
5 0.255859375 0.849609375 0.103515625 0.19921875
0 0.193359375 0.978515625 0.064453125 0.04296875
1 0.2763671875 0.6708984375 0.0625 0.072265625
3 0.2236328125 0.8173828125 0.16796875 0.365234375
0 0.748046875 0.5927734375 0.0625 0.0478515625
0 0.86328125 0.619140625 0.091796875 0.072265625
4 0.7197265625 0.8369140625 0.208984375 0.1396484375
4 0.8955078125 0.78515625 0.1611328125 0.1201171875
3 0.7958984375 0.71875 0.3701171875 0.3798828125