1 0.1123046875 0.3486328125 0.052734375 0.06640625
1 0.27734375 0.3740234375 0.03515625 0.05078125
1 0.5625 0.2158203125 0.09375 0.134765625
1 0.697265625 0.103515625 0.09765625 0.107421875
1 0.6728515625 0.30078125 0.04296875 0.044921875
5 0.10546875 0.4755859375 0.078125 0.16015625
5 0.2841796875 0.4873046875 0.076171875 0.140625
5 0.3798828125 0.5458984375 0.091796875 0.142578125
5 0.443359375 0.3525390625 0.173828125 0.255859375
5 0.74609375 0.3369140625 0.15234375 0.337890625
0 0.6298828125 0.4697265625 0.080078125 0.09375
0 0.8876953125 0.4296875 0.0703125 0.107421875
3 0.1298828125 0.55078125 0.142578125 0.470703125
3 0.28125 0.5009765625 0.08984375 0.310546875
3 0.5361328125 0.548828125 0.369140625 0.806640625
3 0.7607421875 0.4853515625 0.39453125 0.89453125
6 0.578125 0.4365234375 0.060546875 0.0703125