1 0.646484375 0.1904296875 0.029296875 0.037109375
1 0.55078125 0.4306640625 0.03125 0.0390625
1 0.6337890625 0.5302734375 0.0234375 0.037109375
1 0.5986328125 0.6435546875 0.03125 0.04296875
1 0.681640625 0.7333984375 0.033203125 0.03125
1 0.8681640625 0.7041015625 0.029296875 0.037109375
5 0.6728515625 0.7998046875 0.044921875 0.09765625
0 0.60546875 0.1337890625 0.017578125 0.03125
0 0.6611328125 0.3017578125 0.015625 0.025390625
0 0.572265625 0.4951171875 0.0234375 0.02734375
0 0.5595703125 0.6982421875 0.017578125 0.021484375
1 0.552734375 0.9541015625 0.03125 0.03515625
5 0.3671875 0.73046875 0.052734375 0.087890625
3 0.8798828125 0.802734375 0.107421875 0.240234375
3 0.5732421875 0.1201171875 0.109375 0.23828125
3 0.6396484375 0.2802734375 0.08203125 0.228515625
3 0.5537109375 0.5234375 0.076171875 0.234375
3 0.591796875 0.734375 0.107421875 0.271484375
3 0.658203125 0.833984375 0.083984375 0.244140625