1 0.2060546875 0.1220703125 0.251953125 0.201171875
5 0.0693359375 0.353515625 0.138671875 0.40625
5 0.3349609375 0.3408203125 0.185546875 0.353515625
3 0.0693359375 0.3056640625 0.138671875 0.501953125
3 0.212890625 0.28515625 0.42578125 0.54296875
5 0.673828125 0.177734375 0.30078125 0.35546875
5 0.787109375 0.076171875 0.08203125 0.15234375
0 0.5947265625 0.1494140625 0.095703125 0.0859375
0 0.841796875 0.197265625 0.05078125 0.080078125
3 0.6796875 0.2373046875 0.3203125 0.474609375
3 0.794921875 0.2255859375 0.19921875 0.451171875
5 0.2060546875 0.9140625 0.318359375 0.171875
1 0.138671875 0.623046875 0.19921875 0.189453125
1 0.8544921875 0.7431640625 0.171875 0.25
1 0.974609375 0.578125 0.05078125 0.1875
3 0.7109375 0.8056640625 0.51953125 0.388671875