1 0.646484375 0.271484375 0.1298828125 0.146484375
1 0.2705078125 0.34765625 0.0576171875 0.0673828125
1 0.900390625 0.4130859375 0.04296875 0.060546875
5 0.291015625 0.5771484375 0.1318359375 0.2958984375
5 0.6337890625 0.7294921875 0.2548828125 0.541015625
5 0.896484375 0.58203125 0.0986328125 0.23828125
6 0.21875 0.6630859375 0.0263671875 0.1494140625
6 0.49609375 0.861328125 0.0576171875 0.2763671875
3 0.2880859375 0.6572265625 0.1728515625 0.685546875
3 0.630859375 0.5966796875 0.3203125 0.806640625
3 0.9013671875 0.66015625 0.1201171875 0.5625