5 0.2451171875 0.138671875 0.1103515625 0.2763671875
3 0.234375 0.2548828125 0.2041015625 0.509765625
6 0.275390625 0.2900390625 0.0478515625 0.0693359375
5 0.60546875 0.3642578125 0.251953125 0.2353515625
0 0.802734375 0.494140625 0.0576171875 0.03125
1 0.6181640625 0.1494140625 0.1708984375 0.0771484375
3 0.666015625 0.30859375 0.375 0.4013671875
5 0.373046875 0.5947265625 0.2119140625 0.1708984375
0 0.212890625 0.71484375 0.0693359375 0.064453125
4 0.314453125 0.9326171875 0.1103515625 0.134765625
4 0.4375 0.880859375 0.08203125 0.126953125
3 0.3173828125 0.7548828125 0.322265625 0.490234375
1 0.8642578125 0.57421875 0.1318359375 0.1298828125
1 0.8271484375 0.6884765625 0.09375 0.1083984375
5 0.91796875 0.8115234375 0.1630859375 0.376953125
3 0.84375 0.7548828125 0.3125 0.490234375