0 0.0419921875 0.341796875 0.0556640625 0.115234375
4 0.55859375 0.3818359375 0.146484375 0.033203125
4 0.841796875 0.3798828125 0.1728515625 0.0380859375
3 0.701171875 0.19921875 0.5234375 0.3984375
1 0.3173828125 0.6396484375 0.08203125 0.10546875
0 0.0888671875 0.794921875 0.177734375 0.1611328125
3 0.2041015625 0.791015625 0.3076171875 0.41796875
5 0.630859375 0.623046875 0.220703125 0.1943359375
0 0.51953125 0.7568359375 0.0556640625 0.0556640625
0 0.7763671875 0.7392578125 0.0478515625 0.0625
4 0.7255859375 0.927734375 0.0986328125 0.1201171875
4 0.5927734375 0.896484375 0.07421875 0.103515625
1 0.642578125 0.4462890625 0.125 0.064453125
3 0.6513671875 0.708984375 0.35546875 0.58203125