1 0.1298828125 0.1884765625 0.0869140625 0.07421875
1 0.291015625 0.2255859375 0.0771484375 0.07421875
3 0.099609375 0.365234375 0.19921875 0.427734375
3 0.27734375 0.3837890625 0.2333984375 0.3916015625
3 0.3525390625 0.3447265625 0.11328125 0.46875
1 0.427734375 0.119140625 0.0380859375 0.103515625
5 0.4482421875 0.3994140625 0.0791015625 0.3076171875
3 0.4677734375 0.3212890625 0.1181640625 0.5166015625
5 0.142578125 0.7490234375 0.28515625 0.341796875
3 0.3642578125 0.7890625 0.087890625 0.421875
3 0.1640625 0.7890625 0.328125 0.421875
5 0.7490234375 0.828125 0.376953125 0.34375
3 0.755859375 0.7890625 0.48828125 0.421875