1 0.2841796875 0.0830078125 0.072265625 0.083984375
1 0.6162109375 0.2060546875 0.072265625 0.09375
1 0.51953125 0.404296875 0.07421875 0.107421875
1 0.3505859375 0.931640625 0.05859375 0.078125
5 0.59375 0.3544921875 0.11328125 0.2109375
0 0.5888671875 0.4609375 0.041015625 0.064453125
0 0.2060546875 0.32421875 0.03515625 0.046875
0 0.4755859375 0.283203125 0.041015625 0.07421875
3 0.212890625 0.357421875 0.2265625 0.650390625
3 0.455078125 0.59375 0.265625 0.701171875
3 0.5888671875 0.4287109375 0.208984375 0.546875
3 0.59375 0.6630859375 0.244140625 0.572265625