1 0.357421875 0.0771484375 0.123046875 0.154296875
3 0.248046875 0.224609375 0.341796875 0.44921875
6 0.1669921875 0.345703125 0.11328125 0.1181640625
5 0.9677734375 0.212890625 0.064453125 0.396484375
5 0.4677734375 0.1103515625 0.0986328125 0.220703125
3 0.47265625 0.2138671875 0.1083984375 0.427734375
3 0.6240234375 0.1865234375 0.1611328125 0.373046875
3 0.7919921875 0.1806640625 0.17578125 0.3603515625
3 0.9453125 0.212890625 0.109375 0.42578125
6 0.87109375 0.0244140625 0.03125 0.0478515625
6 0.5556640625 0.0166015625 0.029296875 0.033203125
5 0.3896484375 0.5712890625 0.0576171875 0.2431640625
4 0.39453125 0.9609375 0.046875 0.078125
3 0.369140625 0.724609375 0.0986328125 0.55078125
1 0.509765625 0.6962890625 0.1826171875 0.09375
3 0.5634765625 0.8271484375 0.291015625 0.345703125