3 0.234375 0.208984375 0.2666015625 0.41796875
6 0.1884765625 0.2607421875 0.1083984375 0.115234375
5 0.93359375 0.109375 0.1318359375 0.1513671875
5 0.7333984375 0.13671875 0.208984375 0.2734375
1 0.939453125 0.4013671875 0.052734375 0.033203125
5 0.19140625 0.861328125 0.3056640625 0.2763671875
1 0.1884765625 0.4912109375 0.166015625 0.146484375
3 0.18359375 0.708984375 0.3671875 0.58203125
1 0.8955078125 0.4287109375 0.1181640625 0.021484375
0 0.8447265625 0.5712890625 0.09375 0.0576171875
0 0.9765625 0.5595703125 0.046875 0.056640625
3 0.890625 0.654296875 0.21875 0.470703125