1 0.4306640625 0.1923828125 0.103515625 0.1875
3 0.2861328125 0.2744140625 0.427734375 0.5478515625
3 0.818359375 0.30078125 0.3193359375 0.4951171875
5 0.8115234375 0.2451171875 0.208984375 0.17578125
0 0.7275390625 0.361328125 0.0576171875 0.0458984375
0 0.9365234375 0.349609375 0.060546875 0.05078125
4 0.919921875 0.5 0.083984375 0.095703125
4 0.80078125 0.5 0.0771484375 0.095703125
1 0.78515625 0.083984375 0.1181640625 0.0576171875
5 0.1572265625 0.732421875 0.1298828125 0.13671875
0 0.0693359375 0.814453125 0.033203125 0.041015625
0 0.234375 0.82421875 0.052734375 0.04296875
4 0.2197265625 0.94140625 0.103515625 0.0771484375
4 0.1201171875 0.935546875 0.09375 0.07421875
1 0.15234375 0.6005859375 0.0986328125 0.0380859375
3 0.166015625 0.7861328125 0.2548828125 0.4130859375
0 0.755859375 0.587890625 0.10546875 0.07421875
4 0.7900390625 0.8017578125 0.13671875 0.166015625
4 0.9375 0.76953125 0.125 0.1494140625
3 0.7958984375 0.71875 0.408203125 0.341796875