1 0.125 0.1142578125 0.25 0.177734375
5 0.1533203125 0.306640625 0.306640625 0.2265625
3 0.15234375 0.220703125 0.3046875 0.3984375
5 0.658203125 0.0966796875 0.1875 0.193359375
3 0.6318359375 0.1826171875 0.314453125 0.365234375
0 0.177734375 0.63671875 0.35546875 0.5
0 0.1962890625 0.837890625 0.353515625 0.32421875
1 0.6455078125 0.6015625 0.115234375 0.109375
1 0.712890625 0.5673828125 0.095703125 0.103515625
3 0.6533203125 0.779296875 0.203125 0.42578125
3 0.7548828125 0.740234375 0.1640625 0.478515625
3 0.890625 0.6962890625 0.21875 0.541015625
1 0.8505859375 0.5009765625 0.1015625 0.109375