0 0.154296875 0.3896484375 0.30859375 0.654296875
0 0.43359375 0.3251953125 0.48828125 0.650390625
0 0.7705078125 0.2841796875 0.458984375 0.568359375
0 0.4326171875 0.6943359375 0.1171875 0.103515625
4 0.5244140625 0.8408203125 0.21875 0.171875
4 0.45703125 0.9169921875 0.26953125 0.166015625
3 0.419921875 0.794921875 0.50390625 0.41015625
5 0.765625 0.662109375 0.173828125 0.2421875
5 0.90625 0.6669921875 0.1875 0.318359375
3 0.791015625 0.744140625 0.224609375 0.412109375
3 0.90625 0.7109375 0.1875 0.41796875
6 0.724609375 0.7509765625 0.021484375 0.068359375
6 0.814453125 0.720703125 0.05078125 0.068359375
6 0.9111328125 0.681640625 0.060546875 0.05859375
6 0.94140625 0.65234375 0.060546875 0.07421875