0 0.1494140625 0.361328125 0.298828125 0.64453125
0 0.4462890625 0.318359375 0.451171875 0.63671875
0 0.7890625 0.291015625 0.421875 0.58203125
0 0.4189453125 0.6884765625 0.11328125 0.099609375
4 0.5009765625 0.841796875 0.212890625 0.16015625
4 0.427734375 0.9189453125 0.26171875 0.162109375
3 0.3984375 0.7978515625 0.484375 0.404296875
5 0.75390625 0.6806640625 0.16015625 0.236328125
5 0.904296875 0.6962890625 0.19140625 0.310546875
3 0.7734375 0.7646484375 0.19921875 0.408203125
3 0.904296875 0.7412109375 0.19140625 0.412109375
6 0.7060546875 0.765625 0.017578125 0.0703125
6 0.798828125 0.7421875 0.046875 0.06640625
6 0.8974609375 0.7099609375 0.05859375 0.0546875
6 0.9296875 0.68359375 0.056640625 0.0703125