1 0.2490234375 0.0869140625 0.291015625 0.1728515625
0 0.31640625 0.5625 0.1708984375 0.052734375
5 0.232421875 0.392578125 0.4638671875 0.3916015625
3 0.333984375 0.294921875 0.66796875 0.5888671875
5 0.8623046875 0.0595703125 0.275390625 0.119140625
0 0.98046875 0.1572265625 0.0380859375 0.064453125
0 0.720703125 0.14453125 0.072265625 0.064453125
4 0.7919921875 0.353515625 0.13671875 0.14453125
4 0.94921875 0.3701171875 0.0888671875 0.158203125
3 0.833984375 0.2294921875 0.33203125 0.458984375
5 0.283203125 0.638671875 0.2880859375 0.0986328125
0 0.4521484375 0.6923828125 0.0478515625 0.0771484375
0 0.193359375 0.7451171875 0.1103515625 0.07421875
4 0.2236328125 0.9365234375 0.1494140625 0.126953125
4 0.37890625 0.9208984375 0.185546875 0.14453125
3 0.2666015625 0.7939453125 0.494140625 0.412109375
1 0.9130859375 0.599609375 0.04296875 0.021484375
1 0.98046875 0.6005859375 0.0380859375 0.0244140625
3 0.8876953125 0.7939453125 0.087890625 0.412109375
3 0.9677734375 0.7939453125 0.064453125 0.412109375