0 0.185546875 0.3525390625 0.37109375 0.626953125
0 0.4501953125 0.29296875 0.353515625 0.5859375
0 0.818359375 0.2236328125 0.01953125 0.04296875
1 0.92578125 0.224609375 0.060546875 0.078125
1 0.7529296875 0.26953125 0.048828125 0.05078125
1 0.859375 0.2568359375 0.0390625 0.04296875
0 0.740234375 0.283203125 0.021484375 0.02734375
5 0.80859375 0.28125 0.05859375 0.0859375
5 0.720703125 0.3193359375 0.05078125 0.0625
5 0.857421875 0.291015625 0.044921875 0.044921875
0 0.89453125 0.298828125 0.015625 0.0234375
5 0.8720703125 0.3515625 0.056640625 0.111328125
5 0.77734375 0.3818359375 0.099609375 0.16015625
5 0.9423828125 0.4189453125 0.115234375 0.259765625
3 0.787109375 0.3955078125 0.22265625 0.388671875
3 0.9267578125 0.3671875 0.146484375 0.3671875
0 0.228515625 0.837890625 0.36328125 0.32421875
5 0.8701171875 0.732421875 0.259765625 0.33984375
0 0.796875 0.9169921875 0.078125 0.072265625
3 0.8369140625 0.744140625 0.326171875 0.42578125