1 0.1298828125 0.201171875 0.259765625 0.30078125
3 0.232421875 0.298828125 0.46484375 0.56640625
5 0.66015625 0.2568359375 0.2265625 0.388671875
0 0.6337890625 0.384765625 0.076171875 0.134765625
3 0.6552734375 0.2255859375 0.267578125 0.451171875
5 0.369140625 0.8603515625 0.23828125 0.279296875
5 0.595703125 0.849609375 0.26953125 0.30078125
2 0.3203125 0.662109375 0.158203125 0.203125
2 0.5224609375 0.66015625 0.123046875 0.2109375
3 0.33984375 0.7607421875 0.34375 0.478515625
3 0.568359375 0.763671875 0.32421875 0.47265625
5 0.74609375 0.5224609375 0.248046875 0.23046875
0 0.8642578125 0.60546875 0.044921875 0.048828125
4 0.85546875 0.849609375 0.15234375 0.169921875
4 0.716796875 0.8115234375 0.05859375 0.119140625
3 0.7978515625 0.67578125 0.349609375 0.55078125