0 0.130859375 0.591796875 0.1513671875 0.154296875
3 0.1474609375 0.3349609375 0.294921875 0.666015625
2 0.0615234375 0.177734375 0.123046875 0.302734375
3 0.650390625 0.2021484375 0.34375 0.404296875
5 0.6416015625 0.076171875 0.23046875 0.1513671875
4 0.587890625 0.341796875 0.07421875 0.1201171875
4 0.734375 0.3388671875 0.1181640625 0.11328125
0 0.5380859375 0.185546875 0.060546875 0.0625
0 0.783203125 0.1669921875 0.060546875 0.0625
4 0.1318359375 0.6806640625 0.0673828125 0.0244140625
4 0.04296875 0.6826171875 0.0625 0.029296875
4 0.541015625 0.71484375 0.0458984375 0.060546875
4 0.587890625 0.697265625 0.0556640625 0.0556640625
3 0.5712890625 0.705078125 0.189453125 0.07421875