0 0.1904296875 0.2685546875 0.111328125 0.126953125
0 0.072265625 0.228515625 0.078125 0.107421875
3 0.2763671875 0.2919921875 0.552734375 0.583984375
5 0.6181640625 0.0625 0.255859375 0.125
0 0.7568359375 0.126953125 0.083984375 0.07421875
4 0.734375 0.33984375 0.12890625 0.169921875
4 0.5908203125 0.359375 0.10546875 0.15625
1 0.677734375 0.224609375 0.375 0.44921875
5 0.4775390625 0.8359375 0.32421875 0.298828125
0 0.3681640625 0.9912109375 0.103515625 0.017578125
1 0.44140625 0.59765625 0.205078125 0.109375
3 0.4208984375 0.759765625 0.451171875 0.48046875
5 0.8681640625 0.5029296875 0.263671875 0.142578125
0 0.7861328125 0.611328125 0.083984375 0.076171875
4 0.8779296875 0.8017578125 0.1171875 0.16015625
4 0.9833984375 0.7705078125 0.033203125 0.154296875
3 0.8427734375 0.671875 0.314453125 0.48046875