1 0.4697265625 0.08203125 0.21875 0.1630859375
5 0.451171875 0.5205078125 0.3583984375 0.3388671875
5 0.189453125 0.517578125 0.10546875 0.25
3 0.3896484375 0.3447265625 0.48046875 0.689453125
3 0.1962890625 0.4755859375 0.1513671875 0.427734375
1 0.20703125 0.318359375 0.0771484375 0.0888671875
5 0.8642578125 0.0771484375 0.1298828125 0.125
0 0.9423828125 0.1494140625 0.0166015625 0.0380859375
0 0.7958984375 0.150390625 0.0380859375 0.0361328125
4 0.8232421875 0.2412109375 0.0458984375 0.0625
4 0.90625 0.255859375 0.0556640625 0.0673828125
3 0.8642578125 0.1494140625 0.2041015625 0.2978515625
4 0.529296875 0.787109375 0.1103515625 0.1416015625
4 0.375 0.791015625 0.091796875 0.1396484375
3 0.419921875 0.7822265625 0.38671875 0.185546875
4 0.8974609375 0.7294921875 0.103515625 0.0791015625