5 0.267578125 0.3515625 0.26171875 0.2890625
5 0.0615234375 0.3828125 0.115234375 0.240234375
3 0.2001953125 0.2548828125 0.39453125 0.498046875
3 0.0751953125 0.3173828125 0.150390625 0.373046875
1 0.0703125 0.1923828125 0.08203125 0.09375
5 0.7822265625 0.1533203125 0.365234375 0.306640625
3 0.720703125 0.240234375 0.5546875 0.48046875
5 0.1044921875 0.607421875 0.208984375 0.2265625
0 0.1943359375 0.7509765625 0.103515625 0.07421875
4 0.052734375 0.939453125 0.0703125 0.12109375
4 0.1640625 0.9462890625 0.1171875 0.107421875
3 0.1591796875 0.7451171875 0.318359375 0.509765625
5 0.6171875 0.818359375 0.421875 0.36328125
2 0.5517578125 0.607421875 0.244140625 0.275390625
3 0.69921875 0.7255859375 0.6015625 0.548828125