5 0.236328125 0.302734375 0.40625 0.2744140625
3 0.234375 0.2197265625 0.46875 0.439453125
5 0.9716796875 0.0595703125 0.056640625 0.119140625
5 0.611328125 0.0927734375 0.0791015625 0.185546875
5 0.8544921875 0.0771484375 0.060546875 0.154296875
5 0.7353515625 0.1728515625 0.14453125 0.345703125
0 0.5693359375 0.166015625 0.0146484375 0.0478515625
3 0.609375 0.208984375 0.0986328125 0.41796875
3 0.7548828125 0.2197265625 0.197265625 0.439453125
3 0.859375 0.146484375 0.07421875 0.29296875
3 0.9638671875 0.1767578125 0.072265625 0.353515625
5 0.322265625 0.6552734375 0.29296875 0.26171875
0 0.2119140625 0.828125 0.09375 0.0693359375
4 0.267578125 0.9755859375 0.09375 0.0478515625
4 0.4189453125 0.9765625 0.099609375 0.046875
3 0.2880859375 0.7197265625 0.3603515625 0.560546875
5 0.8583984375 0.5322265625 0.283203125 0.185546875
3 0.8046875 0.7197265625 0.390625 0.560546875