1 0.21484375 0.193359375 0.16015625 0.166015625
0 0.4033203125 0.55859375 0.130859375 0.2265625
5 0.2294921875 0.544921875 0.388671875 0.263671875
3 0.2646484375 0.37890625 0.490234375 0.595703125
5 0.6513671875 0.1796875 0.158203125 0.169921875
0 0.755859375 0.2822265625 0.0390625 0.052734375
4 0.59765625 0.4091796875 0.04296875 0.072265625
4 0.7001953125 0.435546875 0.08984375 0.1015625
1 0.6396484375 0.0322265625 0.111328125 0.0546875
3 0.68359375 0.2470703125 0.224609375 0.48828125
5 0.5146484375 0.84765625 0.14453125 0.220703125
0 0.4541015625 0.98046875 0.083984375 0.0390625
3 0.474609375 0.8330078125 0.2265625 0.333984375
0 0.7529296875 0.6787109375 0.072265625 0.03125
4 0.9599609375 0.8525390625 0.080078125 0.142578125
4 0.8232421875 0.859375 0.09375 0.140625
3 0.8349609375 0.8017578125 0.330078125 0.287109375