5 0.2744140625 0.4443359375 0.2880859375 0.345703125
1 0.330078125 0.111328125 0.158203125 0.1513671875
0 0.376953125 0.5634765625 0.08203125 0.1083984375
3 0.26171875 0.318359375 0.3125 0.5986328125
5 0.6298828125 0.2294921875 0.2255859375 0.458984375
5 0.9033203125 0.2373046875 0.193359375 0.474609375
3 0.630859375 0.30859375 0.29296875 0.6171875
3 0.8916015625 0.30859375 0.212890625 0.6171875
5 0.359375 0.6923828125 0.1181640625 0.1494140625
0 0.3193359375 0.80859375 0.07421875 0.0625
4 0.37890625 0.9638671875 0.0791015625 0.072265625
3 0.3388671875 0.80859375 0.158203125 0.3818359375
1 0.67578125 0.9013671875 0.041015625 0.0625