5 0.0927734375 0.4169921875 0.166015625 0.166015625
0 0.0107421875 0.478515625 0.021484375 0.0859375
0 0.1865234375 0.4482421875 0.041015625 0.08984375
3 0.1142578125 0.2958984375 0.228515625 0.458984375
3 0.5302734375 0.251953125 0.275390625 0.50390625
6 0.52734375 0.259765625 0.072265625 0.1484375
1 0.4228515625 0.93359375 0.037109375 0.02734375
1 0.587890625 0.61328125 0.109375 0.09765625
0 0.6533203125 0.72265625 0.052734375 0.12890625
5 0.60546875 0.8447265625 0.181640625 0.259765625
3 0.6123046875 0.7685546875 0.314453125 0.462890625