0 0.1640625 0.3359375 0.185546875 0.232421875
5 0.1474609375 0.26953125 0.294921875 0.53515625
3 0.25 0.2685546875 0.5 0.537109375
5 0.6650390625 0.111328125 0.333984375 0.22265625
5 0.9462890625 0.1123046875 0.091796875 0.224609375
3 0.9228515625 0.2607421875 0.154296875 0.521484375
3 0.6875 0.2646484375 0.39453125 0.529296875
0 0.3828125 0.5859375 0.068359375 0.068359375
0 0.0947265625 0.6044921875 0.09765625 0.0703125
4 0.1513671875 0.798828125 0.095703125 0.1484375
4 0.318359375 0.7880859375 0.125 0.15234375
3 0.2275390625 0.7080078125 0.443359375 0.35546875
1 0.646484375 0.6005859375 0.205078125 0.15234375
0 0.5341796875 0.796875 0.060546875 0.140625
5 0.8125 0.77734375 0.28125 0.4375
3 0.728515625 0.7607421875 0.455078125 0.478515625