5 0.087890625 0.232421875 0.16015625 0.234375
1 0.07421875 0.02734375 0.09765625 0.0546875
3 0.0966796875 0.1748046875 0.177734375 0.349609375
5 0.74609375 0.0556640625 0.25 0.099609375
0 0.755859375 0.138671875 0.095703125 0.072265625
4 0.7431640625 0.3349609375 0.169921875 0.099609375
4 0.666015625 0.2958984375 0.173828125 0.1328125
3 0.7431640625 0.1962890625 0.3671875 0.384765625
5 0.3037109375 0.7578125 0.27734375 0.275390625
0 0.30078125 0.9296875 0.1015625 0.068359375
1 0.310546875 0.5078125 0.203125 0.091796875
3 0.296875 0.72265625 0.38671875 0.55078125