0 0.51171875 0.201171875 0.28125 0.40234375
0 0.279296875 0.349609375 0.28515625 0.3828125
1 0.9404296875 0.4169921875 0.04296875 0.064453125
0 0.8447265625 0.5498046875 0.044921875 0.048828125
5 0.935546875 0.5390625 0.072265625 0.083984375
5 0.1806640625 0.8310546875 0.037109375 0.08203125
5 0.1611328125 0.8369140625 0.021484375 0.064453125
2 0.1826171875 0.7763671875 0.02734375 0.03515625
3 0.5205078125 0.771484375 0.185546875 0.45703125
3 0.1728515625 0.8671875 0.05859375 0.21875
5 0.8046875 0.6357421875 0.197265625 0.14453125
4 0.7666015625 0.9873046875 0.052734375 0.025390625
4 0.82421875 0.9912109375 0.0703125 0.017578125
3 0.7880859375 0.77734375 0.412109375 0.4453125