0 0.2509765625 0.154296875 0.28125 0.3076171875
5 0.541015625 0.17578125 0.11328125 0.1611328125
0 0.53515625 0.28125 0.0458984375 0.052734375
1 0.541015625 0.0458984375 0.0888671875 0.060546875
3 0.53515625 0.158203125 0.1318359375 0.2978515625
5 0.421875 0.533203125 0.09375 0.3271484375
4 0.4462890625 0.9853515625 0.0458984375 0.029296875
3 0.302734375 0.6533203125 0.33203125 0.693359375
6 0.197265625 0.40625 0.0791015625 0.095703125
2 0.439453125 0.337890625 0.0576171875 0.060546875
5 0.734375 0.6474609375 0.53125 0.6806640625