3 0.1787109375 0.359375 0.357421875 0.359375
5 0.2041015625 0.419921875 0.208984375 0.203125
2 0.2001953125 0.291015625 0.13671875 0.177734375
5 0.9033203125 0.1904296875 0.12109375 0.251953125
3 0.861328125 0.1650390625 0.20703125 0.330078125
1 0.0908203125 0.6279296875 0.07421875 0.076171875
1 0.4248046875 0.5078125 0.064453125 0.078125
5 0.3330078125 0.818359375 0.19140625 0.30859375
5 0.4765625 0.7001953125 0.1171875 0.27734375
1 0.28125 0.609375 0.08984375 0.1015625
0 0.2587890625 0.9140625 0.06640625 0.0859375
3 0.146484375 0.775390625 0.28125 0.44921875
3 0.306640625 0.7646484375 0.3125 0.470703125
3 0.462890625 0.728515625 0.234375 0.54296875
5 0.6142578125 0.5234375 0.22265625 0.275390625
4 0.6962890625 0.93359375 0.076171875 0.07421875
4 0.765625 0.9140625 0.076171875 0.076171875
3 0.6474609375 0.681640625 0.431640625 0.62890625