5 0.126953125 0.32421875 0.162109375 0.330078125
1 0.1201171875 0.0595703125 0.111328125 0.09765625
0 0.16015625 0.1591796875 0.05078125 0.1328125
3 0.1435546875 0.3115234375 0.287109375 0.607421875
5 0.625 0.3798828125 0.1953125 0.43359375
5 0.83984375 0.359375 0.162109375 0.458984375
5 0.923828125 0.392578125 0.15234375 0.38671875
1 0.9208984375 0.0546875 0.130859375 0.109375
3 0.6025390625 0.2978515625 0.166015625 0.595703125
3 0.6953125 0.296875 0.234375 0.59375
3 0.841796875 0.2939453125 0.15234375 0.587890625
3 0.919921875 0.2919921875 0.16015625 0.583984375
5 0.4501953125 0.904296875 0.212890625 0.19140625
1 0.47265625 0.6728515625 0.1484375 0.09375
3 0.39453125 0.8125 0.3203125 0.375
5 0.900390625 0.8515625 0.19921875 0.2734375
3 0.8154296875 0.787109375 0.369140625 0.4140625