5 0.40625 0.0673828125 0.1796875 0.134765625
3 0.3134765625 0.220703125 0.451171875 0.44140625
1 0.830078125 0.1328125 0.111328125 0.16796875
0 0.7900390625 0.17578125 0.078125 0.11328125
0 0.888671875 0.1533203125 0.0703125 0.1015625
5 0.876953125 0.296875 0.1796875 0.087890625
3 0.833984375 0.1826171875 0.28515625 0.333984375
0 0.060546875 0.5205078125 0.08984375 0.099609375
5 0.095703125 0.68359375 0.19140625 0.34765625
3 0.14453125 0.7177734375 0.2890625 0.564453125
2 0.0390625 0.4814453125 0.078125 0.052734375
5 0.76953125 0.75 0.404296875 0.470703125
2 0.7060546875 0.4462890625 0.19921875 0.205078125
3 0.76953125 0.650390625 0.4609375 0.66796875