5 0.2744140625 0.4267578125 0.16796875 0.162109375
0 0.2265625 0.3466796875 0.06640625 0.07421875
0 0.3173828125 0.333984375 0.060546875 0.05859375
3 0.267578125 0.3740234375 0.28125 0.55859375
2 0.23828125 0.1904296875 0.08203125 0.126953125
1 0.7060546875 0.1455078125 0.08984375 0.087890625
0 0.6640625 0.2216796875 0.0625 0.08984375
0 0.7744140625 0.197265625 0.052734375 0.08203125
5 0.74609375 0.376953125 0.18359375 0.265625
3 0.7509765625 0.3505859375 0.39453125 0.548828125
5 0.67578125 0.927734375 0.3984375 0.14453125
1 0.9580078125 0.671875 0.083984375 0.15625
1 0.6669921875 0.6640625 0.201171875 0.10546875
3 0.724609375 0.798828125 0.53125 0.40234375
3 0.9443359375 0.7822265625 0.111328125 0.376953125