5 0.375 0.3984375 0.1953125 0.19140625
0 0.2548828125 0.310546875 0.078125 0.08984375
0 0.4140625 0.24609375 0.076171875 0.08203125
3 0.34765625 0.3212890625 0.40625 0.53125
0 0.8916015625 0.2666015625 0.203125 0.35546875
0 0.587890625 0.1455078125 0.2109375 0.291015625
1 0.6640625 0.6728515625 0.05078125 0.03515625
5 0.689453125 0.7666015625 0.078125 0.125
0 0.7421875 0.830078125 0.044921875 0.052734375
4 0.75390625 0.9501953125 0.0625 0.021484375
3 0.7275390625 0.7939453125 0.18359375 0.341796875