5 0.056640625 0.12890625 0.11328125 0.2568359375
0 0.1181640625 0.232421875 0.041015625 0.1005859375
3 0.10546875 0.2294921875 0.2109375 0.458984375
5 0.71484375 0.2041015625 0.1201171875 0.2880859375
5 0.9091796875 0.1318359375 0.099609375 0.263671875
5 0.98046875 0.1708984375 0.0380859375 0.2548828125
1 0.71875 0.015625 0.0673828125 0.03125
0 0.958984375 0.1884765625 0.052734375 0.0625
0 0.619140625 0.27734375 0.0478515625 0.0771484375
4 0.4365234375 0.4384765625 0.05078125 0.041015625
3 0.509765625 0.2294921875 0.1923828125 0.458984375
3 0.6962890625 0.2294921875 0.185546875 0.458984375
3 0.90625 0.2294921875 0.1826171875 0.458984375
3 0.9677734375 0.2294921875 0.064453125 0.458984375
1 0.287109375 0.6201171875 0.0869140625 0.0380859375
5 0.291015625 0.7568359375 0.11328125 0.1611328125
0 0.2861328125 0.8681640625 0.0478515625 0.0625
3 0.28125 0.7939453125 0.14453125 0.412109375
1 0.5517578125 0.8759765625 0.060546875 0.11328125
0 0.833984375 0.7490234375 0.07421875 0.0693359375
0 0.849609375 0.9736328125 0.0888671875 0.052734375
5 0.7333984375 0.865234375 0.21875 0.16796875
3 0.740234375 0.8623046875 0.515625 0.275390625