0 0.029296875 0.0908203125 0.05859375 0.087890625
5 0.2724609375 0.3857421875 0.263671875 0.400390625
1 0.2919921875 0.09375 0.15234375 0.1328125
3 0.2021484375 0.3046875 0.404296875 0.58984375
5 0.5849609375 0.1171875 0.326171875 0.234375
3 0.5732421875 0.283203125 0.431640625 0.56640625
5 0.63671875 0.5751953125 0.25 0.078125
0 0.7724609375 0.623046875 0.06640625 0.05859375
0 0.5234375 0.6484375 0.072265625 0.068359375
4 0.7236328125 0.80859375 0.099609375 0.134765625
4 0.5849609375 0.826171875 0.1015625 0.130859375
3 0.6552734375 0.7109375 0.373046875 0.361328125