0 0.16796875 0.0107421875 0.0673828125 0.021484375
5 0.0771484375 0.2138671875 0.154296875 0.158203125
3 0.1201171875 0.28515625 0.240234375 0.5693359375
1 0.78125 0.06640625 0.1416015625 0.0673828125
5 0.76171875 0.2822265625 0.154296875 0.2451171875
0 0.845703125 0.435546875 0.0693359375 0.083984375
3 0.76953125 0.291015625 0.2646484375 0.5576171875
5 0.2607421875 0.8740234375 0.21875 0.251953125
1 0.244140625 0.6201171875 0.1875 0.095703125
3 0.248046875 0.7841796875 0.33984375 0.431640625
3 0.603515625 0.837890625 0.1875 0.32421875
2 0.546875 0.8359375 0.078125 0.328125