5 0.072265625 0.134765625 0.14453125 0.18359375
3 0.2021484375 0.2412109375 0.404296875 0.455078125
5 0.521484375 0.1767578125 0.07421875 0.26953125
0 0.56640625 0.3076171875 0.05859375 0.091796875
3 0.5634765625 0.2021484375 0.173828125 0.404296875
5 0.31640625 0.76953125 0.5625 0.4609375
0 0.62890625 0.7314453125 0.064453125 0.087890625
0 0.7265625 0.71484375 0.0625 0.08984375
5 0.70703125 0.890625 0.1875 0.185546875
3 0.6982421875 0.7763671875 0.29296875 0.427734375
2 0.6611328125 0.658203125 0.09375 0.140625