5 0.2236328125 0.06640625 0.169921875 0.119140625
4 0.2333984375 0.4921875 0.060546875 0.083984375
4 0.2919921875 0.486328125 0.0625 0.08203125
3 0.1943359375 0.283203125 0.291015625 0.5546875
1 0.705078125 0.36328125 0.08984375 0.041015625
5 0.712890625 0.4833984375 0.1171875 0.134765625
3 0.7021484375 0.44140625 0.15234375 0.224609375
3 0.3115234375 0.794921875 0.087890625 0.41015625
5 0.591796875 0.62890625 0.177734375 0.15625
4 0.5986328125 0.9833984375 0.048828125 0.02734375
3 0.5986328125 0.7744140625 0.291015625 0.451171875