0 0.0751953125 0.3740234375 0.078125 0.107421875
0 0.41796875 0.291015625 0.072265625 0.123046875
1 0.029296875 0.1513671875 0.05859375 0.095703125
1 0.1689453125 0.189453125 0.0703125 0.06640625
1 0.3359375 0.0888671875 0.111328125 0.09765625
5 0.3779296875 0.34765625 0.22265625 0.337890625
3 0.0751953125 0.396484375 0.150390625 0.58984375
3 0.1982421875 0.400390625 0.23828125 0.53515625
3 0.375 0.3359375 0.26953125 0.60546875
5 0.77734375 0.1875 0.1875 0.177734375
0 0.638671875 0.041015625 0.0625 0.08203125
0 0.8359375 0.0244140625 0.078125 0.048828125
4 0.8134765625 0.5458984375 0.060546875 0.025390625
4 0.8818359375 0.5322265625 0.064453125 0.03125
3 0.779296875 0.2900390625 0.44140625 0.580078125
2 0.7236328125 0.0126953125 0.091796875 0.025390625
1 0.521484375 0.8994140625 0.08984375 0.078125
3 0.48828125 0.9169921875 0.21484375 0.166015625
1 0.8427734375 0.8828125 0.0546875 0.07421875
5 0.935546875 0.8544921875 0.12890625 0.099609375
0 0.9873046875 0.9072265625 0.025390625 0.033203125
0 0.9853515625 0.8115234375 0.029296875 0.064453125
3 0.88671875 0.859375 0.2265625 0.19140625