1 0.099609375 0.1142578125 0.083984375 0.0693359375
5 0.1162109375 0.3193359375 0.1611328125 0.197265625
0 0.34375 0.2548828125 0.0673828125 0.0625
3 0.2099609375 0.232421875 0.419921875 0.37109375
5 0.9287109375 0.130859375 0.1416015625 0.26171875
3 0.90234375 0.208984375 0.1943359375 0.41796875
0 0.181640625 0.435546875 0.064453125 0.033203125
5 0.083984375 0.654296875 0.16796875 0.3173828125
3 0.1337890625 0.708984375 0.2666015625 0.58203125
5 0.6708984375 0.615234375 0.1826171875 0.259765625
0 0.740234375 0.4462890625 0.095703125 0.0556640625
0 0.755859375 0.7744140625 0.1083984375 0.1005859375
3 0.7890625 0.6328125 0.421875 0.4296875