5 0.36328125 0.02734375 0.15625 0.0546875
0 0.283203125 0.0546875 0.0625 0.0859375
0 0.4443359375 0.05859375 0.052734375 0.091796875
3 0.3544921875 0.1337890625 0.275390625 0.267578125
1 0.7626953125 0.197265625 0.0390625 0.076171875
3 0.828125 0.2099609375 0.17578125 0.16015625
0 0.4482421875 0.71875 0.2109375 0.5078125
0 0.453125 0.3740234375 0.115234375 0.22265625
3 0.515625 0.6298828125 0.44921875 0.740234375
1 0.9013671875 0.3779296875 0.14453125 0.181640625
1 0.7548828125 0.421875 0.052734375 0.1796875
0 0.87890625 0.8369140625 0.111328125 0.15625
0 0.740234375 0.7802734375 0.056640625 0.095703125
0 0.7353515625 0.6162109375 0.033203125 0.1171875
5 0.9033203125 0.44140625 0.193359375 0.3125
5 0.7880859375 0.396484375 0.119140625 0.23046875
3 0.88671875 0.642578125 0.2265625 0.71484375
3 0.830078125 0.6064453125 0.24609375 0.650390625