0 0.0615234375 0.0517578125 0.0625 0.08203125
5 0.283203125 0.3662109375 0.23046875 0.3818359375
1 0.328125 0.0771484375 0.1416015625 0.1201171875
3 0.2041015625 0.279296875 0.3896484375 0.5576171875
5 0.6201171875 0.115234375 0.3076171875 0.23046875
3 0.59375 0.279296875 0.384765625 0.5576171875
5 0.6298828125 0.5869140625 0.2451171875 0.0576171875
0 0.7607421875 0.646484375 0.0625 0.052734375
0 0.5107421875 0.650390625 0.0673828125 0.0625
4 0.6962890625 0.8271484375 0.0888671875 0.126953125
4 0.556640625 0.83203125 0.091796875 0.123046875
3 0.63671875 0.7236328125 0.345703125 0.33203125