5 0.10546875 0.1416015625 0.17578125 0.283203125
6 0.0986328125 0.2001953125 0.119140625 0.076171875
1 0.865234375 0.060546875 0.26953125 0.08203125
0 0.5224609375 0.2939453125 0.21484375 0.291015625
3 0.7001953125 0.31640625 0.599609375 0.6328125
1 0.2001953125 0.71484375 0.08984375 0.044921875
5 0.19140625 0.8515625 0.126953125 0.169921875
0 0.1767578125 0.9521484375 0.048828125 0.046875
3 0.18359375 0.828125 0.169921875 0.302734375
0 0.912109375 0.7080078125 0.125 0.09375
3 0.6884765625 0.6845703125 0.603515625 0.20703125