5 0.1962890625 0.08984375 0.138671875 0.1796875
0 0.1298828125 0.1728515625 0.0576171875 0.0869140625
0 0.2607421875 0.140625 0.0478515625 0.0771484375
3 0.189453125 0.169921875 0.2548828125 0.3388671875
5 0.884765625 0.2080078125 0.1728515625 0.26171875
3 0.8623046875 0.1689453125 0.275390625 0.337890625
2 0.880859375 0.0361328125 0.0791015625 0.072265625
0 0.080078125 0.7978515625 0.16015625 0.400390625
0 0.0361328125 0.462890625 0.072265625 0.248046875
0 0.3857421875 0.4775390625 0.3125 0.2568359375
0 0.439453125 0.837890625 0.259765625 0.32421875
5 0.7841796875 0.6455078125 0.431640625 0.478515625