5 0.2529296875 0.0966796875 0.205078125 0.193359375
0 0.341796875 0.0107421875 0.04296875 0.021484375
1 0.279296875 0.0234375 0.109375 0.046875
4 0.1826171875 0.4912109375 0.0625 0.1015625
4 0.236328125 0.5068359375 0.07421875 0.08984375
3 0.2294921875 0.2802734375 0.365234375 0.560546875
1 0.6455078125 0.3466796875 0.060546875 0.119140625
0 0.9365234375 0.263671875 0.083984375 0.080078125
0 0.9169921875 0.4970703125 0.1015625 0.080078125
5 0.818359375 0.3623046875 0.2421875 0.19921875
3 0.798828125 0.3818359375 0.40234375 0.373046875
5 0.298828125 0.6474609375 0.19140625 0.181640625
3 0.265625 0.7607421875 0.42578125 0.46484375
1 0.853515625 0.671875 0.08203125 0.0625
5 0.8515625 0.8388671875 0.1875 0.275390625
0 0.712890625 0.9580078125 0.0625 0.083984375
0 0.8994140625 0.7470703125 0.091796875 0.072265625
3 0.8232421875 0.8125 0.310546875 0.375