5 0.298828125 0.3330078125 0.2265625 0.349609375
3 0.263671875 0.369140625 0.52734375 0.71484375
2 0.2470703125 0.115234375 0.1015625 0.13671875
6 0.0322265625 0.21484375 0.064453125 0.08984375
0 0.599609375 0.2080078125 0.08984375 0.08203125
3 0.7412109375 0.30859375 0.517578125 0.6171875
5 0.7509765625 0.072265625 0.341796875 0.14453125
1 0.4833984375 0.7451171875 0.14453125 0.138671875
5 0.521484375 0.9208984375 0.16015625 0.158203125
0 0.53515625 0.841796875 0.08984375 0.171875
3 0.4833984375 0.833984375 0.240234375 0.33203125
5 0.9072265625 0.8369140625 0.185546875 0.197265625
1 0.845703125 0.5810546875 0.08203125 0.041015625
0 0.7451171875 0.6787109375 0.07421875 0.11328125
0 0.966796875 0.6171875 0.06640625 0.12890625
3 0.828125 0.7451171875 0.34375 0.427734375