5 0.1884765625 0.1044921875 0.18359375 0.1796875
0 0.212890625 0.06640625 0.078125 0.095703125
3 0.2109375 0.228515625 0.361328125 0.439453125
1 0.2958984375 0.119140625 0.119140625 0.130859375
5 0.580078125 0.1591796875 0.19921875 0.318359375
1 0.322265625 0.6435546875 0.201171875 0.23046875
1 0.0380859375 0.609375 0.076171875 0.21484375
3 0.1513671875 0.734375 0.302734375 0.53125
3 0.357421875 0.740234375 0.33203125 0.51953125
0 0.611328125 0.677734375 0.060546875 0.109375
0 0.826171875 0.66015625 0.07421875 0.109375
1 0.7119140625 0.626953125 0.091796875 0.078125
5 0.7470703125 0.90625 0.17578125 0.166015625
3 0.7236328125 0.7744140625 0.39453125 0.447265625