1 0.3603515625 0.08984375 0.119140625 0.109375
0 0.3994140625 0.2119140625 0.06640625 0.130859375
5 0.32421875 0.3193359375 0.208984375 0.27734375
3 0.349609375 0.240234375 0.361328125 0.478515625
0 0.958984375 0.41015625 0.072265625 0.09765625
3 0.92578125 0.4208984375 0.1484375 0.306640625
2 0.982421875 0.3759765625 0.03515625 0.130859375
1 0.2724609375 0.6337890625 0.099609375 0.134765625
5 0.201171875 0.8115234375 0.201171875 0.263671875
3 0.2158203125 0.7509765625 0.384765625 0.455078125
5 0.7373046875 0.7587890625 0.318359375 0.482421875