0 0.3916015625 0.306640625 0.19140625 0.28515625
3 0.390625 0.23828125 0.34765625 0.4765625
0 0.7431640625 0.361328125 0.189453125 0.09375
5 0.6845703125 0.212890625 0.380859375 0.42578125
1 0.6787109375 0.0185546875 0.337890625 0.037109375
3 0.7294921875 0.212890625 0.498046875 0.42578125
3 0.4501953125 0.716796875 0.447265625 0.56640625
2 0.4404296875 0.54296875 0.263671875 0.224609375
6 0.5048828125 0.7333984375 0.16015625 0.169921875
6 0.5126953125 0.73828125 0.1484375 0.16796875
5 0.6875 0.8671875 0.09375 0.146484375
2 0.67578125 0.767578125 0.048828125 0.064453125
5 0.759765625 0.90625 0.0625 0.109375
5 0.8291015625 0.8828125 0.083984375 0.1328125
5 0.9130859375 0.8896484375 0.06640625 0.0859375
2 0.748046875 0.8291015625 0.0390625 0.048828125
2 0.8212890625 0.79296875 0.037109375 0.052734375
2 0.90234375 0.818359375 0.044921875 0.0546875
2 0.962890625 0.845703125 0.0390625 0.048828125
2 0.94140625 0.7958984375 0.03515625 0.05078125
3 0.689453125 0.85546875 0.119140625 0.240234375
3 0.755859375 0.8818359375 0.1015625 0.162109375
3 0.8291015625 0.85546875 0.109375 0.1875
3 0.9140625 0.859375 0.103515625 0.1484375
3 0.9638671875 0.8701171875 0.072265625 0.103515625