5 0.3232421875 0.12109375 0.20703125 0.212890625
4 0.416015625 0.5048828125 0.07421875 0.083984375
4 0.4775390625 0.4912109375 0.08203125 0.08203125
3 0.35546875 0.29296875 0.46875 0.5859375
4 0.8642578125 0.4091796875 0.06640625 0.0390625
5 0.728515625 0.064453125 0.21484375 0.12890625
3 0.7783203125 0.2314453125 0.400390625 0.462890625
5 0.357421875 0.7470703125 0.671875 0.505859375
1 0.6875 0.55859375 0.181640625 0.16015625
5 0.775390625 0.7900390625 0.27734375 0.33984375
0 0.9111328125 0.8408203125 0.142578125 0.12890625
3 0.796875 0.68359375 0.40625 0.55078125