0 0.345703125 0.013671875 0.05859375 0.02734375
5 0.1962890625 0.140625 0.220703125 0.28125
3 0.197265625 0.23828125 0.3828125 0.4765625
5 0.837890625 0.3310546875 0.2421875 0.369140625
3 0.7763671875 0.3330078125 0.447265625 0.615234375
2 0.880859375 0.119140625 0.095703125 0.1015625
6 0.681640625 0.1943359375 0.08984375 0.109375
1 0.185546875 0.5224609375 0.171875 0.15625
3 0.1787109375 0.685546875 0.357421875 0.5390625
0 0.5947265625 0.7216796875 0.12890625 0.123046875
3 0.7197265625 0.7041015625 0.521484375 0.341796875