0 0.57421875 0.126953125 0.0478515625 0.1005859375
0 0.5615234375 0.2431640625 0.0361328125 0.10546875
5 0.466796875 0.1396484375 0.1826171875 0.279296875
4 0.408203125 0.521484375 0.052734375 0.033203125
3 0.4580078125 0.26953125 0.28125 0.5380859375
0 0.681640625 0.150390625 0.09375 0.0576171875
5 0.6396484375 0.064453125 0.083984375 0.12890625
4 0.9697265625 0.138671875 0.060546875 0.15625
3 0.798828125 0.1298828125 0.4013671875 0.259765625
5 0.306640625 0.640625 0.1513671875 0.2041015625
3 0.3173828125 0.7685546875 0.291015625 0.462890625