5 0.3427734375 0.240234375 0.1630859375 0.2666015625
0 0.2490234375 0.3916015625 0.029296875 0.0986328125
0 0.4306640625 0.375 0.0478515625 0.0869140625
4 0.3037109375 0.6396484375 0.064453125 0.01953125
3 0.3359375 0.32421875 0.24609375 0.6484375
2 0.330078125 0.048828125 0.07421875 0.09765625
1 0.75390625 0.125 0.0888671875 0.0380859375
5 0.7568359375 0.26171875 0.11328125 0.1611328125
0 0.751953125 0.373046875 0.0478515625 0.0625
4 0.7666015625 0.5380859375 0.0888671875 0.0478515625
3 0.748046875 0.3291015625 0.14453125 0.470703125
5 0.1923828125 0.82421875 0.375 0.3505859375
3 0.228515625 0.82421875 0.45703125 0.3505859375
2 0.904296875 0.82421875 0.1630859375 0.3505859375
3 0.8203125 0.8232421875 0.359375 0.349609375