0 0.373046875 0.1279296875 0.56640625 0.255859375
5 0.654296875 0.244140625 0.1953125 0.314453125
5 0.1083984375 0.61328125 0.216796875 0.32421875
0 0.11328125 0.810546875 0.11328125 0.091796875
1 0.1318359375 0.369140625 0.224609375 0.15234375
3 0.1767578125 0.6103515625 0.353515625 0.642578125
5 0.6533203125 0.564453125 0.361328125 0.361328125
0 0.5068359375 0.724609375 0.115234375 0.095703125
0 0.765625 0.7587890625 0.068359375 0.08984375
4 0.6376953125 0.9306640625 0.208984375 0.138671875
4 0.4677734375 0.9189453125 0.173828125 0.162109375
3 0.64453125 0.6845703125 0.52734375 0.630859375