1 0.33203125 0.1005859375 0.115234375 0.1015625
0 0.37890625 0.2197265625 0.05859375 0.12890625
5 0.3125 0.33203125 0.193359375 0.267578125
3 0.33203125 0.251953125 0.333984375 0.462890625
0 0.9521484375 0.37890625 0.06640625 0.09375
3 0.9267578125 0.3896484375 0.146484375 0.298828125
2 0.98046875 0.3427734375 0.0390625 0.126953125
1 0.2822265625 0.6494140625 0.091796875 0.130859375
5 0.2236328125 0.8310546875 0.185546875 0.255859375
3 0.234375 0.7705078125 0.359375 0.4375
5 0.7578125 0.7529296875 0.28515625 0.494140625