5 0.330078125 0.0595703125 0.17578125 0.1015625
4 0.349609375 0.4140625 0.08203125 0.103515625
4 0.42578125 0.4052734375 0.08203125 0.09765625
3 0.3486328125 0.248046875 0.556640625 0.49609375
5 0.6318359375 0.0654296875 0.146484375 0.130859375
3 0.677734375 0.208984375 0.23828125 0.41796875
0 0.1552734375 0.7431640625 0.21875 0.201171875
5 0.3583984375 0.7265625 0.712890625 0.546875
3 0.357421875 0.708984375 0.71484375 0.58203125
5 0.701171875 0.5322265625 0.14453125 0.2578125
3 0.8037109375 0.6748046875 0.3515625 0.595703125