0 0.6396484375 0.33203125 0.1826171875 0.115234375
3 0.369140625 0.1943359375 0.73828125 0.388671875
0 0.96875 0.087890625 0.021484375 0.04296875
3 0.9794921875 0.1728515625 0.041015625 0.345703125
5 0.361328125 0.6201171875 0.2880859375 0.26171875
0 0.5205078125 0.7802734375 0.0791015625 0.064453125
0 0.2275390625 0.791015625 0.09375 0.0693359375
4 0.2802734375 0.9609375 0.103515625 0.078125
4 0.44921875 0.9580078125 0.125 0.083984375
1 0.35546875 0.40234375 0.177734375 0.0263671875
3 0.35546875 0.6943359375 0.4375 0.6103515625