1 0.52734375 0.0478515625 0.09765625 0.095703125
5 0.4521484375 0.2041015625 0.20703125 0.267578125
0 0.37109375 0.37890625 0.064453125 0.1015625
3 0.4130859375 0.2939453125 0.380859375 0.587890625
0 0.794921875 0.3955078125 0.08984375 0.08203125
3 0.8369140625 0.3720703125 0.326171875 0.638671875
5 0.9169921875 0.23046875 0.166015625 0.31640625
4 0.2275390625 0.9033203125 0.072265625 0.083984375
4 0.302734375 0.9033203125 0.095703125 0.103515625
3 0.255859375 0.7490234375 0.453125 0.48046875
5 0.8583984375 0.76953125 0.201171875 0.232421875
3 0.7294921875 0.802734375 0.482421875 0.39453125