1 0.2451171875 0.091796875 0.2548828125 0.1826171875
3 0.23828125 0.2744140625 0.4755859375 0.5478515625
5 0.7353515625 0.046875 0.29296875 0.09375
0 0.6787109375 0.1552734375 0.1181640625 0.07421875
0 0.908203125 0.09375 0.05078125 0.07421875
4 0.841796875 0.3369140625 0.2041015625 0.1416015625
4 0.708984375 0.3857421875 0.185546875 0.16796875
3 0.7802734375 0.2431640625 0.3818359375 0.4853515625
1 0.064453125 0.7509765625 0.12890625 0.087890625
5 0.087890625 0.9130859375 0.17578125 0.1728515625
3 0.1162109375 0.849609375 0.232421875 0.30078125
0 0.701171875 0.9130859375 0.2236328125 0.1728515625
0 0.7939453125 0.828125 0.412109375 0.34375