5 0.1015625 0.12109375 0.17578125 0.2421875
0 0.1787109375 0.2412109375 0.041015625 0.095703125
4 0.1220703125 0.515625 0.0703125 0.072265625
4 0.0341796875 0.5234375 0.0546875 0.044921875
5 0.7412109375 0.39453125 0.12109375 0.166015625
0 0.73046875 0.5048828125 0.05078125 0.064453125
1 0.748046875 0.2646484375 0.091796875 0.064453125
3 0.73046875 0.404296875 0.158203125 0.359375
5 0.220703125 0.703125 0.44140625 0.3203125
2 0.5068359375 0.7529296875 0.16015625 0.373046875
3 0.60546875 0.7822265625 0.36328125 0.435546875