4 0.0703125 0.2880859375 0.076171875 0.09765625
3 0.1083984375 0.17578125 0.212890625 0.3515625
5 0.544921875 0.080078125 0.1015625 0.16015625
3 0.6103515625 0.185546875 0.2421875 0.37109375
5 0.41015625 0.681640625 0.154296875 0.326171875
0 0.3623046875 0.7490234375 0.05859375 0.08984375
0 0.4716796875 0.75 0.025390625 0.087890625
1 0.4306640625 0.796875 0.099609375 0.111328125
3 0.380859375 0.681640625 0.220703125 0.634765625
2 0.4208984375 0.447265625 0.07421875 0.125
1 0.49609375 0.46875 0.015625 0.068359375
5 0.5849609375 0.4609375 0.130859375 0.08203125
0 0.6298828125 0.53515625 0.04296875 0.048828125
0 0.6513671875 0.4306640625 0.056640625 0.056640625
4 0.779296875 0.51171875 0.033203125 0.068359375
4 0.7763671875 0.4443359375 0.03515625 0.068359375
3 0.6630859375 0.48828125 0.353515625 0.19921875