5 0.3046875 0.326171875 0.216796875 0.345703125
3 0.26171875 0.3603515625 0.5234375 0.705078125
2 0.2607421875 0.1064453125 0.09765625 0.134765625
6 0.037109375 0.2001953125 0.07421875 0.087890625
0 0.609375 0.2119140625 0.087890625 0.080078125
3 0.7490234375 0.310546875 0.501953125 0.62109375
5 0.7666015625 0.07421875 0.337890625 0.1484375
1 0.474609375 0.744140625 0.140625 0.134765625
5 0.5068359375 0.921875 0.154296875 0.15625
0 0.5224609375 0.8427734375 0.0859375 0.169921875
3 0.470703125 0.833984375 0.23046875 0.33203125
5 0.90234375 0.8525390625 0.193359375 0.193359375
1 0.8427734375 0.59375 0.08203125 0.037109375
0 0.7392578125 0.6865234375 0.0703125 0.11328125
0 0.9658203125 0.634765625 0.068359375 0.12890625
3 0.826171875 0.7578125 0.34765625 0.41796875