0 0.3076171875 0.248046875 0.583984375 0.49609375
3 0.7666015625 0.3369140625 0.453125 0.5078125
5 0.744140625 0.353515625 0.30078125 0.28125
0 0.8486328125 0.5205078125 0.099609375 0.076171875
0 0.6025390625 0.466796875 0.078125 0.064453125
1 0.7734375 0.15625 0.15234375 0.09765625
1 0.4228515625 0.53125 0.0703125 0.07421875
5 0.1806640625 0.501953125 0.080078125 0.154296875
5 0.0439453125 0.4716796875 0.087890625 0.162109375
5 0.109375 0.5078125 0.134765625 0.208984375
5 0.2314453125 0.541015625 0.125 0.21484375
0 0.041015625 0.572265625 0.029296875 0.048828125
5 0.3671875 0.7119140625 0.166015625 0.287109375
0 0.3701171875 0.8505859375 0.03125 0.046875
3 0.0908203125 0.63671875 0.181640625 0.47265625
3 0.37109375 0.7314453125 0.220703125 0.50390625
3 0.23828125 0.6796875 0.26171875 0.4921875
3 0.203125 0.6337890625 0.203125 0.41015625
1 0.8466796875 0.693359375 0.125 0.162109375