5 0.39453125 0.10546875 0.15234375 0.2109375
0 0.380859375 0.2119140625 0.052734375 0.103515625
3 0.3994140625 0.1396484375 0.158203125 0.279296875
0 0.7080078125 0.1396484375 0.458984375 0.279296875
5 0.0634765625 0.7099609375 0.126953125 0.1513671875
1 0.03125 0.4580078125 0.0625 0.0986328125
0 0.0830078125 0.505859375 0.052734375 0.091796875
3 0.0869140625 0.69921875 0.1728515625 0.6005859375
1 0.541015625 0.525390625 0.103515625 0.11328125
5 0.537109375 0.744140625 0.1181640625 0.271484375
0 0.5986328125 0.87890625 0.0361328125 0.09375