3 0.1015625 0.16015625 0.203125 0.26171875
4 0.638671875 0.1533203125 0.146484375 0.060546875
3 0.6474609375 0.1083984375 0.205078125 0.216796875
0 0.0498046875 0.734375 0.052734375 0.11328125
0 0.203125 0.65234375 0.07421875 0.12890625
5 0.1240234375 0.572265625 0.212890625 0.353515625
4 0.1708984375 0.9951171875 0.064453125 0.009765625
4 0.2294921875 0.9931640625 0.072265625 0.013671875
3 0.171875 0.630859375 0.34375 0.73828125
2 0.0927734375 0.3427734375 0.0859375 0.1328125
5 0.78515625 0.44140625 0.4296875 0.5078125