4 0.3359375 0.3642578125 0.052734375 0.09375
4 0.392578125 0.36328125 0.064453125 0.095703125
3 0.2470703125 0.2080078125 0.458984375 0.416015625
4 0.9365234375 0.3896484375 0.103515625 0.0234375
4 0.8212890625 0.326171875 0.15234375 0.048828125
5 0.3671875 0.6640625 0.1640625 0.3359375
0 0.400390625 0.828125 0.0546875 0.119140625
3 0.3486328125 0.7041015625 0.240234375 0.591796875
3 0.7373046875 0.7001953125 0.453125 0.599609375
3 0.580078125 0.51953125 0.173828125 0.2265625
6 0.8984375 0.6396484375 0.125 0.12109375
6 0.859375 0.7373046875 0.08984375 0.099609375