0 0.2490234375 0.1982421875 0.458984375 0.396484375
0 0.2392578125 0.318359375 0.478515625 0.19921875
5 0.763671875 0.033203125 0.10546875 0.06640625
0 0.837890625 0.0263671875 0.021484375 0.052734375
5 0.9716796875 0.1142578125 0.056640625 0.228515625
3 0.5322265625 0.12109375 0.111328125 0.2421875
3 0.6513671875 0.1201171875 0.1298828125 0.240234375
3 0.7646484375 0.1630859375 0.134765625 0.326171875
3 0.892578125 0.208984375 0.1708984375 0.41796875
0 0.3544921875 0.5849609375 0.248046875 0.333984375
0 0.13671875 0.7705078125 0.259765625 0.458984375
3 0.8330078125 0.6259765625 0.333984375 0.416015625
5 0.8505859375 0.4833984375 0.25 0.1298828125
0 0.7431640625 0.5888671875 0.1103515625 0.052734375
0 0.9755859375 0.5693359375 0.0478515625 0.0625
4 0.7763671875 0.7587890625 0.10546875 0.13671875
4 0.919921875 0.7451171875 0.1298828125 0.1318359375