1 0.2939453125 0.19921875 0.224609375 0.216796875
1 0.0703125 0.3916015625 0.140625 0.201171875
0 0.3291015625 0.6005859375 0.2109375 0.1953125
5 0.4140625 0.486328125 0.248046875 0.38671875
3 0.3203125 0.3857421875 0.43359375 0.642578125
3 0.1259765625 0.501953125 0.251953125 0.48046875
0 0.515625 0.0498046875 0.203125 0.099609375
4 0.70703125 0.294921875 0.5859375 0.58984375
5 0.4423828125 0.84375 0.318359375 0.3125
3 0.40234375 0.8212890625 0.40234375 0.357421875
1 0.8466796875 0.9208984375 0.111328125 0.060546875
1 0.9140625 0.89453125 0.099609375 0.083984375