6 0.431640625 0.1962890625 0.0166015625 0.103515625
5 0.505859375 0.0458984375 0.1318359375 0.091796875
4 0.474609375 0.3837890625 0.0693359375 0.05078125
4 0.5458984375 0.3349609375 0.052734375 0.0869140625
4 0.7119140625 0.359375 0.0673828125 0.0986328125
4 0.7607421875 0.345703125 0.0478515625 0.0771484375
3 0.525390625 0.2041015625 0.1708984375 0.408203125
3 0.73046875 0.203125 0.2646484375 0.40625
3 0.400390625 0.7314453125 0.078125 0.537109375
0 0.74609375 0.572265625 0.064453125 0.115234375
0 0.916015625 0.5888671875 0.041015625 0.09375
1 0.82421875 0.509765625 0.095703125 0.083984375
5 0.8125 0.7294921875 0.15625 0.248046875
3 0.82421875 0.7138671875 0.3505859375 0.572265625