1 0.431640625 0.046875 0.0791015625 0.09375
5 0.3916015625 0.220703125 0.1611328125 0.240234375
0 0.3486328125 0.408203125 0.0458984375 0.09375
3 0.3681640625 0.294921875 0.2646484375 0.5888671875
0 0.7666015625 0.3369140625 0.0771484375 0.0673828125
3 0.8486328125 0.294921875 0.302734375 0.5888671875
5 0.8974609375 0.1396484375 0.2041015625 0.279296875
4 0.3173828125 0.951171875 0.0576171875 0.07421875
4 0.390625 0.935546875 0.0791015625 0.0888671875
3 0.3125 0.7939453125 0.375 0.412109375
5 0.90625 0.689453125 0.1630859375 0.2021484375
3 0.796875 0.7939453125 0.40625 0.412109375