5 0.09765625 0.427734375 0.1630859375 0.2666015625
0 0.0087890625 0.578125 0.0166015625 0.0986328125
0 0.185546875 0.5625 0.0478515625 0.0869140625
3 0.1298828125 0.427734375 0.259765625 0.54296875
2 0.0869140625 0.2275390625 0.07421875 0.1181640625
1 0.6259765625 0.107421875 0.158203125 0.09375
5 0.6611328125 0.3759765625 0.228515625 0.30078125
0 0.5947265625 0.5771484375 0.11328125 0.10546875
0 0.8017578125 0.517578125 0.0478515625 0.1005859375
3 0.6552734375 0.349609375 0.3916015625 0.69921875
3 0.337890625 0.849609375 0.2431640625 0.30078125
5 0.5166015625 0.775390625 0.115234375 0.1513671875
3 0.62890625 0.849609375 0.3388671875 0.30078125