0 0.552734375 0.029296875 0.052734375 0.0576171875
0 0.62890625 0.0302734375 0.041015625 0.060546875
5 0.5419921875 0.1083984375 0.185546875 0.216796875
3 0.55078125 0.189453125 0.26171875 0.37890625
5 0.2958984375 0.58984375 0.14453125 0.4208984375
3 0.29296875 0.689453125 0.1494140625 0.6201171875
1 0.591796875 0.5771484375 0.1005859375 0.11328125
1 0.80078125 0.93359375 0.1201171875 0.1318359375
0 0.7724609375 0.826171875 0.0556640625 0.115234375
3 0.6337890625 0.7294921875 0.259765625 0.4208984375
3 0.75390625 0.884765625 0.2958984375 0.23046875
6 0.623046875 0.8837890625 0.0458984375 0.083984375
6 0.5947265625 0.857421875 0.0380859375 0.1083984375