0 0.09375 0.306640625 0.0625 0.0986328125
0 0.4462890625 0.28515625 0.052734375 0.115234375
1 0.0693359375 0.0771484375 0.083984375 0.08203125
1 0.2177734375 0.1416015625 0.060546875 0.0576171875
1 0.400390625 0.0712890625 0.0986328125 0.08203125
5 0.3955078125 0.2880859375 0.1708984375 0.220703125
3 0.05859375 0.216796875 0.1171875 0.36328125
3 0.2099609375 0.248046875 0.1513671875 0.302734375
3 0.3955078125 0.2138671875 0.1708984375 0.3701171875
5 0.60546875 0.25390625 0.052734375 0.228515625
0 0.6083984375 0.1005859375 0.0361328125 0.0771484375
3 0.6376953125 0.19921875 0.119140625 0.3984375
5 0.439453125 0.685546875 0.16796875 0.15625
1 0.4228515625 0.421875 0.08203125 0.0458984375
0 0.248046875 0.443359375 0.0673828125 0.0888671875
3 0.380859375 0.69921875 0.396484375 0.6005859375
5 0.625 0.4951171875 0.091796875 0.1923828125
4 0.587890625 0.9482421875 0.0166015625 0.103515625
4 0.626953125 0.9521484375 0.0625 0.095703125