1 0.23828125 0.0595703125 0.099609375 0.083984375
5 0.2421875 0.2626953125 0.17578125 0.23828125
0 0.1943359375 0.4072265625 0.044921875 0.05859375
0 0.3837890625 0.37109375 0.064453125 0.09765625
3 0.2626953125 0.2236328125 0.322265625 0.431640625
0 0.76171875 0.2001953125 0.45703125 0.400390625
5 0.2685546875 0.7060546875 0.447265625 0.587890625
1 0.4755859375 0.5341796875 0.052734375 0.072265625
5 0.517578125 0.755859375 0.11328125 0.248046875
0 0.5693359375 0.5888671875 0.064453125 0.107421875
3 0.5556640625 0.736328125 0.216796875 0.52734375