5 0.07421875 0.25390625 0.1484375 0.2265625
1 0.05078125 0.0400390625 0.09375 0.0693359375
3 0.0791015625 0.18359375 0.158203125 0.3671875
5 0.72265625 0.04296875 0.24609375 0.0859375
0 0.736328125 0.1259765625 0.091796875 0.0673828125
4 0.734375 0.322265625 0.166015625 0.091796875
4 0.6552734375 0.287109375 0.16796875 0.125
3 0.7265625 0.18359375 0.34765625 0.3671875
5 0.3173828125 0.767578125 0.2646484375 0.26171875
0 0.3232421875 0.939453125 0.0986328125 0.0625
1 0.3115234375 0.517578125 0.19921875 0.08203125
3 0.30859375 0.7333984375 0.3583984375 0.533203125