5 0.396484375 0.390625 0.171875 0.3515625
1 0.5048828125 0.5009765625 0.1171875 0.12109375
0 0.423828125 0.4443359375 0.072265625 0.08984375
3 0.4111328125 0.3212890625 0.33203125 0.53515625
2 0.396484375 0.140625 0.078125 0.13671875
5 0.7890625 0.2939453125 0.421875 0.587890625
5 0.16015625 0.6552734375 0.13671875 0.1328125
3 0.416015625 0.7939453125 0.30078125 0.412109375
3 0.1416015625 0.7939453125 0.224609375 0.412109375
6 0.291015625 0.68359375 0.05078125 0.09765625
0 0.599609375 0.7646484375 0.041015625 0.1015625
0 0.712890625 0.78125 0.04296875 0.1015625
1 0.6630859375 0.8232421875 0.095703125 0.10546875
5 0.66015625 0.70703125 0.16015625 0.234375
3 0.681640625 0.7939453125 0.20703125 0.412109375