5 0.16796875 0.1123046875 0.150390625 0.189453125
0 0.1083984375 0.19921875 0.064453125 0.08984375
0 0.236328125 0.158203125 0.052734375 0.080078125
3 0.1669921875 0.1923828125 0.27734375 0.35546875
5 0.86328125 0.181640625 0.19140625 0.2734375
3 0.8369140625 0.1611328125 0.298828125 0.322265625
2 0.8466796875 0.0244140625 0.083984375 0.048828125
0 0.1015625 0.810546875 0.1875 0.37890625
0 0.0400390625 0.4951171875 0.080078125 0.251953125
0 0.384765625 0.4853515625 0.330078125 0.27734375
0 0.462890625 0.8349609375 0.28125 0.330078125
5 0.7802734375 0.625 0.439453125 0.5078125