5 0.1943359375 0.271484375 0.16796875 0.15625
1 0.177734375 0.015625 0.08203125 0.03125
0 0.017578125 0.037109375 0.03515625 0.07421875
0 0.3544921875 0.0380859375 0.056640625 0.076171875
3 0.21875 0.2197265625 0.4375 0.439453125
5 0.75 0.2197265625 0.5 0.439453125
5 0.20703125 0.7197265625 0.4130859375 0.560546875
5 0.923828125 0.7353515625 0.1513671875 0.240234375
0 0.8349609375 0.58203125 0.052734375 0.08203125
0 0.9794921875 0.55859375 0.041015625 0.083984375
3 0.8828125 0.728515625 0.234375 0.54296875
2 0.908203125 0.5400390625 0.08203125 0.1416015625