0 0.2646484375 0.0458984375 0.306640625 0.091796875
0 0.33984375 0.2529296875 0.421875 0.3203125
1 0.796875 0.0849609375 0.09375 0.06640625
5 0.7294921875 0.2470703125 0.24609375 0.32421875
0 0.720703125 0.4033203125 0.09375 0.119140625
3 0.7177734375 0.2568359375 0.34765625 0.46875
3 0.3046875 0.6640625 0.373046875 0.62109375
2 0.4306640625 0.451171875 0.08984375 0.119140625
6 0.2880859375 0.5029296875 0.07421875 0.08984375
1 0.5087890625 0.6484375 0.134765625 0.17578125
0 0.849609375 0.833984375 0.10546875 0.080078125
0 0.931640625 0.6298828125 0.125 0.130859375
5 0.74609375 0.6904296875 0.318359375 0.251953125
3 0.689453125 0.6982421875 0.615234375 0.51953125