0 0.021484375 0.197265625 0.0380859375 0.10546875
3 0.0556640625 0.134765625 0.1103515625 0.23046875
4 0.890625 0.2138671875 0.07421875 0.072265625
4 0.93359375 0.1298828125 0.0771484375 0.0791015625
0 0.654296875 0.0537109375 0.11328125 0.0888671875
5 0.544921875 0.1630859375 0.1708984375 0.1728515625
3 0.7294921875 0.125 0.541015625 0.25
1 0.1572265625 0.638671875 0.0986328125 0.15625
5 0.3583984375 0.6162109375 0.2021484375 0.185546875
3 0.2587890625 0.640625 0.4013671875 0.396484375
5 0.7294921875 0.625 0.541015625 0.75