1 0.091796875 0.1298828125 0.1826171875 0.259765625
3 0.146484375 0.259765625 0.29296875 0.51953125
0 0.4599609375 0.0947265625 0.0791015625 0.11328125
0 0.6669921875 0.2490234375 0.09375 0.1611328125
0 0.77734375 0.1103515625 0.07421875 0.115234375
4 0.455078125 0.46484375 0.103515625 0.1083984375
4 0.5224609375 0.482421875 0.083984375 0.07421875
4 0.630859375 0.478515625 0.09375 0.08203125
4 0.8115234375 0.4736328125 0.083984375 0.091796875
4 0.9794921875 0.369140625 0.041015625 0.11328125
3 0.9580078125 0.212890625 0.083984375 0.42578125
3 0.7236328125 0.259765625 0.2744140625 0.51953125
3 0.486328125 0.259765625 0.17578125 0.51953125
3 0.3173828125 0.759765625 0.1630859375 0.48046875
6 0.3017578125 0.728515625 0.04296875 0.08203125
3 0.650390625 0.759765625 0.36328125 0.48046875
6 0.703125 0.7666015625 0.0673828125 0.14453125
6 0.55859375 0.75 0.060546875 0.1630859375