5 0.3701171875 0.4326171875 0.16796875 0.3125
3 0.34765625 0.357421875 0.32421875 0.4638671875
6 0.3037109375 0.23046875 0.052734375 0.0673828125
6 0.4208984375 0.22265625 0.052734375 0.0625
2 0.36328125 0.2041015625 0.0869140625 0.1416015625
0 0.7021484375 0.08203125 0.3125 0.1630859375
0 0.8017578125 0.4111328125 0.345703125 0.345703125
0 0.0361328125 0.763671875 0.04296875 0.0888671875
0 0.1083984375 0.740234375 0.0478515625 0.10546875
3 0.0966796875 0.7939453125 0.193359375 0.412109375
0 0.8857421875 0.5986328125 0.064453125 0.01953125
5 0.91796875 0.642578125 0.1630859375 0.1083984375
4 0.896484375 0.9658203125 0.0546875 0.068359375
4 0.9599609375 0.962890625 0.0693359375 0.07421875
3 0.8828125 0.7939453125 0.234375 0.412109375