0 0.3232421875 0.197265625 0.537109375 0.39453125
0 0.287109375 0.2646484375 0.51171875 0.30078125
5 0.8623046875 0.1044921875 0.1171875 0.087890625
0 0.935546875 0.1142578125 0.033203125 0.056640625
3 0.6162109375 0.1376953125 0.162109375 0.26171875
3 0.7333984375 0.1640625 0.1796875 0.263671875
3 0.833984375 0.2314453125 0.205078125 0.34765625
3 0.9091796875 0.3046875 0.181640625 0.4453125
0 0.3388671875 0.5498046875 0.31640625 0.380859375
0 0.130859375 0.6806640625 0.26171875 0.505859375
3 0.79296875 0.697265625 0.4140625 0.48046875
5 0.845703125 0.5625 0.2734375 0.18359375
0 0.716796875 0.6416015625 0.119140625 0.076171875
0 0.9482421875 0.6748046875 0.060546875 0.072265625
4 0.7109375 0.814453125 0.1328125 0.15625
4 0.8544921875 0.8330078125 0.15625 0.158203125