5 0.36328125 0.44921875 0.205078125 0.330078125
3 0.3310546875 0.376953125 0.37890625 0.5
6 0.2724609375 0.2568359375 0.060546875 0.07421875
6 0.3876953125 0.234375 0.060546875 0.068359375
2 0.328125 0.22265625 0.103515625 0.150390625
0 0.6494140625 0.080078125 0.330078125 0.16015625
0 0.7890625 0.375 0.384765625 0.384765625
0 0.0712890625 0.818359375 0.052734375 0.09375
0 0.140625 0.7861328125 0.060546875 0.111328125
3 0.134765625 0.8125 0.2421875 0.375
0 0.89453125 0.55078125 0.06640625 0.02734375
5 0.921875 0.5908203125 0.15625 0.126953125
4 0.9501953125 0.9140625 0.0625 0.07421875
4 0.986328125 0.90234375 0.02734375 0.08203125
3 0.88671875 0.744140625 0.2265625 0.4375