0 0.181640625 0.25 0.05859375 0.08984375
0 0.2822265625 0.2431640625 0.046875 0.072265625
3 0.25 0.2392578125 0.296875 0.23828125
2 0.228515625 0.2119140625 0.0703125 0.125
0 0.654296875 0.22265625 0.029296875 0.11328125
0 0.8056640625 0.240234375 0.041015625 0.09375
1 0.7138671875 0.1611328125 0.095703125 0.083984375
5 0.708984375 0.3076171875 0.140625 0.1015625
3 0.7666015625 0.21875 0.25390625 0.279296875
4 0.4375 0.9853515625 0.072265625 0.029296875
0 0.42578125 0.7666015625 0.08984375 0.115234375
5 0.375 0.5478515625 0.216796875 0.31640625
3 0.361328125 0.6787109375 0.33984375 0.640625
5 0.861328125 0.453125 0.15625 0.189453125
0 0.9013671875 0.5849609375 0.0703125 0.109375
4 0.8486328125 0.916015625 0.0703125 0.078125
4 0.892578125 0.8818359375 0.08203125 0.052734375
3 0.8701171875 0.6630859375 0.25390625 0.609375