4 0.060546875 0.3720703125 0.0703125 0.10546875
4 0.1748046875 0.3798828125 0.076171875 0.103515625
5 0.1552734375 0.01953125 0.166015625 0.0390625
3 0.2265625 0.2353515625 0.44921875 0.470703125
5 0.7509765625 0.306640625 0.498046875 0.4296875
1 0.1962890625 0.759765625 0.0703125 0.1171875
0 0.46875 0.6552734375 0.04296875 0.072265625
0 0.4521484375 0.88671875 0.03125 0.0703125
5 0.3720703125 0.7626953125 0.22265625 0.18359375
3 0.3017578125 0.775390625 0.375 0.34375
0 0.9453125 0.8544921875 0.060546875 0.109375
4 0.7900390625 0.8662109375 0.177734375 0.267578125
3 0.82421875 0.7470703125 0.3515625 0.505859375