1 0.26953125 0.12109375 0.1416015625 0.1728515625
0 0.30078125 0.6044921875 0.1201171875 0.146484375
0 0.107421875 0.60546875 0.1611328125 0.14453125
3 0.2353515625 0.349609375 0.408203125 0.65625
5 0.751953125 0.1298828125 0.1728515625 0.259765625
0 0.8486328125 0.287109375 0.0361328125 0.0986328125
0 0.64453125 0.310546875 0.041015625 0.10546875
4 0.7919921875 0.609375 0.0673828125 0.0771484375
4 0.724609375 0.615234375 0.0576171875 0.083984375
5 0.2197265625 0.8388671875 0.439453125 0.322265625
0 0.7548828125 0.755859375 0.103515625 0.0673828125
4 0.80859375 0.939453125 0.1181640625 0.1201171875
4 0.9443359375 0.931640625 0.1103515625 0.13671875
3 0.8095703125 0.8388671875 0.380859375 0.322265625