5 0.353515625 0.146484375 0.072265625 0.29296875
3 0.2685546875 0.18359375 0.240234375 0.3671875
1 0.685546875 0.03125 0.04296875 0.0625
5 0.7880859375 0.029296875 0.1298828125 0.0576171875
0 0.8349609375 0.09375 0.04296875 0.0478515625
0 0.853515625 0.0068359375 0.0546875 0.013671875
4 0.9833984375 0.0673828125 0.029296875 0.0673828125
4 0.978515625 0.0166015625 0.033203125 0.033203125
3 0.814453125 0.0712890625 0.3701171875 0.1416015625
5 0.1943359375 0.6826171875 0.388671875 0.630859375
5 0.859375 0.7333984375 0.1513671875 0.3388671875
0 0.861328125 0.900390625 0.0458984375 0.10546875
3 0.865234375 0.708984375 0.26953125 0.58203125
2 0.861328125 0.509765625 0.103515625 0.1396484375