0 0.236328125 0.2734375 0.47265625 0.52734375
5 0.619140625 0.34765625 0.2421875 0.21484375
2 0.568359375 0.1923828125 0.12109375 0.208984375
3 0.619140625 0.259765625 0.353515625 0.3984375
5 0.4453125 0.619140625 0.142578125 0.29296875
0 0.4091796875 0.787109375 0.07421875 0.083984375
4 0.4912109375 0.9541015625 0.130859375 0.091796875
3 0.4375 0.7314453125 0.23828125 0.537109375
5 0.8427734375 0.607421875 0.314453125 0.296875
0 0.9912109375 0.744140625 0.017578125 0.078125
0 0.75 0.7890625 0.09375 0.076171875
4 0.8359375 0.9296875 0.1015625 0.060546875
4 0.966796875 0.90234375 0.06640625 0.06640625
3 0.8037109375 0.677734375 0.392578125 0.59375