5 0.09375 0.09765625 0.1728515625 0.1943359375
0 0.0400390625 0.0146484375 0.064453125 0.029296875
0 0.169921875 0.009765625 0.0361328125 0.01953125
1 0.109375 0.0244140625 0.0986328125 0.0478515625
4 0.08984375 0.515625 0.0478515625 0.10546875
4 0.1455078125 0.52734375 0.0625 0.1005859375
3 0.1181640625 0.2900390625 0.2353515625 0.5791015625
3 0.72265625 0.435546875 0.42578125 0.197265625
0 0.6455078125 0.37109375 0.1083984375 0.0869140625
4 0.8916015625 0.4208984375 0.083984375 0.1728515625
5 0.5625 0.44140625 0.10546875 0.17578125
5 0.357421875 0.875 0.3056640625 0.25
3 0.3232421875 0.7890625 0.373046875 0.421875
2 0.3857421875 0.642578125 0.15625 0.126953125
5 0.9052734375 0.7236328125 0.1630859375 0.2548828125
0 0.623046875 0.62890625 0.07421875 0.0869140625
3 0.78125 0.7890625 0.4375 0.421875