4 0.216796875 0.3017578125 0.0478515625 0.0888671875
4 0.3212890625 0.283203125 0.0869140625 0.0673828125
3 0.2646484375 0.177734375 0.3125 0.35546875
0 0.681640625 0.21875 0.0576171875 0.1181640625
3 0.6455078125 0.2802734375 0.2333984375 0.2958984375
5 0.25390625 0.8974609375 0.36328125 0.2041015625
3 0.2666015625 0.7138671875 0.5244140625 0.572265625
2 0.25390625 0.58984375 0.15625 0.32421875
1 0.7119140625 0.501953125 0.0625 0.029296875
0 0.6884765625 0.666015625 0.0263671875 0.04296875
5 0.703125 0.595703125 0.0791015625 0.1103515625
4 0.677734375 0.7880859375 0.0693359375 0.0166015625
4 0.7431640625 0.78125 0.0576171875 0.021484375
3 0.72265625 0.650390625 0.1826171875 0.3271484375