3 0.05078125 0.244140625 0.1005859375 0.48828125
1 0.625 0.146484375 0.064453125 0.029296875
5 0.62890625 0.244140625 0.07421875 0.115234375
0 0.568359375 0.2958984375 0.0361328125 0.0380859375
0 0.673828125 0.31640625 0.0361328125 0.0458984375
4 0.595703125 0.447265625 0.072265625 0.0166015625
4 0.66015625 0.4423828125 0.0625 0.01953125
3 0.625 0.3017578125 0.197265625 0.373046875
0 0.0166015625 0.9228515625 0.033203125 0.095703125
0 0.07421875 0.9267578125 0.060546875 0.10546875
5 0.05859375 0.9375 0.1171875 0.125
3 0.0810546875 0.8251953125 0.162109375 0.349609375
5 0.572265625 0.7333984375 0.1630859375 0.158203125
0 0.474609375 0.6201171875 0.0625 0.0771484375
0 0.64453125 0.59375 0.0625 0.0693359375
3 0.5625 0.744140625 0.3076171875 0.51171875