0 0.0244140625 0.2607421875 0.0478515625 0.09375
0 0.255859375 0.23046875 0.05078125 0.0791015625
5 0.13671875 0.125 0.1630859375 0.25
3 0.150390625 0.224609375 0.30078125 0.44921875
5 0.822265625 0.408203125 0.1728515625 0.08203125
1 0.8037109375 0.1923828125 0.083984375 0.0986328125
0 0.74609375 0.2392578125 0.0458984375 0.09375
0 0.8642578125 0.2392578125 0.052734375 0.091796875
3 0.822265625 0.291015625 0.2646484375 0.3173828125
5 0.537109375 0.669921875 0.1513671875 0.32421875
0 0.576171875 0.509765625 0.0458984375 0.1201171875
3 0.552734375 0.724609375 0.26953125 0.55078125