5 0.208984375 0.22265625 0.09765625 0.3359375
4 0.2265625 0.66796875 0.072265625 0.0546875
3 0.1845703125 0.3505859375 0.15625 0.69140625
4 0.7958984375 0.6494140625 0.064453125 0.064453125
4 0.7138671875 0.6103515625 0.064453125 0.064453125
0 0.595703125 0.3515625 0.044921875 0.08984375
0 0.873046875 0.3662109375 0.076171875 0.107421875
5 0.7412109375 0.205078125 0.208984375 0.267578125
3 0.748046875 0.34375 0.40234375 0.6875
3 0.15625 0.8466796875 0.22265625 0.306640625
5 0.6083984375 0.7490234375 0.1484375 0.125