0 0.4365234375 0.3505859375 0.197265625 0.537109375
5 0.76171875 0.2412109375 0.3046875 0.318359375
0 0.814453125 0.4052734375 0.10546875 0.087890625
4 0.7607421875 0.5322265625 0.169921875 0.06640625
1 0.7001953125 0.029296875 0.197265625 0.05859375
3 0.7607421875 0.28515625 0.478515625 0.5703125
5 0.2509765625 0.8212890625 0.419921875 0.357421875
0 0.26953125 0.859375 0.12890625 0.189453125
3 0.259765625 0.8203125 0.4375 0.359375
1 0.75 0.7431640625 0.126953125 0.12109375
1 0.8134765625 0.69921875 0.107421875 0.11328125
3 0.76171875 0.8310546875 0.212890625 0.26171875
3 0.857421875 0.77734375 0.181640625 0.306640625
3 0.9326171875 0.716796875 0.134765625 0.37109375
1 0.9404296875 0.615234375 0.11328125 0.119140625