0 0.7490234375 0.2265625 0.41015625 0.42578125
0 0.951171875 0.2734375 0.09765625 0.3828125
5 0.1904296875 0.4541015625 0.302734375 0.2890625
0 0.306640625 0.626953125 0.072265625 0.072265625
0 0.048828125 0.5888671875 0.083984375 0.07421875
4 0.21875 0.8056640625 0.126953125 0.154296875
4 0.072265625 0.7822265625 0.123046875 0.14453125
3 0.2138671875 0.5908203125 0.427734375 0.630859375
3 0.7998046875 0.7041015625 0.400390625 0.591796875
5 0.8896484375 0.58203125 0.220703125 0.30078125
0 0.76171875 0.73828125 0.109375 0.08203125
4 0.837890625 0.94921875 0.17578125 0.1015625