3 0.0576171875 0.150390625 0.111328125 0.30078125
5 0.7255859375 0.0869140625 0.13671875 0.16796875
3 0.708984375 0.158203125 0.30078125 0.3125
0 0.048828125 0.3310546875 0.087890625 0.064453125
5 0.296875 0.4921875 0.17578125 0.3359375
4 0.2734375 0.9609375 0.05859375 0.0703125
4 0.33203125 0.9599609375 0.06640625 0.076171875
3 0.2607421875 0.6484375 0.521484375 0.703125
1 0.6103515625 0.4775390625 0.064453125 0.02734375
5 0.61328125 0.5751953125 0.076171875 0.1171875
0 0.5517578125 0.6259765625 0.037109375 0.0390625
0 0.6572265625 0.6484375 0.037109375 0.046875
4 0.5771484375 0.77734375 0.072265625 0.017578125
4 0.640625 0.7744140625 0.0625 0.021484375
3 0.6123046875 0.6337890625 0.1953125 0.37890625