1 0.4228515625 0.1826171875 0.3505859375 0.154296875
5 0.3212890625 0.4423828125 0.5556640625 0.23046875
3 0.298828125 0.3056640625 0.59765625 0.501953125
1 0.08203125 0.56640625 0.052734375 0.0166015625
1 0.4931640625 0.56640625 0.04296875 0.0166015625
5 0.0244140625 0.6630859375 0.0478515625 0.154296875
5 0.091796875 0.669921875 0.091796875 0.189453125
5 0.2880859375 0.6513671875 0.1005859375 0.1875
5 0.521484375 0.708984375 0.1201171875 0.302734375
4 0.2392578125 0.99609375 0.0556640625 0.0068359375
4 0.306640625 0.99609375 0.03125 0.0068359375
4 0.0791015625 0.9921875 0.044921875 0.015625
3 0.5205078125 0.7783203125 0.154296875 0.443359375
3 0.48828125 0.681640625 0.0625 0.248046875
3 0.279296875 0.7783203125 0.19921875 0.443359375
3 0.0869140625 0.7783203125 0.134765625 0.443359375
3 0.03125 0.7783203125 0.0625 0.443359375
0 0.7978515625 0.7783203125 0.400390625 0.443359375