0 0.115234375 0.08984375 0.078125 0.099609375
0 0.35546875 0.046875 0.072265625 0.072265625
1 0.23828125 0.0390625 0.095703125 0.033203125
5 0.28515625 0.2919921875 0.21484375 0.3359375
3 0.26171875 0.306640625 0.427734375 0.59765625
1 0.70703125 0.08203125 0.3515625 0.1640625
0 0.6025390625 0.4912109375 0.27734375 0.140625
3 0.7041015625 0.2802734375 0.591796875 0.560546875
5 0.2626953125 0.732421875 0.21484375 0.30859375
0 0.2177734375 0.853515625 0.076171875 0.1171875
0 0.3798828125 0.83984375 0.056640625 0.115234375
3 0.265625 0.78515625 0.3515625 0.4296875
5 0.5703125 0.8173828125 0.142578125 0.166015625
0 0.62109375 0.6279296875 0.072265625 0.111328125
3 0.6123046875 0.7666015625 0.2734375 0.466796875
2 0.5146484375 0.603515625 0.078125 0.1015625