5 0.0576171875 0.20703125 0.115234375 0.23046875
0 0.0615234375 0.1044921875 0.0390625 0.02734375
1 0.029296875 0.1328125 0.05859375 0.0703125
4 0.10546875 0.6142578125 0.072265625 0.11328125
4 0.1630859375 0.6123046875 0.0859375 0.11328125
3 0.1318359375 0.3876953125 0.263671875 0.619140625
3 0.7001953125 0.3837890625 0.4609375 0.294921875
0 0.6103515625 0.33984375 0.126953125 0.111328125
4 0.8603515625 0.328125 0.123046875 0.1875
5 0.546875 0.427734375 0.14453125 0.1953125
5 0.4521484375 0.8701171875 0.357421875 0.259765625
3 0.3984375 0.7861328125 0.46484375 0.427734375
2 0.423828125 0.666015625 0.181640625 0.16015625
5 0.91796875 0.6181640625 0.1640625 0.287109375
0 0.650390625 0.595703125 0.09375 0.1015625
3 0.7890625 0.712890625 0.421875 0.515625