0 0.376953125 0.1318359375 0.1318359375 0.126953125
0 0.0263671875 0.115234375 0.052734375 0.091796875
1 0.1943359375 0.05859375 0.154296875 0.0673828125
3 0.2275390625 0.212890625 0.4541015625 0.373046875
3 0.8291015625 0.3125 0.341796875 0.1728515625
0 0.9658203125 0.2587890625 0.068359375 0.087890625
5 0.826171875 0.3212890625 0.26171875 0.15625
1 0.20703125 0.6044921875 0.1416015625 0.064453125
5 0.1875 0.8212890625 0.154296875 0.2451171875
0 0.2705078125 0.96484375 0.0693359375 0.0693359375
3 0.1943359375 0.775390625 0.2646484375 0.44921875
3 0.6943359375 0.69921875 0.072265625 0.6005859375