5 0.337890625 0.3466796875 0.1953125 0.185546875
0 0.189453125 0.205078125 0.068359375 0.09765625
0 0.3837890625 0.1474609375 0.083984375 0.1171875
3 0.3388671875 0.353515625 0.5 0.705078125
2 0.265625 0.1220703125 0.1171875 0.150390625
5 0.8251953125 0.125 0.232421875 0.25
0 0.7392578125 0.291015625 0.07421875 0.080078125
4 0.935546875 0.4541015625 0.12890625 0.169921875
3 0.7880859375 0.2919921875 0.423828125 0.583984375
5 0.18359375 0.8544921875 0.2734375 0.291015625
5 0.3857421875 0.7373046875 0.189453125 0.162109375
5 0.63671875 0.7001953125 0.23828125 0.21875
3 0.2392578125 0.8408203125 0.380859375 0.318359375
3 0.4365234375 0.8212890625 0.298828125 0.357421875
3 0.6513671875 0.791015625 0.328125 0.41015625
3 0.5478515625 0.814453125 0.197265625 0.37109375
6 0.392578125 0.966796875 0.078125 0.06640625
6 0.5537109375 0.8173828125 0.08984375 0.1171875
5 0.8369140625 0.7490234375 0.216796875 0.375
3 0.83984375 0.744140625 0.224609375 0.384765625