0 0.3955078125 0.203125 0.306640625 0.40625
5 0.640625 0.40234375 0.361328125 0.318359375
1 0.6689453125 0.15625 0.197265625 0.123046875
3 0.6796875 0.3271484375 0.4765625 0.49609375
5 0.037109375 0.595703125 0.07421875 0.23828125
0 0.0302734375 0.748046875 0.060546875 0.06640625
3 0.0751953125 0.646484375 0.150390625 0.51953125
5 0.7177734375 0.8427734375 0.330078125 0.314453125
0 0.546875 0.96484375 0.078125 0.0703125
1 0.7578125 0.611328125 0.19921875 0.119140625
3 0.720703125 0.763671875 0.51171875 0.47265625