5 0.091796875 0.423828125 0.16796875 0.16796875
0 0.0107421875 0.486328125 0.021484375 0.0859375
0 0.185546875 0.453125 0.04296875 0.091796875
3 0.1142578125 0.3037109375 0.228515625 0.462890625
3 0.525390625 0.2529296875 0.28515625 0.505859375
6 0.5234375 0.259765625 0.07421875 0.1484375
1 0.4306640625 0.9345703125 0.037109375 0.029296875
1 0.58984375 0.6123046875 0.111328125 0.099609375
0 0.6572265625 0.7197265625 0.0546875 0.12890625
5 0.611328125 0.8427734375 0.185546875 0.263671875
3 0.6162109375 0.7666015625 0.322265625 0.466796875