0 0.109375 0.287109375 0.21875 0.5546875
0 0.3447265625 0.2021484375 0.201171875 0.400390625
0 0.4111328125 0.400390625 0.23828125 0.30859375
5 0.955078125 0.3173828125 0.087890625 0.28125
5 0.8056640625 0.2490234375 0.09765625 0.24609375
5 0.6474609375 0.2978515625 0.169921875 0.404296875
3 0.626953125 0.2724609375 0.1953125 0.544921875
3 0.8291015625 0.26953125 0.166015625 0.5390625
3 0.9521484375 0.2841796875 0.095703125 0.498046875
6 0.685546875 0.2314453125 0.0546875 0.068359375
6 0.8212890625 0.2958984375 0.064453125 0.08203125
1 0.6953125 0.0244140625 0.1015625 0.048828125
1 0.822265625 0.01171875 0.08203125 0.0234375
1 0.94921875 0.0869140625 0.076171875 0.0703125
6 0.9833984375 0.28125 0.017578125 0.052734375
5 0.3564453125 0.708984375 0.369140625 0.32421875
0 0.3740234375 0.927734375 0.11328125 0.078125
3 0.34375 0.7724609375 0.40234375 0.455078125
3 0.7119140625 0.7666015625 0.365234375 0.46484375