0 0.1298828125 0.1611328125 0.259765625 0.322265625
5 0.63671875 0.359375 0.6103515625 0.1181640625
2 0.6572265625 0.150390625 0.251953125 0.2958984375
3 0.6640625 0.208984375 0.671875 0.41796875
5 0.099609375 0.853515625 0.19921875 0.29296875
3 0.1650390625 0.7197265625 0.3291015625 0.560546875
2 0.044921875 0.560546875 0.0888671875 0.240234375
1 0.72265625 0.451171875 0.2763671875 0.064453125
3 0.6845703125 0.708984375 0.630859375 0.58203125
6 0.94140625 0.978515625 0.11328125 0.04296875
6 0.408203125 0.955078125 0.091796875 0.0888671875