3 0.431640625 0.3056640625 0.4140625 0.611328125
2 0.5537109375 0.0224609375 0.072265625 0.044921875
6 0.419921875 0.041015625 0.07421875 0.08203125
1 0.765625 0.0947265625 0.05078125 0.064453125
0 0.916015625 0.1611328125 0.052734375 0.052734375
5 0.853515625 0.1328125 0.13671875 0.115234375
3 0.8564453125 0.1513671875 0.287109375 0.205078125
0 0.091796875 0.818359375 0.18359375 0.20703125
0 0.060546875 0.857421875 0.12109375 0.109375
3 0.2392578125 0.734375 0.478515625 0.5
3 0.79296875 0.841796875 0.3203125 0.31640625