5 0.4404296875 0.0244140625 0.162109375 0.048828125
0 0.35546875 0.0361328125 0.07421875 0.072265625
0 0.513671875 0.0556640625 0.064453125 0.09765625
3 0.4140625 0.1337890625 0.3125 0.267578125
1 0.806640625 0.2412109375 0.05078125 0.080078125
3 0.869140625 0.2646484375 0.1953125 0.18359375
0 0.4150390625 0.7080078125 0.28515625 0.525390625
0 0.47265625 0.3681640625 0.146484375 0.234375
3 0.494140625 0.6181640625 0.5546875 0.763671875
1 0.916015625 0.4423828125 0.16796875 0.19921875
1 0.763671875 0.4619140625 0.078125 0.18359375
0 0.822265625 0.8916015625 0.1328125 0.169921875
0 0.693359375 0.814453125 0.0703125 0.103515625
0 0.71484375 0.6513671875 0.048828125 0.119140625
5 0.89453125 0.505859375 0.2109375 0.3359375
5 0.80078125 0.443359375 0.15234375 0.244140625
3 0.8447265625 0.66796875 0.310546875 0.6640625
3 0.8095703125 0.65625 0.341796875 0.669921875