0 0.2529296875 0.228515625 0.501953125 0.45703125
5 0.6484375 0.3759765625 0.2265625 0.193359375
2 0.630859375 0.2138671875 0.1015625 0.201171875
3 0.6669921875 0.2900390625 0.318359375 0.37109375
5 0.421875 0.60546875 0.115234375 0.28515625
0 0.3515625 0.76171875 0.06640625 0.078125
4 0.396484375 0.9501953125 0.123046875 0.095703125
3 0.388671875 0.7236328125 0.18359375 0.548828125
5 0.8251953125 0.6806640625 0.31640625 0.267578125
0 0.9541015625 0.8466796875 0.060546875 0.072265625
0 0.6845703125 0.833984375 0.087890625 0.068359375
4 0.73828125 0.9814453125 0.09765625 0.037109375
4 0.8955078125 0.9833984375 0.107421875 0.033203125
3 0.7939453125 0.732421875 0.412109375 0.53515625