0 0.048828125 0.2744140625 0.09765625 0.220703125
0 0.1220703125 0.3759765625 0.244140625 0.376953125
5 0.201171875 0.30078125 0.40234375 0.54296875
3 0.216796875 0.298828125 0.43359375 0.55078125
4 0.501953125 0.4345703125 0.15625 0.09375
4 0.77734375 0.373046875 0.18359375 0.103515625
3 0.6201171875 0.240234375 0.568359375 0.48046875
5 0.423828125 0.8154296875 0.216796875 0.310546875
0 0.4150390625 0.9853515625 0.119140625 0.029296875
1 0.36328125 0.5654296875 0.189453125 0.123046875
3 0.365234375 0.7509765625 0.359375 0.498046875
5 0.7412109375 0.767578125 0.0859375 0.07421875
5 0.755859375 0.8427734375 0.060546875 0.09375
2 0.73828125 0.787109375 0.03125 0.041015625
3 0.759765625 0.84765625 0.1171875 0.224609375