5 0.46875 0.16796875 0.1318359375 0.2958984375
5 0.810546875 0.298828125 0.2548828125 0.498046875
6 0.396484375 0.2548828125 0.0263671875 0.1494140625
6 0.6728515625 0.431640625 0.0576171875 0.2333984375
3 0.466796875 0.2744140625 0.1728515625 0.5478515625
3 0.80859375 0.2744140625 0.3193359375 0.5478515625
0 0.328125 0.9697265625 0.060546875 0.060546875
3 0.3271484375 0.7734375 0.080078125 0.453125
1 0.8212890625 0.8935546875 0.283203125 0.212890625
0 0.4677734375 0.6611328125 0.166015625 0.2255859375
3 0.6904296875 0.7734375 0.619140625 0.453125