5 0.2314453125 0.0615234375 0.16796875 0.115234375
4 0.2333984375 0.4873046875 0.05859375 0.083984375
4 0.29296875 0.4833984375 0.0625 0.080078125
3 0.1982421875 0.27734375 0.28125 0.548828125
1 0.7080078125 0.3662109375 0.08984375 0.0390625
5 0.712890625 0.4873046875 0.115234375 0.134765625
3 0.703125 0.4443359375 0.1484375 0.220703125
3 0.306640625 0.79296875 0.08203125 0.4140625
5 0.5888671875 0.6298828125 0.17578125 0.15234375
4 0.5908203125 0.984375 0.048828125 0.02734375
3 0.59375 0.7763671875 0.283203125 0.447265625