5 0.4404296875 0.1494140625 0.162109375 0.298828125
0 0.4453125 0.0908203125 0.0859375 0.091796875
1 0.4775390625 0.099609375 0.05859375 0.1171875
3 0.392578125 0.240234375 0.2578125 0.48046875
0 0.6240234375 0.037109375 0.0859375 0.060546875
5 0.7470703125 0.2373046875 0.267578125 0.375
5 0.18359375 0.5009765625 0.19140625 0.181640625
0 0.1953125 0.576171875 0.08203125 0.126953125
4 0.03125 0.7919921875 0.0625 0.166015625
4 0.1142578125 0.8486328125 0.123046875 0.103515625
3 0.1484375 0.658203125 0.296875 0.5234375
0 0.5517578125 0.5458984375 0.060546875 0.0546875
5 0.5947265625 0.625 0.1953125 0.20703125
4 0.4697265625 0.9697265625 0.076171875 0.060546875
4 0.5390625 0.98046875 0.07421875 0.0390625
3 0.560546875 0.7529296875 0.40234375 0.494140625