5 0.318359375 0.361328125 0.14453125 0.232421875
0 0.28515625 0.1884765625 0.05078125 0.099609375
0 0.365234375 0.208984375 0.0390625 0.078125
1 0.2998046875 0.1357421875 0.091796875 0.072265625
3 0.2998046875 0.421875 0.3203125 0.708984375
5 0.6455078125 0.232421875 0.06640625 0.3203125
4 0.626953125 0.708984375 0.0546875 0.1015625
3 0.6767578125 0.38671875 0.15625 0.765625
0 0.056640625 0.8037109375 0.064453125 0.083984375
0 0.2197265625 0.8134765625 0.046875 0.08984375
3 0.130859375 0.876953125 0.26171875 0.23046875