0 0.4306640625 0.2900390625 0.14453125 0.26171875
3 0.4443359375 0.2197265625 0.26953125 0.439453125
0 0.765625 0.41015625 0.1806640625 0.060546875
5 0.736328125 0.2490234375 0.314453125 0.3818359375
1 0.775390625 0.025390625 0.333984375 0.05078125
3 0.7890625 0.2197265625 0.421875 0.439453125
3 0.4052734375 0.724609375 0.3486328125 0.55078125
2 0.43359375 0.53125 0.2333984375 0.1826171875
6 0.4599609375 0.73046875 0.134765625 0.146484375
6 0.466796875 0.736328125 0.123046875 0.146484375
5 0.6142578125 0.896484375 0.0693359375 0.134765625
2 0.62109375 0.7958984375 0.0380859375 0.0576171875
5 0.677734375 0.9482421875 0.04296875 0.103515625
5 0.75 0.9384765625 0.0625 0.123046875
5 0.8310546875 0.9609375 0.052734375 0.078125
5 0.974609375 0.9453125 0.05078125 0.109375
2 0.6806640625 0.8701171875 0.03125 0.04296875
2 0.759765625 0.8486328125 0.029296875 0.0478515625
2 0.833984375 0.8896484375 0.0361328125 0.0478515625
2 0.888671875 0.927734375 0.03125 0.04296875
2 0.876953125 0.875 0.0263671875 0.0458984375
2 0.9873046875 0.8671875 0.025390625 0.04296875
3 0.6181640625 0.884765625 0.0771484375 0.23046875
3 0.6787109375 0.923828125 0.07421875 0.1513671875
3 0.7548828125 0.912109375 0.0771484375 0.17578125
3 0.837890625 0.931640625 0.0791015625 0.13671875
3 0.888671875 0.953125 0.060546875 0.09375
3 0.9697265625 0.9248046875 0.056640625 0.150390625