5 0.46875 0.16796875 0.1328125 0.296875
5 0.810546875 0.298828125 0.25390625 0.498046875
6 0.396484375 0.2548828125 0.02734375 0.1484375
6 0.6728515625 0.431640625 0.05859375 0.234375
3 0.466796875 0.2744140625 0.171875 0.546875
3 0.80859375 0.2744140625 0.3203125 0.546875
0 0.328125 0.9697265625 0.060546875 0.060546875
3 0.3271484375 0.7734375 0.080078125 0.453125
1 0.8212890625 0.8935546875 0.283203125 0.212890625
0 0.4677734375 0.6611328125 0.166015625 0.2265625
3 0.6904296875 0.7734375 0.619140625 0.453125