5 0.3701171875 0.15625 0.1796875 0.142578125
1 0.37890625 0.0263671875 0.10546875 0.052734375
0 0.330078125 0.1416015625 0.087890625 0.083984375
0 0.431640625 0.1337890625 0.083984375 0.083984375
3 0.396484375 0.123046875 0.3359375 0.24609375
3 0.7841796875 0.1806640625 0.166015625 0.26953125
1 0.2333984375 0.310546875 0.126953125 0.11328125
5 0.1826171875 0.5869140625 0.2265625 0.36328125
0 0.232421875 0.4169921875 0.080078125 0.140625
3 0.19921875 0.578125 0.3984375 0.75
5 0.88671875 0.68359375 0.130859375 0.18359375
4 0.5927734375 0.9296875 0.04296875 0.044921875
4 0.6357421875 0.962890625 0.048828125 0.060546875
4 0.6787109375 0.9765625 0.041015625 0.046875
4 0.7177734375 0.9951171875 0.033203125 0.009765625
4 0.7958984375 0.9814453125 0.060546875 0.037109375
3 0.916015625 0.7841796875 0.15625 0.431640625
3 0.865234375 0.7529296875 0.23046875 0.494140625
3 0.7734375 0.791015625 0.21484375 0.41796875
3 0.701171875 0.7705078125 0.1953125 0.458984375
3 0.65234375 0.7373046875 0.19921875 0.462890625
3 0.6103515625 0.7431640625 0.125 0.4375
2 0.6953125 0.546875 0.048828125 0.0703125
2 0.748046875 0.587890625 0.044921875 0.064453125
2 0.8173828125 0.6318359375 0.064453125 0.078125
2 0.9130859375 0.5625 0.0625 0.08203125