5 0.3896484375 0.185546875 0.19921875 0.318359375
5 0.751953125 0.2509765625 0.3671875 0.501953125
6 0.33984375 0.287109375 0.0625 0.150390625
6 0.6513671875 0.3916015625 0.11328125 0.240234375
3 0.4130859375 0.2890625 0.30078125 0.57421875
3 0.7451171875 0.2548828125 0.443359375 0.509765625
0 0.447265625 0.9794921875 0.07421875 0.041015625
3 0.3984375 0.7890625 0.1875 0.421875
1 0.8720703125 0.8037109375 0.255859375 0.275390625
0 0.5078125 0.6640625 0.21484375 0.259765625
3 0.697265625 0.7119140625 0.60546875 0.576171875