0 0.326171875 0.0419921875 0.0625 0.08203125
3 0.3701171875 0.3037109375 0.193359375 0.607421875
1 0.470703125 0.076171875 0.0048828125 0.0458984375
1 0.607421875 0.06640625 0.0166015625 0.0361328125
1 0.6513671875 0.28515625 0.04296875 0.0791015625
1 0.7197265625 0.2919921875 0.0380859375 0.07421875
1 0.826171875 0.39453125 0.04296875 0.07421875
3 0.6259765625 0.42578125 0.0888671875 0.365234375
3 0.7197265625 0.427734375 0.09375 0.3603515625
3 0.8642578125 0.482421875 0.1181640625 0.251953125
3 0.986328125 0.392578125 0.0263671875 0.314453125
1 0.98828125 0.259765625 0.021484375 0.0361328125
0 0.314453125 0.6572265625 0.0361328125 0.08203125
0 0.0673828125 0.70703125 0.0986328125 0.0693359375
4 0.09765625 0.921875 0.15625 0.15625
4 0.2392578125 0.8818359375 0.1875 0.13671875
3 0.181640625 0.8037109375 0.36328125 0.3916015625
5 0.60546875 0.65234375 0.2744140625 0.0888671875
0 0.70703125 0.73828125 0.1005859375 0.0693359375
0 0.4794921875 0.7138671875 0.021484375 0.0625
4 0.5322265625 0.9228515625 0.126953125 0.1396484375
4 0.6708984375 0.9375 0.115234375 0.125
3 0.6552734375 0.8037109375 0.373046875 0.3916015625