1 0.3994140625 0.07421875 0.173828125 0.1484375
3 0.4052734375 0.185546875 0.337890625 0.37109375
0 0.5029296875 0.32421875 0.158203125 0.08984375
3 0.92578125 0.1796875 0.140625 0.359375
0 0.5654296875 0.4404296875 0.10546875 0.12890625
0 0.2001953125 0.431640625 0.115234375 0.091796875
1 0.3955078125 0.38671875 0.15234375 0.03515625
3 0.3720703125 0.6826171875 0.509765625 0.634765625
3 0.78515625 0.7001953125 0.337890625 0.59375
2 0.771484375 0.51171875 0.095703125 0.1484375
6 0.6982421875 0.904296875 0.03515625 0.080078125
6 0.90625 0.83203125 0.052734375 0.08984375