1 0.71875 0.154296875 0.09375 0.10546875
0 0.646484375 0.2177734375 0.076171875 0.12109375
0 0.8154296875 0.2109375 0.078125 0.12109375
5 0.7470703125 0.37109375 0.173828125 0.2421875
3 0.7353515625 0.3154296875 0.341796875 0.474609375
0 0.1904296875 0.5927734375 0.1171875 0.04296875
4 0.2646484375 0.9599609375 0.154296875 0.080078125
3 0.2138671875 0.78125 0.400390625 0.4375
5 0.5537109375 0.59765625 0.16015625 0.095703125
0 0.5986328125 0.6767578125 0.07421875 0.111328125
4 0.560546875 0.9833984375 0.0703125 0.029296875
4 0.603515625 0.970703125 0.083984375 0.052734375
3 0.5703125 0.7734375 0.27734375 0.453125