5 0.1396484375 0.169921875 0.1728515625 0.3388671875
0 0.1669921875 0.21875 0.072265625 0.0888671875
3 0.16015625 0.279296875 0.3193359375 0.5576171875
1 0.24609375 0.2763671875 0.1103515625 0.123046875
5 0.7138671875 0.099609375 0.177734375 0.1708984375
4 0.7041015625 0.544921875 0.052734375 0.0263671875
4 0.193359375 0.5830078125 0.021484375 0.05078125
4 0.1572265625 0.57421875 0.03125 0.033203125
4 0.1025390625 0.5712890625 0.0263671875 0.0263671875
4 0.39453125 0.568359375 0.0244140625 0.021484375
4 0.375 0.56640625 0.0244140625 0.0166015625
3 0.0693359375 0.583984375 0.1005859375 0.052734375
3 0.173828125 0.5849609375 0.09375 0.0556640625
1 0.923828125 0.5791015625 0.123046875 0.04296875
0 0.951171875 0.63671875 0.0673828125 0.15625
5 0.9248046875 0.8046875 0.150390625 0.30859375
3 0.8955078125 0.7783203125 0.208984375 0.443359375