3 0.1630859375 0.2607421875 0.326171875 0.521484375
2 0.1376953125 0.0810546875 0.06640625 0.125
6 0.0234375 0.1689453125 0.025390625 0.078125
6 0.267578125 0.171875 0.048828125 0.08984375
1 0.69140625 0.044921875 0.197265625 0.08203125
5 0.708984375 0.3935546875 0.26171875 0.291015625
5 0.4267578125 0.7880859375 0.173828125 0.171875
0 0.30078125 0.591796875 0.056640625 0.107421875
0 0.54296875 0.58984375 0.072265625 0.12109375
3 0.3974609375 0.759765625 0.361328125 0.48046875
0 0.779296875 0.765625 0.4375 0.46875