5 0.4697265625 0.1416015625 0.208984375 0.283203125
4 0.390625 0.5595703125 0.05859375 0.052734375
4 0.451171875 0.576171875 0.072265625 0.041015625
3 0.3818359375 0.3017578125 0.482421875 0.603515625
1 0.79296875 0.31640625 0.080078125 0.12109375
5 0.92578125 0.3291015625 0.1484375 0.189453125
3 0.849609375 0.3359375 0.30078125 0.359375
5 0.265625 0.7587890625 0.53125 0.482421875
5 0.609375 0.6494140625 0.17578125 0.08984375
0 0.654296875 0.732421875 0.091796875 0.103515625
4 0.5126953125 0.970703125 0.083984375 0.05859375
4 0.6376953125 0.935546875 0.14453125 0.078125
3 0.6201171875 0.8017578125 0.302734375 0.396484375