0 0.146484375 0.302734375 0.0703125 0.09765625
0 0.2451171875 0.2802734375 0.05859375 0.078125
3 0.2119140625 0.28125 0.33203125 0.28125
2 0.1865234375 0.2578125 0.087890625 0.134765625
0 0.609375 0.2021484375 0.046875 0.1171875
0 0.76171875 0.1953125 0.0546875 0.099609375
1 0.658203125 0.1318359375 0.107421875 0.09765625
5 0.6767578125 0.27734375 0.154296875 0.12109375
3 0.7197265625 0.1806640625 0.294921875 0.31640625
4 0.5146484375 0.984375 0.076171875 0.03125
0 0.46875 0.775390625 0.10546875 0.126953125
5 0.3837890625 0.56640625 0.263671875 0.34765625
3 0.3896484375 0.6767578125 0.435546875 0.646484375
5 0.849609375 0.3974609375 0.18359375 0.2109375
0 0.91015625 0.521484375 0.0859375 0.1171875
4 0.9091796875 0.8564453125 0.080078125 0.087890625
4 0.947265625 0.8154296875 0.08984375 0.064453125
3 0.8583984375 0.6025390625 0.283203125 0.642578125