5 0.3388671875 0.029296875 0.154296875 0.0576171875
0 0.259765625 0.06640625 0.0576171875 0.083984375
0 0.4208984375 0.0625 0.0478515625 0.0888671875
3 0.3349609375 0.134765625 0.26171875 0.26953125
1 0.74609375 0.18359375 0.0361328125 0.07421875
3 0.8125 0.193359375 0.16796875 0.1513671875
0 0.4599609375 0.720703125 0.185546875 0.498046875
0 0.4462890625 0.376953125 0.103515625 0.216796875
3 0.5224609375 0.634765625 0.4111328125 0.73046875
1 0.89453125 0.357421875 0.134765625 0.17578125
1 0.75 0.408203125 0.04296875 0.177734375
0 0.896484375 0.81640625 0.103515625 0.1513671875
0 0.7548828125 0.767578125 0.052734375 0.09375
0 0.7412109375 0.603515625 0.0263671875 0.115234375
4 0.943359375 0.990234375 0.103515625 0.01953125
5 0.9052734375 0.4208984375 0.189453125 0.302734375
5 0.7822265625 0.3818359375 0.1083984375 0.2255859375
3 0.900390625 0.634765625 0.19921875 0.73046875
3 0.8349609375 0.5888671875 0.2138671875 0.6396484375