5 0.3125 0.1513671875 0.154296875 0.302734375
3 0.310546875 0.2041015625 0.2880859375 0.408203125
0 0.68359375 0.3330078125 0.0478515625 0.0888671875
0 0.8857421875 0.32421875 0.060546875 0.10546875
3 0.810546875 0.298828125 0.322265625 0.21875
2 0.77734375 0.275390625 0.083984375 0.123046875
1 0.439453125 0.611328125 0.1416015625 0.0673828125
5 0.4208984375 0.828125 0.154296875 0.2451171875
0 0.50390625 0.96875 0.0693359375 0.0625
3 0.4267578125 0.7783203125 0.263671875 0.443359375
0 0.8955078125 0.44921875 0.083984375 0.08203125
5 0.7021484375 0.578125 0.10546875 0.3388671875
3 0.7958984375 0.7041015625 0.29296875 0.591796875