0 0.0498046875 0.0615234375 0.06640625 0.095703125
0 0.2880859375 0.0390625 0.052734375 0.078125
5 0.1708984375 0.02734375 0.166015625 0.0546875
3 0.169921875 0.15625 0.328125 0.3125
1 0.2021484375 0.3486328125 0.1953125 0.0859375
5 0.1982421875 0.6474609375 0.2734375 0.357421875
0 0.0537109375 0.8603515625 0.060546875 0.119140625
3 0.2021484375 0.6484375 0.404296875 0.6953125
5 0.7783203125 0.7021484375 0.1640625 0.34375
0 0.7744140625 0.869140625 0.048828125 0.107421875
3 0.7900390625 0.6904296875 0.302734375 0.619140625
2 0.7880859375 0.478515625 0.107421875 0.142578125