5 0.287109375 0.298828125 0.197265625 0.359375
0 0.3056640625 0.4677734375 0.05859375 0.1171875
4 0.16015625 0.736328125 0.119140625 0.06640625
4 0.3232421875 0.7412109375 0.111328125 0.08984375
3 0.26953125 0.3935546875 0.3984375 0.787109375
1 0.787109375 0.0576171875 0.11328125 0.072265625
5 0.7734375 0.3251953125 0.189453125 0.3515625
0 0.802734375 0.150390625 0.064453125 0.13671875
4 0.7333984375 0.8095703125 0.11328125 0.041015625
4 0.755859375 0.7919921875 0.064453125 0.072265625
3 0.7587890625 0.42578125 0.369140625 0.82421875
5 0.2041015625 0.8662109375 0.408203125 0.248046875
1 0.7041015625 0.845703125 0.078125 0.0546875
5 0.66015625 0.939453125 0.2578125 0.12109375
0 0.90625 0.8720703125 0.068359375 0.064453125
0 0.79296875 0.9189453125 0.044921875 0.072265625
3 0.6396484375 0.896484375 0.396484375 0.20703125