0 0.24609375 0.328125 0.060546875 0.041015625
0 0.31640625 0.3271484375 0.060546875 0.04296875
5 0.28125 0.328125 0.154296875 0.041015625
3 0.2568359375 0.216796875 0.2021484375 0.2646484375
4 0.5615234375 0.314453125 0.15625 0.0673828125
4 0.845703125 0.3232421875 0.16796875 0.05078125
3 0.677734375 0.173828125 0.640625 0.34765625
5 0.2548828125 0.529296875 0.166015625 0.271484375
0 0.3388671875 0.662109375 0.0361328125 0.09375
0 0.15234375 0.6708984375 0.04296875 0.095703125
4 0.2958984375 0.9521484375 0.0673828125 0.095703125
4 0.208984375 0.96484375 0.052734375 0.0693359375
0 0.728515625 0.4931640625 0.060546875 0.08203125
0 0.765625 0.7392578125 0.0771484375 0.0625
1 0.4287109375 0.6181640625 0.0673828125 0.115234375
5 0.630859375 0.6201171875 0.23046875 0.1943359375
3 0.6943359375 0.6044921875 0.6103515625 0.32421875