5 0.1689453125 0.158203125 0.201171875 0.31640625
0 0.1923828125 0.1904296875 0.080078125 0.095703125
3 0.181640625 0.271484375 0.36328125 0.54296875
1 0.2666015625 0.2548828125 0.12109375 0.1328125
5 0.748046875 0.1201171875 0.19140625 0.185546875
4 0.69921875 0.5625 0.0546875 0.03125
4 0.1875 0.5556640625 0.025390625 0.052734375
4 0.15234375 0.5439453125 0.033203125 0.03515625
4 0.09765625 0.5361328125 0.029296875 0.029296875
4 0.388671875 0.55859375 0.025390625 0.0234375
4 0.3701171875 0.5556640625 0.025390625 0.01953125
3 0.0634765625 0.5458984375 0.10546875 0.060546875
3 0.16796875 0.556640625 0.09765625 0.064453125
1 0.9150390625 0.6162109375 0.126953125 0.052734375
0 0.9375 0.67578125 0.080078125 0.162109375
5 0.896484375 0.83984375 0.17578125 0.3203125
3 0.869140625 0.791015625 0.24609375 0.41796875