5 0.09375 0.2265625 0.185546875 0.17578125
0 0.16015625 0.0654296875 0.0625 0.04296875
4 0.12890625 0.6181640625 0.0703125 0.091796875
4 0.19921875 0.6044921875 0.07421875 0.091796875
3 0.169921875 0.3662109375 0.33984375 0.666015625
5 0.7626953125 0.1240234375 0.279296875 0.248046875
0 0.7470703125 0.287109375 0.09765625 0.08203125
4 0.716796875 0.427734375 0.20703125 0.12890625
4 0.830078125 0.4599609375 0.208984375 0.142578125
3 0.7431640625 0.2783203125 0.423828125 0.556640625
0 0.181640625 0.7880859375 0.046875 0.072265625
4 0.1142578125 0.9609375 0.103515625 0.078125
3 0.1416015625 0.8388671875 0.232421875 0.322265625
1 0.8515625 0.7900390625 0.10546875 0.10546875
0 0.6455078125 0.9326171875 0.099609375 0.111328125
3 0.7744140625 0.845703125 0.451171875 0.29296875