0 0.322265625 0.0283203125 0.078125 0.056640625
5 0.3779296875 0.1689453125 0.205078125 0.337890625
3 0.3359375 0.2861328125 0.3203125 0.572265625
5 0.8623046875 0.4833984375 0.275390625 0.294921875
0 0.986328125 0.6044921875 0.013671875 0.048828125
1 0.9130859375 0.24609375 0.173828125 0.12109375
3 0.841796875 0.4208984375 0.31640625 0.505859375
5 0.0537109375 0.712890625 0.107421875 0.42578125
5 0.205078125 0.7607421875 0.369140625 0.431640625
3 0.056640625 0.7119140625 0.11328125 0.427734375
3 0.20703125 0.7470703125 0.375 0.458984375
6 0.01953125 0.822265625 0.0390625 0.16015625
5 0.4755859375 0.6953125 0.1796875 0.236328125
5 0.8095703125 0.8603515625 0.302734375 0.279296875
0 0.6484375 0.7109375 0.064453125 0.078125
0 0.48828125 0.615234375 0.05859375 0.060546875
3 0.5048828125 0.78515625 0.361328125 0.4296875
3 0.81640625 0.814453125 0.3203125 0.37109375