1 0.3525390625 0.056640625 0.05859375 0.0859375
5 0.380859375 0.2978515625 0.103515625 0.3125
3 0.3525390625 0.3134765625 0.201171875 0.599609375
0 0.6845703125 0.1416015625 0.08203125 0.12109375
0 0.853515625 0.134765625 0.052734375 0.09765625
1 0.7529296875 0.0693359375 0.107421875 0.095703125
5 0.771484375 0.2880859375 0.1875 0.267578125
3 0.78125 0.2841796875 0.4296875 0.568359375
5 0.392578125 0.8095703125 0.22265625 0.35546875
3 0.263671875 0.7978515625 0.4921875 0.404296875
4 0.66015625 0.95703125 0.076171875 0.060546875
4 0.7236328125 0.9423828125 0.068359375 0.068359375
3 0.6884765625 0.7685546875 0.474609375 0.462890625