5 0.2529296875 0.3076171875 0.505859375 0.314453125
1 0.3525390625 0.0791015625 0.27734375 0.158203125
3 0.2529296875 0.232421875 0.505859375 0.46484375
0 0.66015625 0.001953125 0.04296875 0.00390625
4 0.5546875 0.1328125 0.072265625 0.099609375
3 0.599609375 0.103515625 0.23046875 0.20703125
1 0.32421875 0.630859375 0.166015625 0.171875
0 0.4951171875 0.9375 0.080078125 0.125
5 0.3427734375 0.9208984375 0.384765625 0.158203125
3 0.3291015625 0.755859375 0.412109375 0.48828125
0 0.6591796875 0.6630859375 0.3046875 0.4765625