5 0.150390625 0.138671875 0.1728515625 0.26171875
0 0.2451171875 0.296875 0.0361328125 0.0986328125
0 0.041015625 0.3193359375 0.041015625 0.10546875
5 0.8857421875 0.126953125 0.224609375 0.25390625
0 0.7646484375 0.2666015625 0.0576171875 0.0693359375
0 0.962890625 0.30078125 0.07421875 0.0673828125
4 0.939453125 0.494140625 0.1201171875 0.0888671875
4 0.826171875 0.4736328125 0.17578125 0.1298828125
3 0.8564453125 0.2685546875 0.287109375 0.537109375
0 0.1767578125 0.626953125 0.0869140625 0.0673828125
4 0.234375 0.8291015625 0.103515625 0.1513671875
3 0.2119140625 0.7353515625 0.2744140625 0.39453125
5 0.693359375 0.7353515625 0.310546875 0.26953125
0 0.865234375 0.89453125 0.0673828125 0.0693359375
0 0.572265625 0.9150390625 0.0986328125 0.07421875
3 0.6923828125 0.7685546875 0.455078125 0.462890625