1 0.09765625 0.0810546875 0.05078125 0.076171875
0 0.2939453125 0.216796875 0.09765625 0.09375
5 0.0810546875 0.302734375 0.142578125 0.24609375
3 0.1943359375 0.291015625 0.388671875 0.51171875
5 0.4658203125 0.5048828125 0.189453125 0.18359375
0 0.4072265625 0.3828125 0.048828125 0.08203125
0 0.5654296875 0.3876953125 0.076171875 0.080078125
3 0.5126953125 0.39453125 0.3203125 0.431640625
0 0.17578125 0.7216796875 0.3515625 0.478515625
5 0.7587890625 0.6689453125 0.18359375 0.08203125
4 0.662109375 0.9765625 0.078125 0.046875
4 0.734375 0.9853515625 0.078125 0.029296875
3 0.71484375 0.8076171875 0.37890625 0.384765625