1 0.1865234375 0.125 0.263671875 0.25
5 0.1962890625 0.4443359375 0.392578125 0.302734375
3 0.232421875 0.2978515625 0.46484375 0.595703125
5 0.5380859375 0.150390625 0.171875 0.220703125
5 0.787109375 0.1640625 0.130859375 0.212890625
5 0.9150390625 0.162109375 0.126953125 0.171875
3 0.5107421875 0.3017578125 0.287109375 0.603515625
3 0.751953125 0.3056640625 0.2265625 0.51953125
3 0.876953125 0.318359375 0.236328125 0.4921875
3 0.9599609375 0.359375 0.080078125 0.5
3 0.6337890625 0.1337890625 0.1171875 0.234375
3 0.6884765625 0.08984375 0.05859375 0.119140625
6 0.7119140625 0.2724609375 0.05078125 0.056640625
6 0.8837890625 0.2744140625 0.04296875 0.060546875
6 0.990234375 0.3095703125 0.01953125 0.060546875
2 0.58203125 0.04296875 0.083984375 0.0859375
2 0.8271484375 0.0869140625 0.056640625 0.056640625
4 0.4501953125 0.482421875 0.056640625 0.076171875
4 0.5244140625 0.58203125 0.0859375 0.072265625
4 0.6796875 0.44140625 0.048828125 0.080078125
4 0.701171875 0.5400390625 0.046875 0.05859375
4 0.80078125 0.5087890625 0.08203125 0.060546875
4 0.7724609375 0.4482421875 0.064453125 0.099609375
4 0.93359375 0.5625 0.068359375 0.068359375
4 0.984375 0.54296875 0.03125 0.078125
3 0.0654296875 0.73046875 0.130859375 0.359375
5 0.39453125 0.810546875 0.2734375 0.37890625
5 0.724609375 0.85546875 0.28515625 0.2890625
2 0.421875 0.654296875 0.134765625 0.1015625
2 0.7353515625 0.724609375 0.103515625 0.08984375
3 0.4228515625 0.7978515625 0.326171875 0.404296875
3 0.7412109375 0.83203125 0.376953125 0.3359375