5 0.822265625 0.33984375 0.35546875 0.609375
1 0.46875 0.5986328125 0.236328125 0.126953125
5 0.087890625 0.7763671875 0.17578125 0.330078125
5 0.4931640625 0.84375 0.255859375 0.3125
3 0.4013671875 0.7548828125 0.486328125 0.490234375
3 0.12109375 0.708984375 0.2421875 0.48046875
6 0.3291015625 0.826171875 0.12109375 0.087890625
5 0.87109375 0.7138671875 0.22265625 0.208984375
0 0.7314453125 0.7783203125 0.072265625 0.072265625
0 0.8466796875 0.845703125 0.1171875 0.08984375
4 0.80078125 0.986328125 0.1875 0.02734375
4 0.9091796875 0.9541015625 0.048828125 0.091796875
3 0.8115234375 0.7978515625 0.337890625 0.404296875