1 0.2578125 0.169921875 0.095703125 0.095703125
0 0.0419921875 0.2685546875 0.06640625 0.103515625
0 0.48046875 0.28125 0.09375 0.109375
5 0.263671875 0.326171875 0.19140625 0.091796875
3 0.298828125 0.240234375 0.58203125 0.287109375
5 0.169921875 0.6962890625 0.076171875 0.14453125
5 0.615234375 0.462890625 0.162109375 0.162109375
0 0.2529296875 0.6611328125 0.029296875 0.0625
0 0.6572265625 0.59765625 0.056640625 0.107421875
3 0.1953125 0.74609375 0.146484375 0.30859375
3 0.59375 0.630859375 0.203125 0.501953125
5 0.830078125 0.548828125 0.296875 0.2734375
0 0.974609375 0.7060546875 0.03515625 0.083984375
0 0.6884765625 0.6962890625 0.01953125 0.064453125
4 0.697265625 0.916015625 0.064453125 0.14453125
4 0.8828125 0.916015625 0.107421875 0.15234375
3 0.83203125 0.6953125 0.3359375 0.609375