5 0.4208984375 0.0537109375 0.142578125 0.107421875
3 0.302734375 0.1630859375 0.375 0.326171875
1 0.576171875 0.03125 0.09375 0.0625
0 0.6220703125 0.3671875 0.05859375 0.048828125
5 0.53515625 0.2294921875 0.224609375 0.291015625
3 0.5751953125 0.197265625 0.353515625 0.39453125
5 0.19921875 0.587890625 0.3984375 0.7109375
0 0.3876953125 0.421875 0.044921875 0.08203125
0 0.435546875 0.4404296875 0.091796875 0.09765625
4 0.2841796875 0.8408203125 0.0625 0.08984375
4 0.330078125 0.8583984375 0.068359375 0.091796875
5 0.4169921875 0.431640625 0.13671875 0.2109375
3 0.412109375 0.6455078125 0.341796875 0.638671875