5 0.06640625 0.19140625 0.1318359375 0.1513671875
0 0.021484375 0.109375 0.04296875 0.0693359375
0 0.103515625 0.1025390625 0.0576171875 0.0556640625
4 0.029296875 0.5693359375 0.0576171875 0.0576171875
4 0.0947265625 0.56640625 0.064453125 0.064453125
3 0.0859375 0.298828125 0.171875 0.59765625
1 0.6669921875 0.044921875 0.103515625 0.0888671875
1 0.474609375 0.07421875 0.05078125 0.115234375
0 0.84375 0.4072265625 0.103515625 0.1513671875
0 0.6875 0.3603515625 0.083984375 0.09375
0 0.6728515625 0.1943359375 0.060546875 0.115234375
0 0.5625 0.2568359375 0.072265625 0.052734375
0 0.5068359375 0.158203125 0.0771484375 0.052734375
4 0.890625 0.5849609375 0.103515625 0.0263671875
5 0.8779296875 0.0810546875 0.244140625 0.162109375
5 0.71484375 0.04296875 0.13671875 0.0859375
3 0.8740234375 0.298828125 0.251953125 0.59765625
3 0.75390625 0.25 0.271484375 0.5
3 0.521484375 0.23046875 0.14453125 0.4609375
5 0.224609375 0.798828125 0.44921875 0.4013671875
5 0.740234375 0.611328125 0.072265625 0.0263671875
0 0.681640625 0.6201171875 0.0361328125 0.0380859375
0 0.787109375 0.640625 0.0361328125 0.0458984375
4 0.708984375 0.771484375 0.072265625 0.0166015625
4 0.7724609375 0.7666015625 0.0625 0.01953125
3 0.73828125 0.70703125 0.197265625 0.216796875