0 0.22265625 0.2724609375 0.4453125 0.501953125
0 0.2333984375 0.19921875 0.318359375 0.3984375
5 0.9072265625 0.44140625 0.185546875 0.3046875
1 0.9599609375 0.19921875 0.080078125 0.12890625
3 0.8857421875 0.3955078125 0.228515625 0.544921875
0 0.8125 0.560546875 0.087890625 0.087890625
5 0.1953125 0.587890625 0.271484375 0.240234375
0 0.2802734375 0.734375 0.080078125 0.072265625
0 0.0556640625 0.6787109375 0.0703125 0.060546875
4 0.177734375 0.8818359375 0.099609375 0.125
4 0.046875 0.8525390625 0.09375 0.123046875
3 0.193359375 0.7080078125 0.38671875 0.509765625
0 0.62109375 0.607421875 0.05078125 0.046875
0 0.84765625 0.6591796875 0.044921875 0.044921875
4 0.6484375 0.7353515625 0.09375 0.08984375
4 0.7578125 0.7890625 0.109375 0.1171875
3 0.7158203125 0.720703125 0.34375 0.28125