5 0.2861328125 0.2216796875 0.216796875 0.373046875
3 0.3193359375 0.224609375 0.388671875 0.44921875
2 0.3408203125 0.0341796875 0.115234375 0.068359375
6 0.2587890625 0.3857421875 0.05859375 0.068359375
0 0.845703125 0.08203125 0.0703125 0.05078125
5 0.8056640625 0.1806640625 0.22265625 0.279296875
3 0.7685546875 0.28515625 0.38671875 0.51953125
0 0.2080078125 0.66796875 0.416015625 0.60546875
1 0.337890625 0.892578125 0.060546875 0.15625
0 0.740234375 0.8505859375 0.142578125 0.1328125
5 0.544921875 0.8984375 0.3125 0.203125
3 0.625 0.849609375 0.63671875 0.30078125