1 0.60546875 0.197265625 0.173828125 0.17578125
1 0.810546875 0.205078125 0.140625 0.169921875
1 0.8876953125 0.1435546875 0.15234375 0.208984375
3 0.5390625 0.29296875 0.353515625 0.376953125
3 0.8232421875 0.2685546875 0.263671875 0.32421875
3 0.859375 0.2314453125 0.259765625 0.3828125
1 0.3076171875 0.583984375 0.265625 0.203125
3 0.248046875 0.7412109375 0.49609375 0.517578125
5 0.54296875 0.509765625 0.08203125 0.10546875
5 0.642578125 0.5400390625 0.1015625 0.1484375
0 0.884765625 0.4462890625 0.0859375 0.087890625
3 0.5478515625 0.5576171875 0.095703125 0.201171875
3 0.8125 0.6689453125 0.375 0.541015625
3 0.919921875 0.64453125 0.16015625 0.51171875
6 0.8310546875 0.4306640625 0.05859375 0.037109375