0 0.103515625 0.3017578125 0.0625 0.0986328125
0 0.455078125 0.2802734375 0.052734375 0.115234375
1 0.0791015625 0.072265625 0.083984375 0.08203125
1 0.2275390625 0.13671875 0.060546875 0.0576171875
1 0.41015625 0.06640625 0.0986328125 0.08203125
5 0.40625 0.3291015625 0.1708984375 0.3125
3 0.0634765625 0.3193359375 0.126953125 0.5771484375
3 0.2197265625 0.349609375 0.1513671875 0.5166015625
3 0.4052734375 0.31640625 0.1708984375 0.583984375
5 0.8271484375 0.240234375 0.1630859375 0.1513671875
0 0.7177734375 0.06640625 0.0478515625 0.0888671875
0 0.919921875 0.0576171875 0.060546875 0.10546875
4 0.80078125 0.599609375 0.0576171875 0.0166015625
4 0.8701171875 0.59765625 0.0625 0.021484375
3 0.8232421875 0.3037109375 0.349609375 0.607421875
2 0.810546875 0.033203125 0.08203125 0.06640625
1 0.4521484375 0.8974609375 0.0791015625 0.064453125
3 0.4150390625 0.9208984375 0.189453125 0.158203125
1 0.771484375 0.9365234375 0.04296875 0.0673828125
5 0.875 0.92578125 0.1298828125 0.0791015625
0 0.919921875 0.9873046875 0.04296875 0.025390625
0 0.94140625 0.89453125 0.0556640625 0.0556640625
3 0.8583984375 0.927734375 0.283203125 0.14453125