1 0.240234375 0.0830078125 0.318359375 0.1484375
0 0.08203125 0.4609375 0.1640625 0.12109375
3 0.2744140625 0.259765625 0.548828125 0.51953125
3 0.638671875 0.2294921875 0.20703125 0.458984375
5 0.38671875 0.5595703125 0.306640625 0.1875
0 0.548828125 0.654296875 0.076171875 0.076171875
0 0.2724609375 0.6875 0.08984375 0.076171875
4 0.521484375 0.8662109375 0.119140625 0.166015625
4 0.3564453125 0.8818359375 0.103515625 0.16015625
3 0.396484375 0.724609375 0.478515625 0.53125
0 0.744140625 0.671875 0.318359375 0.48046875
0 0.921875 0.5947265625 0.15625 0.357421875