0 0.3203125 0.0087890625 0.078125 0.017578125
5 0.1015625 0.169921875 0.171875 0.33984375
3 0.2119140625 0.2578125 0.423828125 0.515625
3 0.7626953125 0.2939453125 0.474609375 0.576171875
6 0.5654296875 0.3720703125 0.060546875 0.140625
5 0.2724609375 0.865234375 0.375 0.26171875
1 0.310546875 0.5546875 0.181640625 0.109375
1 0.6640625 0.599609375 0.2578125 0.130859375
5 0.6328125 0.9189453125 0.31640625 0.162109375
5 0.833984375 0.8505859375 0.2890625 0.298828125
3 0.703125 0.765625 0.453125 0.46875
3 0.845703125 0.77734375 0.296875 0.4453125