5 0.6630859375 0.107421875 0.181640625 0.21484375
0 0.5986328125 0.2255859375 0.068359375 0.08984375
0 0.7587890625 0.201171875 0.05859375 0.091796875
4 0.7099609375 0.5361328125 0.0546875 0.087890625
4 0.7578125 0.5322265625 0.0546875 0.080078125
3 0.68359375 0.3046875 0.3359375 0.609375
5 0.275390625 0.826171875 0.5078125 0.34765625
1 0.5478515625 0.9365234375 0.064453125 0.125
3 0.7568359375 0.900390625 0.486328125 0.19921875
0 0.8837890625 0.8564453125 0.119140625 0.099609375
5 0.728515625 0.916015625 0.2734375 0.150390625