5 0.21875 0.1923828125 0.177734375 0.337890625
0 0.16015625 0.3544921875 0.052734375 0.10546875
0 0.3115234375 0.326171875 0.037109375 0.1015625
3 0.2333984375 0.22265625 0.23828125 0.4296875
0 0.75390625 0.0107421875 0.05859375 0.021484375
5 0.8251953125 0.16015625 0.16796875 0.158203125
3 0.8330078125 0.2041015625 0.318359375 0.408203125
0 0.12109375 0.529296875 0.111328125 0.123046875
5 0.404296875 0.646484375 0.208984375 0.28515625
3 0.3271484375 0.70703125 0.556640625 0.5859375
5 0.7705078125 0.8193359375 0.1796875 0.330078125
3 0.7900390625 0.75 0.419921875 0.484375
2 0.7548828125 0.5966796875 0.083984375 0.126953125
6 0.9716796875 0.583984375 0.056640625 0.0859375