5 0.1552734375 0.306640625 0.1513671875 0.32421875
1 0.15625 0.04296875 0.109375 0.0859375
0 0.193359375 0.142578125 0.0458984375 0.1318359375
3 0.1708984375 0.2646484375 0.26953125 0.529296875
5 0.5927734375 0.078125 0.13671875 0.15625
4 0.626953125 0.48046875 0.072265625 0.095703125
4 0.8427734375 0.513671875 0.0888671875 0.03125
3 0.8876953125 0.2646484375 0.224609375 0.529296875
3 0.591796875 0.2646484375 0.259765625 0.529296875
0 0.3037109375 0.6181640625 0.2041015625 0.177734375
0 0.09375 0.7646484375 0.1875 0.470703125
5 0.8349609375 0.685546875 0.166015625 0.3125
0 0.7587890625 0.8193359375 0.0458984375 0.1083984375
0 0.9208984375 0.822265625 0.04296875 0.103515625
3 0.8388671875 0.7646484375 0.283203125 0.470703125