5 0.1650390625 0.140625 0.224609375 0.28125
3 0.2626953125 0.24609375 0.501953125 0.4921875
3 0.759765625 0.3466796875 0.48046875 0.638671875
6 0.5869140625 0.3857421875 0.08203125 0.14453125
5 0.2119140625 0.8193359375 0.40234375 0.314453125
1 0.3037109375 0.521484375 0.19140625 0.13671875
1 0.64453125 0.626953125 0.267578125 0.169921875
5 0.5556640625 0.916015625 0.333984375 0.16796875
5 0.7646484375 0.869140625 0.333984375 0.26171875
3 0.650390625 0.767578125 0.51953125 0.46484375
3 0.7861328125 0.7978515625 0.369140625 0.404296875