5 0.216796875 0.083984375 0.1728515625 0.16796875
0 0.244140625 0.0478515625 0.072265625 0.091796875
3 0.23046875 0.208984375 0.33203125 0.41796875
1 0.3232421875 0.10546875 0.1103515625 0.123046875
5 0.6044921875 0.162109375 0.177734375 0.3173828125
1 0.3125 0.630859375 0.185546875 0.21875
1 0.03125 0.5771484375 0.0625 0.2119140625
3 0.1337890625 0.7255859375 0.2666015625 0.5478515625
3 0.33984375 0.740234375 0.2958984375 0.51953125
0 0.5986328125 0.685546875 0.052734375 0.10546875
0 0.814453125 0.6826171875 0.0673828125 0.10546875
1 0.7021484375 0.6416015625 0.0869140625 0.072265625
5 0.7177734375 0.9228515625 0.166015625 0.154296875
3 0.7041015625 0.7890625 0.365234375 0.421875