4 0.0478515625 0.3427734375 0.083984375 0.103515625
3 0.0966796875 0.2216796875 0.193359375 0.376953125
5 0.4931640625 0.080078125 0.115234375 0.16015625
3 0.5703125 0.1845703125 0.2734375 0.369140625
5 0.4326171875 0.69140625 0.181640625 0.337890625
0 0.3935546875 0.763671875 0.06640625 0.09375
0 0.501953125 0.7509765625 0.033203125 0.08984375
1 0.466796875 0.802734375 0.109375 0.119140625
3 0.40234375 0.6845703125 0.2734375 0.630859375
2 0.4150390625 0.45703125 0.083984375 0.130859375
1 0.4921875 0.4697265625 0.021484375 0.068359375
5 0.5791015625 0.4501953125 0.13671875 0.091796875
0 0.6337890625 0.51953125 0.046875 0.052734375
0 0.6416015625 0.412109375 0.060546875 0.060546875
4 0.7783203125 0.4775390625 0.0390625 0.0703125
4 0.767578125 0.4111328125 0.041015625 0.0703125
3 0.6611328125 0.46875 0.369140625 0.228515625