4 0.046875 0.337890625 0.09375 0.03515625
4 0.060546875 0.3193359375 0.0703125 0.076171875
3 0.0732421875 0.1806640625 0.146484375 0.349609375
0 0.611328125 0.0205078125 0.05859375 0.041015625
4 0.677734375 0.32421875 0.04296875 0.04296875
4 0.7255859375 0.328125 0.04296875 0.033203125
3 0.6728515625 0.1728515625 0.259765625 0.345703125
5 0.1474609375 0.5068359375 0.181640625 0.30859375
0 0.220703125 0.5478515625 0.064453125 0.083984375
0 0.0732421875 0.6396484375 0.052734375 0.111328125
4 0.15625 0.953125 0.05859375 0.09375
4 0.21484375 0.9609375 0.05859375 0.078125
3 0.1611328125 0.67578125 0.322265625 0.6484375
0 0.7099609375 0.5380859375 0.07421875 0.125
0 0.7333984375 0.650390625 0.048828125 0.11328125
1 0.802734375 0.583984375 0.138671875 0.126953125
4 0.6103515625 0.962890625 0.0625 0.0703125
4 0.7001953125 0.9775390625 0.083984375 0.0390625
3 0.6337890625 0.671875 0.2734375 0.65625