5 0.0693359375 0.111328125 0.138671875 0.09765625
4 0.0751953125 0.50390625 0.109375 0.0703125
4 0.193359375 0.4697265625 0.111328125 0.091796875
3 0.1298828125 0.2978515625 0.259765625 0.490234375
2 0.8125 0.1982421875 0.23828125 0.396484375
3 0.751953125 0.21484375 0.45703125 0.4296875
5 0.341796875 0.716796875 0.68359375 0.56640625
5 0.86328125 0.4541015625 0.142578125 0.16796875
5 0.9619140625 0.4228515625 0.076171875 0.134765625
3 0.9609375 0.6044921875 0.078125 0.498046875
3 0.884765625 0.6220703125 0.23046875 0.513671875
4 0.9599609375 0.828125 0.080078125 0.08984375