1 0.3671875 0.078125 0.103515625 0.095703125
0 0.177734375 0.1708984375 0.091796875 0.130859375
0 0.5068359375 0.2080078125 0.087890625 0.1328125
5 0.33984375 0.2421875 0.1875 0.12890625
3 0.337890625 0.1630859375 0.453125 0.326171875
4 0.6630859375 0.2880859375 0.13671875 0.162109375
3 0.6904296875 0.1982421875 0.349609375 0.380859375
5 0.080078125 0.470703125 0.16015625 0.28125
0 0.11328125 0.646484375 0.0859375 0.08203125
4 0.03515625 0.8310546875 0.0703125 0.166015625
1 0.087890625 0.2568359375 0.09765625 0.0546875
3 0.1298828125 0.578125 0.259765625 0.703125
5 0.8857421875 0.6884765625 0.22265625 0.314453125
0 0.7265625 0.8095703125 0.08203125 0.08984375
4 0.6845703125 0.978515625 0.189453125 0.04296875
1 0.947265625 0.451171875 0.10546875 0.08203125
3 0.7890625 0.685546875 0.421875 0.62890625