0 0.03515625 0.0771484375 0.0625 0.09375
0 0.2724609375 0.0458984375 0.05078125 0.0791015625
5 0.154296875 0.0322265625 0.1630859375 0.064453125
3 0.158203125 0.1591796875 0.31640625 0.318359375
1 0.197265625 0.359375 0.1923828125 0.0791015625
5 0.203125 0.658203125 0.26171875 0.3486328125
0 0.06640625 0.8759765625 0.0556640625 0.1181640625
3 0.19921875 0.6591796875 0.3984375 0.681640625
5 0.78515625 0.6923828125 0.1513671875 0.3388671875
0 0.787109375 0.859375 0.0458984375 0.10546875
3 0.796875 0.6884765625 0.28125 0.623046875
2 0.787109375 0.46875 0.103515625 0.1396484375