5 0.142578125 0.0732421875 0.171875 0.146484375
3 0.162109375 0.1884765625 0.296875 0.376953125
1 0.6103515625 0.0419921875 0.177734375 0.083984375
5 0.6318359375 0.337890625 0.3046875 0.205078125
3 0.689453125 0.2255859375 0.41796875 0.451171875
5 0.09765625 0.474609375 0.1953125 0.23046875
0 0.1982421875 0.7421875 0.083984375 0.091796875
3 0.1474609375 0.658203125 0.294921875 0.62109375
1 0.8681640625 0.5439453125 0.263671875 0.208984375
5 0.75390625 0.912109375 0.40625 0.17578125
3 0.7578125 0.708984375 0.484375 0.58203125