5 0.11328125 0.0673828125 0.1728515625 0.134765625
4 0.103515625 0.443359375 0.0478515625 0.05078125
4 0.158203125 0.451171875 0.0625 0.0361328125
3 0.138671875 0.234375 0.2763671875 0.46875
5 0.658203125 0.326171875 0.158203125 0.2861328125
3 0.6962890625 0.2587890625 0.2333984375 0.4208984375
1 0.1875 0.7861328125 0.0625 0.029296875
0 0.1650390625 0.94921875 0.0263671875 0.04296875
5 0.1787109375 0.8798828125 0.0791015625 0.1103515625
3 0.197265625 0.884765625 0.1826171875 0.23046875
0 0.73828125 0.935546875 0.115234375 0.095703125
0 0.974609375 0.9384765625 0.05078125 0.123046875
3 0.7890625 0.734375 0.421875 0.53125
6 0.66015625 0.857421875 0.11328125 0.09375
6 0.9658203125 0.8310546875 0.068359375 0.099609375
2 0.78515625 0.541015625 0.154296875 0.13671875