5 0.189453125 0.154296875 0.16796875 0.3076171875
3 0.1943359375 0.298828125 0.388671875 0.59765625
5 0.4228515625 0.205078125 0.0673828125 0.32421875
5 0.91015625 0.1318359375 0.115234375 0.259765625
3 0.9072265625 0.298828125 0.158203125 0.59765625
4 0.9384765625 0.568359375 0.083984375 0.060546875
3 0.458984375 0.298828125 0.140625 0.59765625
4 0.296875 0.927734375 0.0625 0.091796875
4 0.36328125 0.927734375 0.052734375 0.08203125
3 0.2880859375 0.7978515625 0.2021484375 0.3994140625
5 0.5556640625 0.6298828125 0.154296875 0.0625
0 0.4755859375 0.669921875 0.0576171875 0.083984375
0 0.63671875 0.666015625 0.0478515625 0.0888671875
4 0.546875 0.974609375 0.0458984375 0.05078125
4 0.5947265625 0.978515625 0.0458984375 0.04296875
3 0.5517578125 0.798828125 0.26171875 0.4013671875