5 0.3212890625 0.1328125 0.189453125 0.236328125
0 0.328125 0.240234375 0.072265625 0.111328125
3 0.33203125 0.1650390625 0.208984375 0.3046875
0 0.634765625 0.1435546875 0.50390625 0.287109375
5 0.111328125 0.7890625 0.154296875 0.171875
1 0.0361328125 0.546875 0.072265625 0.109375
0 0.091796875 0.5849609375 0.068359375 0.099609375
3 0.1376953125 0.7314453125 0.275390625 0.537109375
1 0.544921875 0.517578125 0.123046875 0.130859375
5 0.5830078125 0.732421875 0.16796875 0.2890625
0 0.6689453125 0.853515625 0.052734375 0.099609375