3 0.0693359375 0.23046875 0.134765625 0.4609375
1 0.6494140625 0.15625 0.06640625 0.033203125
5 0.646484375 0.25390625 0.08203125 0.12109375
0 0.58203125 0.30078125 0.0390625 0.041015625
0 0.6865234375 0.3291015625 0.0390625 0.048828125
4 0.599609375 0.4541015625 0.07421875 0.021484375
4 0.6640625 0.4541015625 0.064453125 0.0234375
3 0.638671875 0.310546875 0.22265625 0.38671875
0 0.00390625 0.88671875 0.0078125 0.09765625
0 0.0458984375 0.896484375 0.068359375 0.109375
5 0.0458984375 0.904296875 0.091796875 0.1328125
3 0.076171875 0.794921875 0.15234375 0.359375
5 0.5556640625 0.73828125 0.173828125 0.169921875
0 0.4658203125 0.6181640625 0.068359375 0.08203125
0 0.6376953125 0.603515625 0.06640625 0.07421875
3 0.5439453125 0.7412109375 0.341796875 0.517578125