1 0.0146484375 0.15234375 0.029296875 0.083984375
0 0.0517578125 0.208984375 0.0478515625 0.0791015625
5 0.046875 0.3388671875 0.09375 0.158203125
3 0.0986328125 0.2587890625 0.197265625 0.3193359375
5 0.880859375 0.2119140625 0.1630859375 0.34375
0 0.916015625 0.369140625 0.0478515625 0.0986328125
3 0.8564453125 0.208984375 0.287109375 0.41796875
5 0.2353515625 0.650390625 0.1416015625 0.248046875
0 0.1611328125 0.7568359375 0.0693359375 0.0986328125
0 0.359375 0.685546875 0.0478515625 0.091796875
1 0.2275390625 0.4462890625 0.103515625 0.0556640625
3 0.23828125 0.708984375 0.302734375 0.58203125
5 0.71875 0.708984375 0.5625 0.58203125