5 0.087890625 0.314453125 0.17578125 0.26953125
0 0.0390625 0.44140625 0.076171875 0.09765625
0 0.16015625 0.3798828125 0.064453125 0.0859375
1 0.02734375 0.115234375 0.0546875 0.046875
3 0.13671875 0.3740234375 0.2734375 0.611328125
5 0.59375 0.181640625 0.203125 0.36328125
3 0.6748046875 0.271484375 0.365234375 0.54296875
6 0.666015625 0.087890625 0.095703125 0.126953125
5 0.1416015625 0.82421875 0.228515625 0.3515625
3 0.14453125 0.8232421875 0.234375 0.353515625
5 0.9150390625 0.73046875 0.169921875 0.375
3 0.859375 0.6962890625 0.28125 0.486328125