0 0.224609375 0.23046875 0.05859375 0.083984375
0 0.326171875 0.2119140625 0.0625 0.087890625
3 0.2958984375 0.1943359375 0.275390625 0.388671875
1 0.6015625 0.013671875 0.15625 0.02734375
3 0.642578125 0.2138671875 0.47265625 0.427734375
0 0.0556640625 0.4033203125 0.095703125 0.09375
5 0.3076171875 0.478515625 0.19140625 0.20703125
4 0.2802734375 0.91796875 0.060546875 0.087890625
4 0.3291015625 0.9228515625 0.05859375 0.09375
3 0.203125 0.6611328125 0.40625 0.603515625
5 0.677734375 0.6953125 0.64453125 0.609375