0 0.1708984375 0.2890625 0.33984375 0.419921875
0 0.2734375 0.25 0.1875 0.5
1 0.6025390625 0.2548828125 0.12109375 0.115234375
1 0.6787109375 0.2412109375 0.1015625 0.109375
3 0.5693359375 0.38671875 0.21484375 0.34765625
3 0.6787109375 0.376953125 0.1796875 0.396484375
3 0.8447265625 0.37890625 0.287109375 0.466796875
1 0.8291015625 0.2158203125 0.107421875 0.115234375
0 0.13671875 0.7021484375 0.2734375 0.501953125
3 0.5595703125 0.7490234375 0.728515625 0.501953125
4 0.640625 0.984375 0.15234375 0.03125
4 0.3154296875 0.9462890625 0.2421875 0.09765625