0 0.224609375 0.173828125 0.44921875 0.34765625
1 0.8447265625 0.2744140625 0.052734375 0.0576171875
5 0.3193359375 0.556640625 0.177734375 0.220703125
5 0.1318359375 0.6513671875 0.158203125 0.10546875
1 0.30078125 0.380859375 0.1103515625 0.0556640625
1 0.07421875 0.576171875 0.07421875 0.0693359375
3 0.1396484375 0.65625 0.208984375 0.23828125
3 0.28515625 0.60546875 0.2451171875 0.5068359375
6 0.2275390625 0.64453125 0.04296875 0.0380859375
5 0.4892578125 0.8740234375 0.0693359375 0.0693359375
5 0.4892578125 0.9482421875 0.04296875 0.0869140625
2 0.8857421875 0.537109375 0.11328125 0.2744140625
2 0.4853515625 0.892578125 0.0166015625 0.029296875
3 0.8603515625 0.69921875 0.279296875 0.6005859375
3 0.494140625 0.9169921875 0.0791015625 0.166015625