0 0.26171875 0.037109375 0.35546875 0.07421875
0 0.4384765625 0.146484375 0.1611328125 0.283203125
5 0.76953125 0.01171875 0.03125 0.0234375
5 0.75 0.01171875 0.015625 0.0234375
3 0.765625 0.064453125 0.04296875 0.12890625
5 0.0732421875 0.484375 0.146484375 0.13671875
0 0.15625 0.568359375 0.04296875 0.0380859375
4 0.11328125 0.6962890625 0.0673828125 0.07421875
4 0.03515625 0.69921875 0.0625 0.0791015625
1 0.0576171875 0.357421875 0.0888671875 0.0380859375
3 0.095703125 0.544921875 0.19140625 0.4140625
5 0.875 0.7412109375 0.25 0.5166015625
5 0.654296875 0.7802734375 0.26953125 0.439453125
2 0.9248046875 0.4521484375 0.150390625 0.330078125
2 0.6201171875 0.5791015625 0.1396484375 0.2255859375
2 0.751953125 0.640625 0.09375 0.126953125
2 0.54296875 0.6513671875 0.0478515625 0.1630859375
3 0.8701171875 0.6435546875 0.259765625 0.712890625
3 0.650390625 0.7314453125 0.26171875 0.537109375