5 0.3486328125 0.0732421875 0.189453125 0.146484375
3 0.3408203125 0.1171875 0.326171875 0.234375
0 0.515625 0.1044921875 0.109375 0.208984375
0 0.837890625 0.1796875 0.32421875 0.2890625
5 0.306640625 0.5166015625 0.234375 0.3671875
0 0.19921875 0.64453125 0.068359375 0.115234375
0 0.3486328125 0.677734375 0.04296875 0.10546875
4 0.212890625 0.939453125 0.056640625 0.03125
3 0.265625 0.578125 0.375 0.779296875
2 0.3486328125 0.2822265625 0.099609375 0.142578125
1 0.6416015625 0.2958984375 0.09765625 0.05859375
0 0.8486328125 0.41796875 0.109375 0.12109375
5 0.6083984375 0.5224609375 0.240234375 0.3046875
4 0.4833984375 0.9326171875 0.087890625 0.09765625
4 0.5576171875 0.9501953125 0.083984375 0.099609375
3 0.6328125 0.6171875 0.66796875 0.765625