5 0.3173828125 0.0439453125 0.193359375 0.087890625
0 0.39453125 0.1171875 0.056640625 0.103515625
0 0.1904296875 0.09765625 0.0625 0.111328125
4 0.2744140625 0.4052734375 0.076171875 0.060546875
4 0.2080078125 0.392578125 0.06640625 0.056640625
5 0.8017578125 0.23046875 0.3046875 0.287109375
0 0.90625 0.3994140625 0.080078125 0.0703125
0 0.6640625 0.35546875 0.08984375 0.072265625
4 0.822265625 0.52734375 0.103515625 0.056640625
4 0.6787109375 0.49609375 0.08984375 0.0546875
3 0.787109375 0.2958984375 0.42578125 0.541015625
1 0.0546875 0.45703125 0.109375 0.15234375
0 0.2099609375 0.56640625 0.076171875 0.080078125
5 0.07421875 0.6806640625 0.1484375 0.302734375
3 0.134765625 0.66015625 0.26953125 0.55859375
5 0.6064453125 0.568359375 0.14453125 0.154296875
0 0.6513671875 0.6826171875 0.103515625 0.080078125
4 0.55078125 0.861328125 0.1328125 0.169921875
3 0.6142578125 0.7431640625 0.302734375 0.50390625