0 0.2412109375 0.1728515625 0.466796875 0.345703125
1 0.8564453125 0.29296875 0.056640625 0.060546875
5 0.31640625 0.546875 0.189453125 0.23046875
5 0.1240234375 0.6318359375 0.1640625 0.11328125
1 0.3076171875 0.3701171875 0.11328125 0.060546875
1 0.0712890625 0.5537109375 0.078125 0.072265625
3 0.1318359375 0.63671875 0.220703125 0.248046875
3 0.2802734375 0.59375 0.271484375 0.51953125
6 0.220703125 0.6298828125 0.044921875 0.041015625
5 0.4697265625 0.873046875 0.072265625 0.072265625
5 0.4658203125 0.947265625 0.046875 0.08984375
2 0.8828125 0.5576171875 0.126953125 0.279296875
2 0.46484375 0.8916015625 0.017578125 0.029296875
3 0.8466796875 0.705078125 0.306640625 0.58984375
3 0.4716796875 0.9150390625 0.087890625 0.169921875