5 0.306640625 0.154296875 0.16015625 0.3046875
3 0.3056640625 0.20703125 0.294921875 0.4140625
0 0.6806640625 0.330078125 0.048828125 0.08984375
0 0.8828125 0.3173828125 0.0625 0.107421875
3 0.806640625 0.29296875 0.326171875 0.224609375
2 0.7734375 0.2705078125 0.0859375 0.125
1 0.44140625 0.6123046875 0.142578125 0.0703125
5 0.4267578125 0.8291015625 0.158203125 0.248046875
0 0.51171875 0.9677734375 0.0703125 0.064453125
3 0.4306640625 0.77734375 0.271484375 0.4453125
0 0.89453125 0.4423828125 0.0859375 0.083984375
5 0.703125 0.57421875 0.111328125 0.33984375
3 0.7998046875 0.69921875 0.302734375 0.59765625