1 0.3974609375 0.0244140625 0.279296875 0.048828125
0 0.3427734375 0.529296875 0.27734375 0.15625
5 0.4228515625 0.3583984375 0.64453125 0.44140625
3 0.42578125 0.3056640625 0.63671875 0.611328125
0 0.8681640625 0.3095703125 0.263671875 0.611328125
3 0.3720703125 0.74609375 0.353515625 0.28515625
0 0.27734375 0.6376953125 0.111328125 0.0546875
0 0.51171875 0.630859375 0.05078125 0.046875
4 0.306640625 0.80859375 0.107421875 0.138671875
4 0.4501953125 0.796875 0.12890625 0.134765625
4 0.9599609375 0.73828125 0.07421875 0.146484375
3 0.9169921875 0.73046875 0.162109375 0.232421875