3 0.376953125 0.306640625 0.2646484375 0.61328125
2 0.4267578125 0.0205078125 0.064453125 0.041015625
6 0.302734375 0.07421875 0.0556640625 0.0791015625
1 0.6513671875 0.0400390625 0.0361328125 0.0576171875
0 0.814453125 0.064453125 0.04296875 0.04296875
5 0.74609375 0.0537109375 0.1181640625 0.0869140625
4 0.9267578125 0.0205078125 0.03125 0.041015625
4 0.935546875 0.0791015625 0.029296875 0.072265625
3 0.7880859375 0.0615234375 0.3369140625 0.123046875
0 0.134765625 0.9287109375 0.26953125 0.1416015625
0 0.1142578125 0.9736328125 0.228515625 0.052734375
3 0.2548828125 0.80859375 0.509765625 0.3818359375
3 0.8857421875 0.80859375 0.228515625 0.3818359375