5 0.142578125 0.0341796875 0.1171875 0.068359375
4 0.0390625 0.4541015625 0.078125 0.076171875
3 0.12890625 0.265625 0.2578125 0.53125
5 0.966796875 0.431640625 0.06640625 0.2890625
0 0.8837890625 0.5546875 0.05859375 0.076171875
3 0.8828125 0.4033203125 0.234375 0.611328125
5 0.078125 0.6123046875 0.130859375 0.177734375
5 0.302734375 0.650390625 0.140625 0.1796875
5 0.427734375 0.68359375 0.1171875 0.1875
0 0.0126953125 0.703125 0.025390625 0.04296875
0 0.298828125 0.6123046875 0.046875 0.0546875
0 0.34765625 0.7734375 0.0390625 0.04296875
3 0.0712890625 0.6962890625 0.142578125 0.369140625
3 0.2294921875 0.7529296875 0.2890625 0.427734375
3 0.3896484375 0.787109375 0.193359375 0.40625
3 0.814453125 0.8310546875 0.3046875 0.337890625