0 0.427734375 0.0322265625 0.06640625 0.064453125
0 0.501953125 0.0234375 0.0546875 0.046875
5 0.439453125 0.1201171875 0.234375 0.240234375
3 0.46875 0.201171875 0.3515625 0.40234375
5 0.326171875 0.6396484375 0.248046875 0.443359375
3 0.34765625 0.708984375 0.3046875 0.58203125
1 0.6083984375 0.55078125 0.126953125 0.134765625
1 0.90234375 0.8408203125 0.150390625 0.158203125
0 0.84765625 0.744140625 0.083984375 0.125
3 0.6884765625 0.6875 0.359375 0.474609375
3 0.8359375 0.8056640625 0.328125 0.298828125
6 0.7177734375 0.8388671875 0.06640625 0.09375
6 0.68359375 0.8203125 0.064453125 0.115234375