1 0.474609375 0.0634765625 0.1513671875 0.126953125
0 0.216796875 0.1259765625 0.14453125 0.251953125
3 0.34765625 0.2138671875 0.501953125 0.427734375
0 0.798828125 0.21875 0.4013671875 0.41796875
5 0.11328125 0.6943359375 0.2255859375 0.216796875
0 0.240234375 0.8291015625 0.0625 0.052734375
0 0.01953125 0.83203125 0.0380859375 0.052734375
4 0.2099609375 0.9716796875 0.103515625 0.056640625
4 0.06640625 0.96875 0.0791015625 0.0625
1 0.0947265625 0.50390625 0.13671875 0.0791015625
3 0.146484375 0.7294921875 0.29296875 0.541015625
5 0.6259765625 0.71484375 0.0556640625 0.123046875
2 0.6240234375 0.625 0.0380859375 0.0625
3 0.630859375 0.7080078125 0.064453125 0.248046875