5 0.4443359375 0.111328125 0.162109375 0.22265625
0 0.4755859375 0.2197265625 0.0546875 0.119140625
4 0.345703125 0.474609375 0.076171875 0.15234375
4 0.462890625 0.5029296875 0.107421875 0.080078125
3 0.4267578125 0.279296875 0.240234375 0.55859375
5 0.748046875 0.109375 0.169921875 0.212890625
5 0.7919921875 0.109375 0.064453125 0.1171875
5 0.9189453125 0.064453125 0.080078125 0.1171875
5 0.9765625 0.0771484375 0.046875 0.138671875
4 0.98046875 0.3876953125 0.0390625 0.037109375
3 0.9609375 0.2158203125 0.078125 0.419921875
3 0.9072265625 0.1982421875 0.12890625 0.384765625
3 0.7900390625 0.23046875 0.1328125 0.453125
3 0.6982421875 0.2783203125 0.08203125 0.548828125
5 0.3046875 0.6279296875 0.177734375 0.150390625
4 0.2822265625 0.9853515625 0.048828125 0.021484375
3 0.291015625 0.7744140625 0.400390625 0.44921875