5 0.265625 0.1142578125 0.275390625 0.216796875
3 0.2021484375 0.1298828125 0.404296875 0.251953125
0 0.47265625 0.0693359375 0.1015625 0.119140625
3 0.603515625 0.2265625 0.421875 0.453125
0 0.1630859375 0.62109375 0.306640625 0.322265625
3 0.2216796875 0.7265625 0.443359375 0.546875
5 0.8056640625 0.7021484375 0.267578125 0.251953125
0 0.6298828125 0.859375 0.0703125 0.0703125
0 0.986328125 0.8388671875 0.02734375 0.076171875
1 0.8076171875 0.4912109375 0.162109375 0.0859375
3 0.763671875 0.7109375 0.47265625 0.57421875