5 0.2783203125 0.0615234375 0.193359375 0.123046875
4 0.1875 0.421875 0.05859375 0.04296875
4 0.23828125 0.4326171875 0.056640625 0.04296875
3 0.228515625 0.2353515625 0.4375 0.470703125
0 0.744140625 0.46484375 0.0625 0.095703125
0 0.9794921875 0.541015625 0.041015625 0.109375
5 0.896484375 0.357421875 0.20703125 0.3046875
1 0.9443359375 0.1240234375 0.111328125 0.091796875
3 0.8408203125 0.337890625 0.318359375 0.56640625
1 0.419921875 0.578125 0.11328125 0.09375
5 0.3642578125 0.8037109375 0.197265625 0.255859375
0 0.388671875 0.9580078125 0.037109375 0.060546875
3 0.345703125 0.7294921875 0.31640625 0.51953125
5 0.8857421875 0.7958984375 0.080078125 0.095703125
1 0.9111328125 0.732421875 0.03515625 0.03515625
4 0.8037109375 0.9453125 0.041015625 0.04296875
4 0.6552734375 0.607421875 0.033203125 0.04296875
4 0.6376953125 0.59765625 0.03125 0.037109375
3 0.8544921875 0.833984375 0.224609375 0.33203125
0 0.822265625 0.8095703125 0.037109375 0.037109375
3 0.623046875 0.5849609375 0.14453125 0.1171875