0 0.021484375 0.267578125 0.04296875 0.08203125
0 0.078125 0.2666015625 0.080078125 0.08984375
5 0.0556640625 0.2451171875 0.111328125 0.248046875
3 0.109375 0.236328125 0.21875 0.41015625
0 0.7919921875 0.1875 0.384765625 0.375
5 0.4345703125 0.7685546875 0.201171875 0.34375
3 0.416015625 0.7177734375 0.40234375 0.564453125
6 0.345703125 0.5673828125 0.05859375 0.0703125
6 0.4619140625 0.5458984375 0.05859375 0.068359375
2 0.40234375 0.53515625 0.1015625 0.150390625
0 0.982421875 0.5361328125 0.03515625 0.103515625
1 0.759765625 0.5 0.087890625 0.087890625
5 0.806640625 0.72265625 0.1875 0.267578125
3 0.8212890625 0.6904296875 0.357421875 0.580078125