0 0.12109375 0.40625 0.2421875 0.33203125
0 0.044921875 0.1865234375 0.08984375 0.193359375
0 0.3759765625 0.115234375 0.345703125 0.23046875
0 0.533203125 0.34375 0.3828125 0.279296875
1 0.041015625 0.591796875 0.076171875 0.068359375
1 0.7890625 0.66796875 0.044921875 0.068359375
5 0.1142578125 0.8271484375 0.171875 0.337890625
5 0.587890625 0.6416015625 0.169921875 0.279296875
5 0.716796875 0.595703125 0.171875 0.271484375
5 0.82421875 0.841796875 0.08203125 0.19140625
3 0.78125 0.7900390625 0.16796875 0.322265625
3 0.740234375 0.6796875 0.25 0.556640625
3 0.6025390625 0.7119140625 0.275390625 0.5625
3 0.150390625 0.7666015625 0.29296875 0.466796875
5 0.8720703125 0.63671875 0.255859375 0.58203125