0 0.15625 0.2607421875 0.287109375 0.318359375
0 0.1484375 0.056640625 0.1796875 0.11328125
0 0.533203125 0.1015625 0.3359375 0.203125
0 0.5888671875 0.3681640625 0.373046875 0.2578125
1 0.0400390625 0.4130859375 0.072265625 0.064453125
1 0.705078125 0.763671875 0.041015625 0.06640625
5 0.046875 0.658203125 0.09375 0.3359375
5 0.5283203125 0.6650390625 0.154296875 0.275390625
5 0.6650390625 0.669921875 0.15625 0.267578125
5 0.671875 0.9208984375 0.0703125 0.158203125
3 0.65234375 0.8564453125 0.1484375 0.287109375
3 0.654296875 0.7392578125 0.21484375 0.521484375
3 0.5166015625 0.7275390625 0.240234375 0.544921875
3 0.0927734375 0.662109375 0.185546875 0.5625
5 0.8388671875 0.75 0.322265625 0.5