0 0.3037109375 0.251953125 0.603515625 0.50390625
1 0.9658203125 0.19140625 0.068359375 0.078125
5 0.9599609375 0.408203125 0.080078125 0.234375
0 0.888671875 0.5107421875 0.060546875 0.0234375
3 0.9296875 0.330078125 0.140625 0.390625
1 0.08203125 0.607421875 0.05078125 0.09375
5 0.21875 0.615234375 0.18359375 0.1328125
0 0.3271484375 0.6259765625 0.07421875 0.060546875
4 0.4951171875 0.6201171875 0.068359375 0.107421875
3 0.2939453125 0.6279296875 0.48046875 0.171875
0 0.712890625 0.759765625 0.32421875 0.48046875
3 0.7744140625 0.751953125 0.447265625 0.49609375