5 0.1474609375 0.31640625 0.294921875 0.30078125
0 0.2314453125 0.1162109375 0.109375 0.1015625
0 0.29296875 0.4541015625 0.12109375 0.115234375
3 0.208984375 0.3095703125 0.41796875 0.517578125
5 0.6728515625 0.2255859375 0.19140625 0.173828125
1 0.6201171875 0.015625 0.087890625 0.03125
0 0.568359375 0.041015625 0.05859375 0.08203125
0 0.6845703125 0.0322265625 0.064453125 0.064453125
3 0.6796875 0.302734375 0.34765625 0.60546875
5 0.2548828125 0.8134765625 0.466796875 0.373046875
1 0.8232421875 0.6220703125 0.203125 0.12109375
5 0.8583984375 0.8505859375 0.283203125 0.236328125
3 0.7919921875 0.763671875 0.416015625 0.4375