0 0.25390625 0.015625 0.07421875 0.03125
0 0.271484375 0.2294921875 0.0888671875 0.0673828125
5 0.154296875 0.11328125 0.21875 0.16796875
4 0.4775390625 0.123046875 0.052734375 0.0458984375
4 0.525390625 0.064453125 0.0478515625 0.041015625
3 0.294921875 0.14453125 0.5888671875 0.2880859375
0 0.7099609375 0.375 0.09375 0.029296875
0 0.75 0.1728515625 0.123046875 0.1103515625
5 0.6650390625 0.27734375 0.09375 0.185546875
4 0.984375 0.3447265625 0.03125 0.0888671875
4 0.9873046875 0.20703125 0.025390625 0.0625
3 0.80859375 0.24609375 0.3818359375 0.2861328125
5 0.30859375 0.693359375 0.6171875 0.609375
0 0.822265625 0.408203125 0.0673828125 0.0380859375
5 0.6611328125 0.5673828125 0.0869140625 0.2255859375
3 0.7587890625 0.6943359375 0.28125 0.6103515625