0 0.314453125 0.0048828125 0.078125 0.009765625
0 0.306640625 0.2041015625 0.095703125 0.078125
5 0.203125 0.0849609375 0.23828125 0.169921875
4 0.5234375 0.123046875 0.05859375 0.052734375
4 0.578125 0.0703125 0.052734375 0.046875
3 0.3388671875 0.150390625 0.619140625 0.30078125
0 0.7236328125 0.4013671875 0.095703125 0.041015625
0 0.7880859375 0.2060546875 0.134765625 0.125
5 0.69140625 0.298828125 0.115234375 0.1953125
4 0.9892578125 0.4052734375 0.021484375 0.091796875
3 0.814453125 0.2841796875 0.37109375 0.330078125
5 0.314453125 0.6640625 0.62890625 0.671875
0 0.8310546875 0.4482421875 0.072265625 0.046875
5 0.6513671875 0.5869140625 0.11328125 0.234375
3 0.7333984375 0.7021484375 0.353515625 0.595703125