1 0.42578125 0.0537109375 0.095703125 0.078125
5 0.435546875 0.29296875 0.1015625 0.27734375
0 0.3623046875 0.412109375 0.060546875 0.0859375
3 0.40625 0.33203125 0.173828125 0.662109375
5 0.7353515625 0.3291015625 0.529296875 0.658203125
0 0.3388671875 0.6982421875 0.314453125 0.078125
0 0.38671875 0.8984375 0.23828125 0.203125
0 0.8037109375 0.66015625 0.0625 0.02734375
0 0.861328125 0.658203125 0.05859375 0.02734375
5 0.828125 0.697265625 0.197265625 0.107421875
3 0.8291015625 0.8173828125 0.30078125 0.3515625