0 0.365234375 0.1298828125 0.0576171875 0.08203125
0 0.40234375 0.3759765625 0.0771484375 0.0625
1 0.06640625 0.2548828125 0.0673828125 0.115234375
5 0.267578125 0.2568359375 0.23046875 0.1943359375
3 0.3173828125 0.2412109375 0.58203125 0.32421875
5 0.744140625 0.3681640625 0.271484375 0.1630859375
0 0.923828125 0.4365234375 0.11328125 0.0263671875
0 0.8681640625 0.267578125 0.103515625 0.064453125
3 0.8037109375 0.34375 0.3916015625 0.2119140625
0 0.3076171875 0.724609375 0.6005859375 0.55078125
4 0.669921875 0.9892578125 0.0458984375 0.021484375
3 0.69921875 0.724609375 0.1826171875 0.55078125
6 0.6455078125 0.4580078125 0.0556640625 0.0166015625