5 0.1650390625 0.4306640625 0.119140625 0.1640625
0 0.1552734375 0.5390625 0.048828125 0.05859375
1 0.169921875 0.30078125 0.091796875 0.064453125
3 0.1572265625 0.416015625 0.150390625 0.306640625
0 0.658203125 0.1123046875 0.0625 0.0625
4 0.8623046875 0.5732421875 0.052734375 0.0390625
4 0.91015625 0.5751953125 0.046875 0.0390625
5 0.8818359375 0.1240234375 0.158203125 0.228515625
3 0.8017578125 0.2998046875 0.396484375 0.591796875
0 0.421875 0.78515625 0.26171875 0.4296875
0 0.3271484375 0.6435546875 0.3125 0.150390625
5 0.767578125 0.7900390625 0.45703125 0.419921875