1 0.3642578125 0.0361328125 0.095703125 0.05078125
0 0.2568359375 0.3349609375 0.052734375 0.08203125
0 0.484375 0.3193359375 0.0380859375 0.072265625
5 0.3701171875 0.21484375 0.1630859375 0.19921875
3 0.365234375 0.2294921875 0.3076171875 0.458984375
5 0.69921875 0.2744140625 0.2431640625 0.32421875
0 0.853515625 0.4169921875 0.060546875 0.07421875
1 0.701171875 0.0146484375 0.2861328125 0.029296875
3 0.7275390625 0.2294921875 0.3583984375 0.458984375
5 0.2138671875 0.5068359375 0.2451171875 0.095703125
0 0.1044921875 0.5634765625 0.05078125 0.0556640625
0 0.20703125 0.6083984375 0.0986328125 0.0771484375
4 0.1494140625 0.826171875 0.1875 0.1318359375
4 0.3232421875 0.7548828125 0.158203125 0.1201171875
3 0.2197265625 0.6787109375 0.376953125 0.439453125
5 0.8193359375 0.7470703125 0.259765625 0.505859375
3 0.8232421875 0.7294921875 0.3056640625 0.541015625
6 0.890625 0.7744140625 0.11328125 0.125