1 0.1748046875 0.1728515625 0.068359375 0.1015625
5 0.294921875 0.140625 0.17578125 0.158203125
3 0.2607421875 0.1591796875 0.25390625 0.19921875
5 0.7412109375 0.232421875 0.482421875 0.46484375
5 0.3564453125 0.771484375 0.240234375 0.34375
3 0.3642578125 0.75390625 0.458984375 0.4921875
6 0.2373046875 0.6044921875 0.068359375 0.078125
6 0.3515625 0.57421875 0.06640625 0.078125
2 0.296875 0.5869140625 0.095703125 0.08203125
5 0.671875 0.8603515625 0.2109375 0.248046875
0 0.8740234375 0.6708984375 0.09765625 0.103515625
1 0.5986328125 0.65234375 0.103515625 0.09765625
3 0.74609375 0.7333984375 0.5078125 0.513671875