1 0.03515625 0.037109375 0.0703125 0.03125
5 0.03515625 0.2333984375 0.0703125 0.248046875
0 0.08203125 0.384765625 0.07421875 0.087890625
3 0.07421875 0.3017578125 0.1484375 0.564453125
1 0.6845703125 0.134765625 0.09765625 0.16015625
0 0.6396484375 0.1708984375 0.068359375 0.109375
0 0.7412109375 0.16015625 0.060546875 0.095703125
5 0.7158203125 0.3466796875 0.1796875 0.16015625
3 0.71484375 0.2890625 0.3203125 0.529296875
5 0.2041015625 0.810546875 0.361328125 0.37890625
3 0.1923828125 0.7822265625 0.380859375 0.435546875
0 0.896484375 0.72265625 0.119140625 0.12109375
5 0.6787109375 0.7880859375 0.3515625 0.2578125
1 0.4091796875 0.82421875 0.080078125 0.2109375
3 0.6826171875 0.79296875 0.634765625 0.33984375