4 0.4736328125 0.44921875 0.029296875 0.0625
0 0.376953125 0.189453125 0.04296875 0.0888671875
5 0.455078125 0.0888671875 0.064453125 0.177734375
3 0.4111328125 0.267578125 0.150390625 0.53515625
0 0.7978515625 0.0869140625 0.0576171875 0.125
5 0.6416015625 0.287109375 0.17578125 0.1708984375
1 0.6259765625 0.0146484375 0.083984375 0.029296875
5 0.3427734375 0.7841796875 0.287109375 0.431640625
5 0.7392578125 0.8701171875 0.158203125 0.1513671875
0 0.697265625 0.787109375 0.064453125 0.0693359375
0 0.7880859375 0.7802734375 0.0576171875 0.0556640625
3 0.7353515625 0.7841796875 0.244140625 0.431640625
2 0.7197265625 0.6318359375 0.07421875 0.123046875