1 0.05078125 0.2802734375 0.04296875 0.0673828125
5 0.154296875 0.26953125 0.1298828125 0.0791015625
0 0.201171875 0.34375 0.04296875 0.0478515625
0 0.2197265625 0.23828125 0.0556640625 0.0556640625
4 0.3486328125 0.3173828125 0.029296875 0.0673828125
4 0.3447265625 0.25 0.033203125 0.0673828125
3 0.2041015625 0.2958984375 0.408203125 0.1923828125
5 0.744140625 0.357421875 0.3603515625 0.2666015625
0 0.9521484375 0.5048828125 0.095703125 0.0771484375
3 0.44140625 0.8388671875 0.17578125 0.322265625
5 0.599609375 0.75 0.1416015625 0.14453125
3 0.689453125 0.8388671875 0.322265625 0.322265625