1 0.40234375 0.0576171875 0.171875 0.115234375
5 0.4033203125 0.2734375 0.255859375 0.23046875
3 0.4091796875 0.19921875 0.455078125 0.3984375
4 0.623046875 0.357421875 0.052734375 0.08984375
4 0.685546875 0.3720703125 0.07421875 0.078125
3 0.7978515625 0.23828125 0.404296875 0.44140625
5 0.4697265625 0.6376953125 0.19140625 0.189453125
0 0.369140625 0.427734375 0.068359375 0.11328125
4 0.3623046875 0.974609375 0.06640625 0.029296875
4 0.46875 0.9873046875 0.06640625 0.025390625
3 0.404296875 0.6787109375 0.3828125 0.642578125
5 0.697265625 0.701171875 0.39453125 0.59765625