5 0.14453125 0.134765625 0.193359375 0.251953125
0 0.02734375 0.240234375 0.0546875 0.0859375
0 0.2158203125 0.296875 0.08203125 0.091796875
4 0.23828125 0.4990234375 0.138671875 0.0625
3 0.1630859375 0.2763671875 0.326171875 0.541015625
0 0.7177734375 0.228515625 0.513671875 0.45703125
2 0.33984375 0.7265625 0.185546875 0.390625
3 0.2822265625 0.7646484375 0.427734375 0.470703125
0 0.7392578125 0.58984375 0.072265625 0.1171875
0 0.91015625 0.6005859375 0.044921875 0.095703125
1 0.8154296875 0.5419921875 0.095703125 0.05078125
5 0.8115234375 0.7451171875 0.1640625 0.25390625
3 0.8203125 0.7529296875 0.359375 0.482421875