1 0.0595703125 0.33984375 0.119140625 0.2109375
5 0.2919921875 0.3125 0.24609375 0.279296875
1 0.5400390625 0.1884765625 0.0859375 0.091796875
0 0.431640625 0.22265625 0.0625 0.125
0 0.6552734375 0.203125 0.06640625 0.123046875
5 0.578125 0.408203125 0.173828125 0.263671875
3 0.5693359375 0.33984375 0.33984375 0.46875
5 0.1494140625 0.8564453125 0.162109375 0.171875
0 0.037109375 0.8095703125 0.046875 0.080078125
0 0.2470703125 0.765625 0.052734375 0.08203125
3 0.158203125 0.7900390625 0.30859375 0.419921875
1 0.7587890625 0.5859375 0.072265625 0.064453125
1 0.8720703125 0.619140625 0.06640625 0.060546875
5 0.5908203125 0.8603515625 0.134765625 0.27734375
5 0.7841796875 0.78125 0.11328125 0.279296875
5 0.8916015625 0.818359375 0.12109375 0.259765625
1 0.5859375 0.6533203125 0.07421875 0.08984375
0 0.8359375 0.83984375 0.056640625 0.064453125
0 0.5009765625 0.947265625 0.052734375 0.080078125
3 0.568359375 0.79296875 0.20703125 0.4140625
3 0.7783203125 0.76953125 0.205078125 0.44140625
3 0.896484375 0.779296875 0.197265625 0.408203125