1 0.2373046875 0.1767578125 0.05859375 0.076171875
5 0.3408203125 0.193359375 0.146484375 0.109375
0 0.3662109375 0.27734375 0.0546875 0.056640625
0 0.4130859375 0.1806640625 0.068359375 0.068359375
4 0.5166015625 0.2900390625 0.044921875 0.072265625
4 0.5302734375 0.2236328125 0.048828125 0.07421875
3 0.3818359375 0.232421875 0.4453125 0.2890625
4 0.9765625 0.5703125 0.046875 0.1171875
1 0.07421875 0.466796875 0.103515625 0.107421875
0 0.1796875 0.5166015625 0.091796875 0.1328125
5 0.0771484375 0.6875 0.154296875 0.2890625
3 0.1328125 0.6474609375 0.265625 0.544921875
0 0.6142578125 0.5771484375 0.087890625 0.103515625
5 0.5908203125 0.7109375 0.203125 0.330078125
3 0.587890625 0.759765625 0.28125 0.48046875