1 0.3564453125 0.0380859375 0.095703125 0.052734375
0 0.25390625 0.3388671875 0.0546875 0.08203125
0 0.4814453125 0.3193359375 0.0390625 0.072265625
5 0.365234375 0.216796875 0.166015625 0.201171875
3 0.359375 0.2314453125 0.31640625 0.462890625
5 0.6953125 0.2705078125 0.248046875 0.328125
0 0.8515625 0.4111328125 0.0625 0.076171875
1 0.6923828125 0.013671875 0.287109375 0.02734375
3 0.72265625 0.228515625 0.3671875 0.45703125
5 0.2138671875 0.51171875 0.24609375 0.099609375
0 0.10546875 0.5703125 0.05078125 0.056640625
0 0.208984375 0.61328125 0.099609375 0.078125
4 0.1552734375 0.83203125 0.189453125 0.134765625
4 0.328125 0.7578125 0.16015625 0.123046875
3 0.22265625 0.68359375 0.384765625 0.4453125
5 0.8232421875 0.7412109375 0.267578125 0.509765625
3 0.8271484375 0.7236328125 0.314453125 0.546875
6 0.8955078125 0.767578125 0.115234375 0.126953125