4 0.0615234375 0.6328125 0.07421875 0.07421875
0 0.078125 0.3408203125 0.095703125 0.119140625
5 0.0224609375 0.220703125 0.044921875 0.234375
3 0.111328125 0.3828125 0.22265625 0.60546875
5 0.642578125 0.3046875 0.70703125 0.609375
5 0.2626953125 0.6943359375 0.1328125 0.1171875
5 0.3828125 0.6552734375 0.109375 0.091796875
3 0.43359375 0.8046875 0.16015625 0.390625
3 0.4189453125 0.8037109375 0.189453125 0.392578125
3 0.298828125 0.814453125 0.24609375 0.37109375
1 0.55078125 0.9052734375 0.14453125 0.189453125
3 0.7353515625 0.8427734375 0.529296875 0.314453125
0 0.8984375 0.759765625 0.125 0.109375
5 0.7578125 0.86328125 0.294921875 0.23046875