0 0.19921875 0.1748046875 0.08984375 0.080078125
5 0.0869140625 0.1416015625 0.173828125 0.142578125
3 0.166015625 0.1513671875 0.33203125 0.236328125
4 0.3984375 0.24609375 0.0859375 0.1015625
3 0.4033203125 0.15234375 0.208984375 0.3046875
1 0.05078125 0.5283203125 0.1015625 0.181640625
3 0.1279296875 0.7099609375 0.255859375 0.580078125
0 0.4892578125 0.65625 0.107421875 0.18359375
0 0.9560546875 0.8798828125 0.087890625 0.060546875
5 0.7021484375 0.662109375 0.595703125 0.67578125
3 0.68359375 0.58203125 0.6328125 0.8359375