1 0.2919921875 0.087890625 0.05078125 0.095703125
5 0.416015625 0.0947265625 0.15625 0.130859375
3 0.3779296875 0.1025390625 0.23046875 0.158203125
5 0.8173828125 0.2666015625 0.365234375 0.517578125
5 0.279296875 0.712890625 0.181640625 0.318359375
3 0.2802734375 0.7392578125 0.3671875 0.517578125
6 0.2177734375 0.5185546875 0.056640625 0.0703125
6 0.3359375 0.5244140625 0.0546875 0.0703125
2 0.2802734375 0.51953125 0.0859375 0.06640625
5 0.552734375 0.8916015625 0.171875 0.216796875
0 0.8037109375 0.7783203125 0.08203125 0.091796875
1 0.546875 0.67578125 0.091796875 0.08203125
3 0.67578125 0.79296875 0.46875 0.4140625