1 0.4736328125 0.2919921875 0.04296875 0.03125
5 0.4619140625 0.388671875 0.0546875 0.119140625
0 0.4130859375 0.4326171875 0.0390625 0.03515625
3 0.43359375 0.3544921875 0.12890625 0.203125
1 0.70703125 0.1904296875 0.1484375 0.083984375
5 0.6630859375 0.3779296875 0.173828125 0.216796875
3 0.6806640625 0.306640625 0.3046875 0.375
1 0.0263671875 0.4423828125 0.052734375 0.087890625
0 0.123046875 0.5791015625 0.07421875 0.10546875
5 0.0537109375 0.681640625 0.107421875 0.27734375
3 0.09765625 0.6787109375 0.1953125 0.560546875
5 0.6953125 0.7275390625 0.57421875 0.544921875