1 0.3037109375 0.3935546875 0.052734375 0.072265625
5 0.408203125 0.3974609375 0.138671875 0.095703125
0 0.4443359375 0.4775390625 0.048828125 0.052734375
0 0.4775390625 0.375 0.0625 0.0625
4 0.59375 0.4716796875 0.0390625 0.0703125
4 0.599609375 0.404296875 0.04296875 0.072265625
3 0.453125 0.4189453125 0.431640625 0.224609375
0 0.8671875 0.173828125 0.21484375 0.275390625
3 0.17578125 0.7109375 0.3515625 0.52734375
6 0.0498046875 0.6416015625 0.064453125 0.10546875
6 0.2041015625 0.486328125 0.060546875 0.04296875
5 0.8212890625 0.896484375 0.275390625 0.20703125
3 0.8134765625 0.8486328125 0.314453125 0.302734375