5 0.26171875 0.197265625 0.310546875 0.265625
0 0.4599609375 0.2548828125 0.119140625 0.109375
0 0.3955078125 0.0478515625 0.10546875 0.068359375
1 0.0224609375 0.2373046875 0.044921875 0.169921875
3 0.3115234375 0.193359375 0.623046875 0.35546875
5 0.8046875 0.2314453125 0.38671875 0.462890625
1 0.0986328125 0.6611328125 0.048828125 0.095703125
5 0.236328125 0.6591796875 0.181640625 0.12890625
0 0.3447265625 0.66015625 0.07421875 0.060546875
4 0.5107421875 0.6396484375 0.06640625 0.10546875
3 0.3134765625 0.6640625 0.484375 0.1640625
0 0.962890625 0.46875 0.07421875 0.03515625
0 0.9560546875 0.7177734375 0.087890625 0.076171875
5 0.82421875 0.5732421875 0.2890625 0.21875
3 0.8134765625 0.609375 0.373046875 0.31640625