5 0.3212890625 0.2802734375 0.3076171875 0.365234375
0 0.1728515625 0.470703125 0.0888671875 0.0888671875
0 0.4775390625 0.458984375 0.021484375 0.1005859375
3 0.2978515625 0.294921875 0.3798828125 0.5888671875
0 0.818359375 0.25 0.36328125 0.5
0 0.70703125 0.294921875 0.4375 0.5888671875
1 0.103515625 0.6708984375 0.1103515625 0.1630859375
3 0.2548828125 0.677734375 0.466796875 0.177734375
0 0.455078125 0.6181640625 0.064453125 0.0576171875
5 0.31640625 0.67578125 0.26171875 0.1728515625
1 0.7568359375 0.6142578125 0.08203125 0.05078125
0 0.583984375 0.73828125 0.07421875 0.126953125
0 0.9267578125 0.6982421875 0.0673828125 0.125
5 0.767578125 0.865234375 0.17578125 0.26953125
3 0.7587890625 0.7939453125 0.466796875 0.412109375