0 0.2158203125 0.1240234375 0.03125 0.04296875
5 0.2216796875 0.0673828125 0.0859375 0.083984375
4 0.21875 0.24609375 0.0703125 0.025390625
4 0.283203125 0.2314453125 0.060546875 0.029296875
3 0.2509765625 0.146484375 0.2109375 0.2578125
5 0.92578125 0.212890625 0.111328125 0.234375
3 0.888671875 0.16796875 0.18359375 0.3359375
2 0.9169921875 0.0595703125 0.076171875 0.119140625
5 0.091796875 0.728515625 0.154296875 0.17578125
1 0.0400390625 0.46875 0.080078125 0.07421875
0 0.2724609375 0.5283203125 0.099609375 0.109375
3 0.2041015625 0.69921875 0.408203125 0.6015625
1 0.5859375 0.54296875 0.09375 0.130859375
5 0.59765625 0.73046875 0.12890625 0.25
3 0.638671875 0.7216796875 0.248046875 0.544921875