1 0.1201171875 0.216796875 0.166015625 0.2265625
5 0.35546875 0.259765625 0.291015625 0.314453125
1 0.6298828125 0.2138671875 0.1015625 0.103515625
0 0.515625 0.21484375 0.083984375 0.1328125
0 0.7353515625 0.26171875 0.087890625 0.130859375
5 0.6015625 0.4345703125 0.21875 0.287109375
3 0.6123046875 0.3671875 0.41796875 0.515625
5 0.0771484375 0.73828125 0.154296875 0.1953125
0 0.1806640625 0.6796875 0.06640625 0.087890625
3 0.1376953125 0.689453125 0.275390625 0.48828125
1 0.72265625 0.658203125 0.08203125 0.076171875
1 0.8212890625 0.72265625 0.07421875 0.0703125
5 0.4814453125 0.8623046875 0.181640625 0.275390625
5 0.689453125 0.8525390625 0.162109375 0.291015625
5 0.7802734375 0.890625 0.166015625 0.21875
1 0.5380859375 0.671875 0.087890625 0.1015625
0 0.7216796875 0.923828125 0.06640625 0.07421875
0 0.3701171875 0.927734375 0.064453125 0.0859375
3 0.48046875 0.7900390625 0.27734375 0.419921875
3 0.6865234375 0.8037109375 0.283203125 0.392578125
3 0.7958984375 0.8330078125 0.267578125 0.333984375