5 0.2568359375 0.0146484375 0.177734375 0.029296875
3 0.306640625 0.0244140625 0.42578125 0.0478515625
1 0.591796875 0.029296875 0.0869140625 0.0576171875
0 0.755859375 0.1162109375 0.064453125 0.123046875
5 0.6025390625 0.248046875 0.166015625 0.220703125
3 0.650390625 0.1787109375 0.265625 0.357421875
1 0.0986328125 0.587890625 0.04296875 0.0673828125
5 0.2021484375 0.5771484375 0.1298828125 0.0791015625
0 0.2490234375 0.6513671875 0.04296875 0.0478515625
0 0.267578125 0.5458984375 0.0556640625 0.0556640625
4 0.396484375 0.625 0.029296875 0.0673828125
4 0.392578125 0.5576171875 0.033203125 0.0673828125
3 0.2509765625 0.6044921875 0.4111328125 0.189453125
3 0.8798828125 0.7021484375 0.240234375 0.595703125
2 0.9423828125 0.48828125 0.064453125 0.123046875
6 0.8173828125 0.58203125 0.0556640625 0.0771484375