1 0.0849609375 0.16015625 0.169921875 0.125
5 0.1640625 0.404296875 0.27734375 0.3125
0 0.3251953125 0.49609375 0.052734375 0.0390625
3 0.1884765625 0.302734375 0.376953125 0.54296875
5 0.607421875 0.150390625 0.23046875 0.30078125
0 0.5517578125 0.287109375 0.068359375 0.115234375
0 0.7216796875 0.2490234375 0.056640625 0.103515625
3 0.64453125 0.2333984375 0.3671875 0.466796875
0 0.2001953125 0.6318359375 0.078125 0.072265625
0 0.26953125 0.5869140625 0.07421875 0.083984375
4 0.291015625 0.9912109375 0.07421875 0.017578125
4 0.353515625 0.9814453125 0.07421875 0.037109375
3 0.267578125 0.755859375 0.3046875 0.48828125
5 0.767578125 0.69140625 0.4296875 0.576171875