5 0.447265625 0.18359375 0.1513671875 0.2451171875
0 0.53125 0.3369140625 0.0693359375 0.083984375
4 0.478515625 0.5732421875 0.1396484375 0.01171875
3 0.4541015625 0.2900390625 0.2646484375 0.5791015625
1 0.9013671875 0.427734375 0.064453125 0.0263671875
5 0.904296875 0.5224609375 0.072265625 0.11328125
0 0.8447265625 0.568359375 0.0361328125 0.021484375
3 0.9013671875 0.48828125 0.197265625 0.1826171875
1 0.4208984375 0.947265625 0.064453125 0.029296875
3 0.4208984375 0.9580078125 0.197265625 0.083984375
5 0.9072265625 0.6455078125 0.17578125 0.1318359375
3 0.853515625 0.7890625 0.29296875 0.421875