0 0.22265625 0.154296875 0.0859375 0.07421875
5 0.099609375 0.1123046875 0.19921875 0.126953125
3 0.177734375 0.1259765625 0.35546875 0.208984375
4 0.416015625 0.240234375 0.08203125 0.099609375
3 0.4287109375 0.1484375 0.193359375 0.296875
1 0.0478515625 0.49609375 0.095703125 0.1796875
3 0.1083984375 0.6953125 0.216796875 0.609375
0 0.478515625 0.6552734375 0.095703125 0.181640625
0 0.935546875 0.9111328125 0.099609375 0.0546875
5 0.7041015625 0.677734375 0.591796875 0.64453125
3 0.6904296875 0.59765625 0.619140625 0.8046875