1 0.267578125 0.5517578125 0.0458984375 0.091796875
5 0.40625 0.552734375 0.177734375 0.123046875
0 0.50390625 0.556640625 0.05078125 0.0556640625
3 0.3857421875 0.560546875 0.2861328125 0.14453125
5 0.66015625 0.1767578125 0.16796875 0.3271484375
4 0.6494140625 0.6298828125 0.0576171875 0.0380859375
4 0.7119140625 0.6318359375 0.0673828125 0.033203125
3 0.6728515625 0.32421875 0.291015625 0.6484375
1 0.169921875 0.7236328125 0.0869140625 0.0380859375
5 0.1728515625 0.8603515625 0.11328125 0.1611328125
0 0.1669921875 0.9697265625 0.0458984375 0.060546875
3 0.1630859375 0.845703125 0.14453125 0.3076171875