5 0.271484375 0.25 0.54296875 0.5
5 0.955078125 0.08984375 0.08984375 0.125
0 0.923828125 0.1748046875 0.037109375 0.072265625
4 0.869140625 0.4677734375 0.095703125 0.107421875
3 0.900390625 0.27734375 0.19921875 0.51171875
5 0.16796875 0.6689453125 0.169921875 0.25390625
0 0.2412109375 0.826171875 0.07421875 0.087890625
3 0.1708984375 0.7275390625 0.298828125 0.517578125
4 0.5185546875 0.919921875 0.080078125 0.0625
4 0.654296875 0.9228515625 0.12890625 0.0703125
5 0.67578125 0.5546875 0.34375 0.107421875
0 0.7880859375 0.6201171875 0.072265625 0.068359375
3 0.6689453125 0.75 0.388671875 0.5