5 0.240234375 0.560546875 0.42578125 0.38671875
2 0.1748046875 0.2197265625 0.212890625 0.357421875
3 0.2890625 0.3798828125 0.578125 0.759765625
1 0.5107421875 0.0078125 0.048828125 0.015625
5 0.5302734375 0.1396484375 0.142578125 0.279296875
5 0.544921875 0.166015625 0.08203125 0.123046875
5 0.6572265625 0.08203125 0.103515625 0.1640625
5 0.7392578125 0.0869140625 0.123046875 0.173828125
5 0.9013671875 0.0595703125 0.076171875 0.119140625
4 0.943359375 0.3779296875 0.05859375 0.03515625
4 0.7880859375 0.40234375 0.052734375 0.04296875
3 0.8974609375 0.212890625 0.185546875 0.42578125
3 0.755859375 0.2255859375 0.21875 0.451171875
3 0.6689453125 0.21484375 0.201171875 0.4296875
3 0.564453125 0.2587890625 0.20703125 0.517578125
0 0.12890625 0.7900390625 0.076171875 0.095703125
5 0.0966796875 0.8837890625 0.111328125 0.232421875
3 0.1337890625 0.8681640625 0.193359375 0.263671875
5 0.7431640625 0.80078125 0.330078125 0.365234375