5 0.4189453125 0.2724609375 0.837890625 0.544921875
5 0.927734375 0.2578125 0.14453125 0.3203125
0 0.89453125 0.2119140625 0.06640625 0.078125
1 0.9560546875 0.2119140625 0.087890625 0.115234375
3 0.9130859375 0.275390625 0.173828125 0.5390625
2 0.9462890625 0.0498046875 0.076171875 0.0859375
1 0.2158203125 0.7177734375 0.0859375 0.08984375
0 0.1015625 0.7451171875 0.0703125 0.126953125
0 0.330078125 0.740234375 0.0625 0.12109375
5 0.2392578125 0.90234375 0.1640625 0.1875
3 0.2216796875 0.8193359375 0.349609375 0.357421875
0 0.91796875 0.689453125 0.05859375 0.1015625
1 0.966796875 0.748046875 0.05859375 0.107421875
5 0.94921875 0.6484375 0.099609375 0.205078125
3 0.916015625 0.771484375 0.1640625 0.45703125