5 0.25390625 0.2958984375 0.5078125 0.580078125
5 0.8583984375 0.02734375 0.134765625 0.0546875
0 0.8330078125 0.08203125 0.044921875 0.07421875
4 0.8505859375 0.3798828125 0.10546875 0.115234375
3 0.8515625 0.2236328125 0.28125 0.447265625
5 0.21875 0.744140625 0.193359375 0.265625
0 0.328125 0.8798828125 0.08203125 0.095703125
3 0.234375 0.765625 0.34765625 0.46875
4 0.6201171875 0.9033203125 0.0859375 0.0703125
4 0.751953125 0.873046875 0.134765625 0.083984375
5 0.68359375 0.5107421875 0.34765625 0.140625
0 0.80859375 0.546875 0.078125 0.07421875
3 0.728515625 0.7138671875 0.4375 0.5546875