5 0.0966796875 0.189453125 0.193359375 0.37890625
3 0.1669921875 0.189453125 0.333984375 0.37890625
0 0.564453125 0.126953125 0.052734375 0.10546875
0 0.78125 0.125 0.0673828125 0.10546875
1 0.66796875 0.083984375 0.0869140625 0.072265625
5 0.68359375 0.333984375 0.166015625 0.091796875
3 0.6708984375 0.201171875 0.365234375 0.3583984375
1 0.08984375 0.4775390625 0.0888671875 0.103515625
0 0.345703125 0.57421875 0.07421875 0.09375
5 0.109375 0.703125 0.1875 0.248046875
3 0.2021484375 0.7041015625 0.404296875 0.591796875
5 0.8505859375 0.8388671875 0.2978515625 0.322265625
2 0.8916015625 0.51953125 0.16796875 0.279296875
3 0.8173828125 0.689453125 0.365234375 0.6201171875