5 0.2333984375 0.4560546875 0.43359375 0.376953125
2 0.1787109375 0.1884765625 0.21484375 0.279296875
3 0.240234375 0.3388671875 0.48046875 0.638671875
5 0.677734375 0.2763671875 0.640625 0.552734375
1 0.18359375 0.8017578125 0.08984375 0.09375
0 0.33203125 0.775390625 0.08203125 0.123046875
5 0.24609375 0.943359375 0.18359375 0.11328125
3 0.2509765625 0.845703125 0.404296875 0.30859375
0 0.5859375 0.8837890625 0.103515625 0.220703125
0 0.86328125 0.6630859375 0.234375 0.302734375
3 0.740234375 0.724609375 0.51953125 0.5390625