5 0.212890625 0.2041015625 0.353515625 0.408203125
3 0.1943359375 0.2041015625 0.388671875 0.408203125
1 0.6103515625 0.1201171875 0.134765625 0.2255859375
1 0.4384765625 0.1943359375 0.0986328125 0.177734375
0 0.44140625 0.3701171875 0.060546875 0.0771484375
5 0.693359375 0.1787109375 0.3359375 0.357421875
5 0.4853515625 0.158203125 0.13671875 0.2451171875
3 0.69921875 0.2041015625 0.365234375 0.408203125
3 0.5244140625 0.2041015625 0.26953125 0.408203125
5 0.2392578125 0.5107421875 0.30078125 0.2041015625
4 0.2392578125 0.9892578125 0.17578125 0.021484375
4 0.125 0.9853515625 0.1826171875 0.029296875
3 0.19921875 0.7041015625 0.3798828125 0.591796875
0 0.529296875 0.4697265625 0.0673828125 0.123046875
0 0.5693359375 0.470703125 0.052734375 0.1201171875
5 0.529296875 0.62890625 0.1923828125 0.2978515625
3 0.525390625 0.7041015625 0.271484375 0.591796875