5 0.3271484375 0.51171875 0.3798828125 0.154296875
2 0.3193359375 0.2353515625 0.1630859375 0.4228515625
3 0.3193359375 0.3056640625 0.5576171875 0.5673828125
5 0.7236328125 0.19921875 0.1298828125 0.2548828125
0 0.833984375 0.263671875 0.115234375 0.10546875
0 0.7763671875 0.0537109375 0.103515625 0.064453125
3 0.8291015625 0.1962890625 0.341796875 0.333984375
5 0.47265625 0.84375 0.373046875 0.3125
2 0.466796875 0.654296875 0.1728515625 0.1298828125
3 0.4267578125 0.7939453125 0.462890625 0.412109375
0 0.8603515625 0.6923828125 0.052734375 0.10546875
1 0.9599609375 0.6494140625 0.0791015625 0.072265625
5 0.9482421875 0.9267578125 0.103515625 0.146484375
3 0.8916015625 0.7939453125 0.216796875 0.412109375