5 0.197265625 0.302734375 0.375 0.3701171875
2 0.193359375 0.0517578125 0.15625 0.103515625
3 0.2197265625 0.244140625 0.439453125 0.48828125
0 0.7197265625 0.244140625 0.560546875 0.48828125
1 0.173828125 0.68359375 0.0458984375 0.09375
5 0.3125 0.685546875 0.177734375 0.123046875
0 0.412109375 0.6884765625 0.0556640625 0.0556640625
3 0.294921875 0.6923828125 0.291015625 0.14453125
0 0.87109375 0.84765625 0.1083984375 0.1005859375
3 0.87109375 0.744140625 0.2568359375 0.51171875
3 0.61328125 0.744140625 0.345703125 0.51171875
2 0.53125 0.513671875 0.1494140625 0.05078125
3 0.46875 0.62890625 0.0576171875 0.28125
6 0.7255859375 0.779296875 0.1318359375 0.11328125
6 0.68359375 0.87890625 0.083984375 0.095703125