5 0.365234375 0.3076171875 0.375 0.2646484375
2 0.373046875 0.087890625 0.1630859375 0.17578125
3 0.3447265625 0.2197265625 0.46875 0.439453125
5 0.748046875 0.146484375 0.146484375 0.240234375
0 0.65234375 0.0205078125 0.060546875 0.041015625
0 0.837890625 0.017578125 0.05859375 0.03515625
3 0.7451171875 0.2197265625 0.3125 0.439453125
5 0.517578125 0.6552734375 0.123046875 0.333984375
0 0.134765625 0.5087890625 0.1630859375 0.1005859375
3 0.314453125 0.7197265625 0.529296875 0.560546875
5 0.96484375 0.599609375 0.0693359375 0.1611328125
0 0.9794921875 0.7119140625 0.041015625 0.0625
4 0.9755859375 0.8759765625 0.0478515625 0.0458984375
1 0.970703125 0.4697265625 0.0576171875 0.060546875
3 0.9541015625 0.671875 0.091796875 0.4638671875