5 0.125 0.2958984375 0.25 0.4853515625
3 0.1630859375 0.2685546875 0.326171875 0.537109375
5 0.806640625 0.3388671875 0.3486328125 0.3994140625
2 0.8056640625 0.0712890625 0.1494140625 0.1416015625
3 0.791015625 0.26953125 0.41796875 0.5380859375
5 0.3291015625 0.64453125 0.2978515625 0.2119140625
1 0.0576171875 0.654296875 0.115234375 0.20703125
3 0.2392578125 0.6650390625 0.478515625 0.251953125
1 0.84375 0.6005859375 0.0625 0.029296875
0 0.8212890625 0.7646484375 0.0263671875 0.04296875
5 0.8349609375 0.6943359375 0.0791015625 0.1103515625
4 0.810546875 0.88671875 0.0693359375 0.0166015625
4 0.875 0.8798828125 0.0576171875 0.021484375
3 0.8544921875 0.7490234375 0.1826171875 0.3271484375