5 0.2197265625 0.1943359375 0.439453125 0.388671875
1 0.48046875 0.2041015625 0.08203125 0.154296875
0 0.8525390625 0.296875 0.09375 0.0576171875
0 0.8916015625 0.0791015625 0.123046875 0.1103515625
5 0.71484375 0.185546875 0.279296875 0.185546875
3 0.7197265625 0.19921875 0.560546875 0.3798828125
5 0.087890625 0.701171875 0.16796875 0.3271484375
3 0.1240234375 0.6943359375 0.248046875 0.6103515625
6 0.0224609375 0.4892578125 0.044921875 0.064453125
6 0.13671875 0.482421875 0.05078125 0.0625
2 0.0791015625 0.4638671875 0.0869140625 0.1416015625
0 0.44921875 0.544921875 0.01953125 0.083984375
0 0.541015625 0.501953125 0.05078125 0.08203125
5 0.5068359375 0.5947265625 0.134765625 0.2431640625
4 0.4697265625 0.9853515625 0.060546875 0.029296875
4 0.5400390625 0.9873046875 0.060546875 0.025390625
3 0.54296875 0.6943359375 0.20703125 0.6103515625
2 0.4736328125 0.421875 0.0673828125 0.064453125