3 0.1103515625 0.3359375 0.220703125 0.5078125
5 0.5693359375 0.3447265625 0.30859375 0.26171875
1 0.5400390625 0.12890625 0.21484375 0.12109375
3 0.5673828125 0.2626953125 0.427734375 0.439453125
4 0.2294921875 0.7998046875 0.150390625 0.169921875
4 0.3984375 0.8095703125 0.15625 0.189453125
3 0.2490234375 0.734375 0.482421875 0.48046875
5 0.5361328125 0.505859375 0.087890625 0.10546875
5 0.63671875 0.5244140625 0.11328125 0.15234375
0 0.87109375 0.4130859375 0.08984375 0.087890625
3 0.5458984375 0.552734375 0.111328125 0.197265625
3 0.806640625 0.640625 0.38671875 0.5546875
3 0.9130859375 0.603515625 0.173828125 0.51171875
6 0.8154296875 0.4013671875 0.060546875 0.037109375