5 0.2646484375 0.2548828125 0.529296875 0.509765625
5 0.6845703125 0.21484375 0.259765625 0.4296875
3 0.5869140625 0.2548828125 0.115234375 0.509765625
3 0.71484375 0.2548828125 0.32421875 0.509765625
6 0.7763671875 0.1455078125 0.07421875 0.103515625
6 0.8447265625 0.232421875 0.07421875 0.083984375
6 0.6142578125 0.177734375 0.091796875 0.123046875
6 0.6005859375 0.2236328125 0.072265625 0.0791015625
5 0.171875 0.6201171875 0.2431640625 0.220703125
0 0.12890625 0.7822265625 0.0869140625 0.0693359375
4 0.0869140625 0.916015625 0.1728515625 0.1005859375
4 0.181640625 0.9541015625 0.1943359375 0.091796875
3 0.150390625 0.7548828125 0.30078125 0.490234375
5 0.7666015625 0.720703125 0.466796875 0.4228515625