5 0.4736328125 0.30859375 0.935546875 0.6171875
5 0.93359375 0.361328125 0.1328125 0.34375
0 0.94921875 0.3076171875 0.08203125 0.08984375
1 0.9765625 0.322265625 0.046875 0.1328125
3 0.904296875 0.375 0.19140625 0.5625
1 0.173828125 0.6484375 0.103515625 0.107421875
0 0.056640625 0.6494140625 0.095703125 0.13671875
0 0.2802734375 0.6953125 0.087890625 0.130859375
5 0.1552734375 0.833984375 0.201171875 0.21875
3 0.1826171875 0.7490234375 0.365234375 0.423828125
0 0.8642578125 0.779296875 0.080078125 0.111328125
1 0.8984375 0.8466796875 0.08203125 0.1171875
5 0.904296875 0.74609375 0.142578125 0.220703125
3 0.8447265625 0.8095703125 0.263671875 0.380859375