5 0.3037109375 0.2392578125 0.607421875 0.478515625
0 0.6630859375 0.078125 0.07421875 0.0693359375
0 0.6806640625 0.3115234375 0.091796875 0.0673828125
5 0.6396484375 0.193359375 0.0625 0.166015625
4 0.8857421875 0.2041015625 0.052734375 0.0458984375
4 0.93359375 0.146484375 0.0478515625 0.041015625
3 0.802734375 0.212890625 0.3896484375 0.314453125
1 0.3076171875 0.62890625 0.126953125 0.1416015625
3 0.517578125 0.8232421875 0.1806640625 0.353515625
3 0.2998046875 0.7626953125 0.361328125 0.474609375
3 0.08203125 0.7646484375 0.1630859375 0.470703125
2 0.552734375 0.72265625 0.0791015625 0.123046875
5 0.890625 0.50390625 0.1611328125 0.05078125
4 0.8662109375 0.876953125 0.064453125 0.07421875
4 0.9580078125 0.85546875 0.083984375 0.072265625
3 0.861328125 0.7119140625 0.2763671875 0.466796875