5 0.3115234375 0.2412109375 0.623046875 0.482421875
0 0.677734375 0.083984375 0.076171875 0.072265625
0 0.6875 0.318359375 0.09375 0.0703125
5 0.650390625 0.1982421875 0.068359375 0.16796875
4 0.8955078125 0.2177734375 0.0546875 0.046875
4 0.9453125 0.162109375 0.048828125 0.04296875
3 0.8056640625 0.22265625 0.388671875 0.328125
1 0.3037109375 0.6220703125 0.130859375 0.146484375
3 0.5048828125 0.8212890625 0.193359375 0.357421875
3 0.291015625 0.755859375 0.376953125 0.486328125
3 0.0810546875 0.75 0.162109375 0.4765625
2 0.544921875 0.724609375 0.083984375 0.125
5 0.890625 0.517578125 0.162109375 0.056640625
4 0.8525390625 0.8896484375 0.06640625 0.076171875
4 0.9453125 0.87109375 0.0859375 0.07421875
3 0.853515625 0.724609375 0.29296875 0.4765625