3 0.3203125 0.271484375 0.22265625 0.54296875
5 0.85546875 0.162109375 0.189453125 0.26953125
4 0.8076171875 0.57421875 0.0546875 0.037109375
4 0.86328125 0.5830078125 0.07421875 0.033203125
3 0.76953125 0.30859375 0.4609375 0.6015625
0 0.2255859375 0.7509765625 0.296875 0.466796875
4 0.400390625 0.8837890625 0.12890625 0.0703125
4 0.55859375 0.8935546875 0.130859375 0.076171875
0 0.7021484375 0.6015625 0.072265625 0.052734375
0 0.3935546875 0.5673828125 0.046875 0.044921875
3 0.5517578125 0.7724609375 0.443359375 0.455078125