5 0.2041015625 0.189453125 0.408203125 0.37890625
0 0.44140625 0.1943359375 0.041015625 0.1103515625
0 0.6025390625 0.1298828125 0.0625 0.123046875
5 0.5302734375 0.1044921875 0.17578125 0.208984375
3 0.5556640625 0.189453125 0.294921875 0.37890625
1 0.7041015625 0.689453125 0.064453125 0.029296875
5 0.7080078125 0.787109375 0.07421875 0.115234375
0 0.6474609375 0.8388671875 0.0361328125 0.0380859375
0 0.75390625 0.859375 0.0361328125 0.0458984375
4 0.67578125 0.990234375 0.072265625 0.0166015625
4 0.7392578125 0.9853515625 0.0625 0.01953125
3 0.7041015625 0.8291015625 0.197265625 0.341796875