5 0.173828125 0.2646484375 0.34765625 0.529296875
1 0.4541015625 0.119140625 0.1201171875 0.17578125
5 0.79296875 0.1142578125 0.384765625 0.228515625
0 0.962890625 0.255859375 0.07421875 0.0986328125
3 0.6953125 0.166015625 0.609375 0.33203125
1 0.115234375 0.5615234375 0.04296875 0.064453125
5 0.21875 0.55859375 0.1298828125 0.060546875
0 0.265625 0.625 0.04296875 0.0478515625
0 0.28515625 0.537109375 0.0556640625 0.0166015625
3 0.2041015625 0.6005859375 0.2880859375 0.14453125
4 0.654296875 0.96875 0.0771484375 0.0625
0 0.517578125 0.7138671875 0.052734375 0.08203125
0 0.76171875 0.673828125 0.052734375 0.0625
5 0.6318359375 0.609375 0.1875 0.1611328125
3 0.6494140625 0.7646484375 0.341796875 0.470703125