5 0.3408203125 0.189453125 0.654296875 0.37890625
1 0.9609375 0.2197265625 0.078125 0.115234375
5 0.9326171875 0.3427734375 0.134765625 0.07421875
0 0.5712890625 0.416015625 0.11328125 0.072265625
0 0.556640625 0.68359375 0.125 0.072265625
5 0.4072265625 0.53515625 0.28125 0.208984375
1 0.1708984375 0.546875 0.09375 0.14453125
3 0.3681640625 0.55078125 0.6005859375 0.341796875
4 0.8662109375 0.986328125 0.060546875 0.0263671875
0 0.7548828125 0.7451171875 0.04296875 0.0888671875
5 0.900390625 0.6005859375 0.19921875 0.2646484375
1 0.8896484375 0.388671875 0.134765625 0.0166015625
3 0.8564453125 0.6884765625 0.287109375 0.619140625