5 0.283203125 0.3359375 0.56640625 0.671875
5 0.70703125 0.4296875 0.337890625 0.388671875
1 0.9267578125 0.0634765625 0.083984375 0.126953125
1 0.63671875 0.0498046875 0.203125 0.099609375
3 0.748046875 0.3115234375 0.47265625 0.623046875
3 0.9296875 0.2958984375 0.140625 0.591796875
4 0.1640625 0.974609375 0.05859375 0.05078125
4 0.2197265625 0.97265625 0.072265625 0.0546875
3 0.2197265625 0.8193359375 0.412109375 0.361328125
0 0.650390625 0.6552734375 0.07421875 0.08203125
5 0.908203125 0.708984375 0.18359375 0.24609375
3 0.80078125 0.7861328125 0.3984375 0.404296875