5 0.2041015625 0.259765625 0.408203125 0.51953125
0 0.470703125 0.2177734375 0.0771484375 0.0869140625
5 0.48046875 0.3701171875 0.14453125 0.2978515625
3 0.51171875 0.291015625 0.20703125 0.45703125
2 0.455078125 0.13671875 0.07421875 0.123046875
1 0.1650390625 0.83203125 0.0673828125 0.115234375
5 0.3291015625 0.8330078125 0.158203125 0.1943359375
3 0.2666015625 0.818359375 0.283203125 0.32421875
0 0.556640625 0.87890625 0.1943359375 0.1728515625
5 0.7041015625 0.833984375 0.591796875 0.33203125
3 0.7041015625 0.759765625 0.591796875 0.48046875