5 0.2783203125 0.314453125 0.556640625 0.62890625
5 0.7119140625 0.4482421875 0.3076171875 0.36328125
1 0.96484375 0.08203125 0.0693359375 0.1630859375
1 0.6767578125 0.052734375 0.1943359375 0.10546875
3 0.7666015625 0.314453125 0.419921875 0.62890625
3 0.9521484375 0.314453125 0.095703125 0.62890625
4 0.123046875 0.9599609375 0.052734375 0.0791015625
4 0.1796875 0.9609375 0.06640625 0.078125
3 0.19140625 0.814453125 0.3818359375 0.3701171875
0 0.63671875 0.66796875 0.0673828125 0.0771484375
5 0.9013671875 0.7451171875 0.1875 0.23046875
3 0.7958984375 0.814453125 0.408203125 0.3701171875