5 0.2744140625 0.3330078125 0.5478515625 0.478515625
1 0.5927734375 0.1416015625 0.083984375 0.091796875
0 0.822265625 0.203125 0.07421875 0.1005859375
5 0.619140625 0.427734375 0.1416015625 0.33203125
3 0.734375 0.3662109375 0.373046875 0.564453125
0 0.474609375 0.6943359375 0.1083984375 0.091796875
3 0.447265625 0.82421875 0.2021484375 0.3505859375
3 0.1943359375 0.8232421875 0.388671875 0.349609375
6 0.328125 0.6630859375 0.1318359375 0.029296875
6 0.287109375 0.72265625 0.083984375 0.095703125
1 0.8603515625 0.921875 0.04296875 0.0673828125
5 0.94921875 0.91015625 0.1005859375 0.0791015625
0 0.994140625 0.98046875 0.01171875 0.0380859375
3 0.90234375 0.9208984375 0.1943359375 0.158203125