5 0.333984375 0.3193359375 0.66796875 0.638671875
5 0.7177734375 0.4970703125 0.380859375 0.423828125
1 0.7724609375 0.103515625 0.212890625 0.146484375
3 0.7626953125 0.37890625 0.474609375 0.70703125
3 0.9326171875 0.4208984375 0.134765625 0.634765625
4 0.03125 0.86328125 0.0625 0.08984375
4 0.083984375 0.876953125 0.08203125 0.091796875
3 0.177734375 0.7373046875 0.35546875 0.447265625
0 0.595703125 0.6943359375 0.083984375 0.08984375
5 0.8359375 0.8291015625 0.234375 0.267578125
3 0.716796875 0.8232421875 0.48046875 0.353515625