5 0.2294921875 0.2421875 0.458984375 0.47265625
5 0.7802734375 0.1513671875 0.384765625 0.302734375
0 0.951171875 0.27734375 0.05859375 0.068359375
0 0.646484375 0.310546875 0.060546875 0.0703125
3 0.7578125 0.203125 0.45703125 0.40625
1 0.2724609375 0.57421875 0.06640625 0.037109375
5 0.287109375 0.669921875 0.087890625 0.123046875
0 0.2333984375 0.728515625 0.041015625 0.04296875
0 0.3408203125 0.736328125 0.041015625 0.05078125
4 0.279296875 0.875 0.07421875 0.025390625
4 0.341796875 0.86328125 0.064453125 0.02734375
3 0.2919921875 0.73046875 0.244140625 0.396484375
0 0.6630859375 0.6884765625 0.08984375 0.10546875