5 0.1650390625 0.234375 0.3291015625 0.46875
5 0.478515625 0.1298828125 0.16796875 0.166015625
3 0.4833984375 0.234375 0.2451171875 0.46875
0 0.2607421875 0.8330078125 0.13671875 0.333984375
1 0.685546875 0.51171875 0.064453125 0.029296875
5 0.6884765625 0.609375 0.07421875 0.115234375
0 0.62890625 0.6611328125 0.0361328125 0.0380859375
0 0.734375 0.681640625 0.0361328125 0.0458984375
4 0.65625 0.8125 0.072265625 0.0166015625
4 0.7197265625 0.8076171875 0.060546875 0.01953125
3 0.6865234375 0.669921875 0.19921875 0.375