5 0.3095703125 0.2568359375 0.607421875 0.513671875
5 0.8876953125 0.345703125 0.224609375 0.28125
0 0.8681640625 0.51953125 0.1015625 0.087890625
1 0.9453125 0.1201171875 0.109375 0.103515625
3 0.8642578125 0.328125 0.271484375 0.55078125
0 0.2021484375 0.5263671875 0.09765625 0.083984375
4 0.1259765625 0.6494140625 0.208984375 0.13671875
4 0.2197265625 0.716796875 0.212890625 0.1484375
3 0.1923828125 0.611328125 0.384765625 0.37890625
5 0.67578125 0.6142578125 0.37109375 0.203125
0 0.8779296875 0.7412109375 0.14453125 0.103515625