5 0.3916015625 0.25390625 0.740234375 0.5078125
0 0.865234375 0.453125 0.26953125 0.5078125
1 0.0244140625 0.4921875 0.048828125 0.0546875
1 0.375 0.5673828125 0.0703125 0.03125
1 0.478515625 0.6123046875 0.0703125 0.064453125
5 0.1396484375 0.7666015625 0.185546875 0.30859375
5 0.3486328125 0.740234375 0.162109375 0.291015625
5 0.439453125 0.806640625 0.166015625 0.2734375
1 0.1953125 0.55859375 0.0859375 0.09765625
0 0.3798828125 0.810546875 0.06640625 0.07421875
0 0.0302734375 0.814453125 0.060546875 0.0859375
3 0.0478515625 0.67578125 0.095703125 0.42578125
3 0.13671875 0.7109375 0.2734375 0.4453125
3 0.3369140625 0.7626953125 0.275390625 0.443359375
3 0.44921875 0.7841796875 0.26953125 0.431640625
5 0.90234375 0.84765625 0.12109375 0.3046875
3 0.8642578125 0.8408203125 0.197265625 0.318359375