5 0.224609375 0.1142578125 0.44921875 0.228515625
5 0.71875 0.0400390625 0.2744140625 0.0791015625
3 0.724609375 0.1142578125 0.55078125 0.228515625
5 0.224609375 0.6259765625 0.44921875 0.46875
1 0.6708984375 0.4599609375 0.04296875 0.0673828125
5 0.7744140625 0.44921875 0.1298828125 0.0791015625
0 0.8212890625 0.5244140625 0.04296875 0.0478515625
0 0.83984375 0.41796875 0.0556640625 0.0556640625
4 0.96875 0.498046875 0.03125 0.0673828125
4 0.96484375 0.4306640625 0.033203125 0.0673828125
3 0.8076171875 0.4755859375 0.384765625 0.1923828125