5 0.1923828125 0.2568359375 0.384765625 0.455078125
0 0.37890625 0.212890625 0.0625 0.1171875
0 0.5234375 0.1162109375 0.0859375 0.1328125
5 0.447265625 0.11328125 0.21484375 0.2265625
3 0.490234375 0.2001953125 0.3671875 0.400390625
1 0.7392578125 0.642578125 0.068359375 0.04296875
5 0.7626953125 0.7373046875 0.095703125 0.12890625
0 0.71484375 0.80078125 0.04296875 0.044921875
0 0.8232421875 0.798828125 0.044921875 0.052734375
4 0.7734375 0.943359375 0.07421875 0.03125
4 0.8349609375 0.9248046875 0.064453125 0.03125
3 0.767578125 0.779296875 0.263671875 0.375