5 0.3330078125 0.259765625 0.662109375 0.51953125
1 0.8955078125 0.2841796875 0.0859375 0.134765625
0 0.8359375 0.3095703125 0.0625 0.09375
0 0.9404296875 0.3251953125 0.05859375 0.080078125
5 0.8837890625 0.5400390625 0.193359375 0.181640625
3 0.857421875 0.4306640625 0.28515625 0.474609375
0 0.328125 0.681640625 0.068359375 0.123046875
4 0.443359375 0.982421875 0.1875 0.03515625
3 0.439453125 0.794921875 0.4921875 0.41015625
5 0.734375 0.8505859375 0.1796875 0.298828125
0 0.7880859375 0.712890625 0.05859375 0.130859375
3 0.7763671875 0.8193359375 0.259765625 0.361328125