5 0.306640625 0.25390625 0.61328125 0.5068359375
1 0.87109375 0.244140625 0.072265625 0.126953125
0 0.814453125 0.275390625 0.052734375 0.0888671875
0 0.919921875 0.2802734375 0.05078125 0.07421875
5 0.8857421875 0.5 0.177734375 0.1630859375
3 0.8642578125 0.392578125 0.271484375 0.44921875
0 0.34765625 0.6982421875 0.0556640625 0.1181640625
4 0.494140625 0.9892578125 0.185546875 0.021484375
3 0.47265625 0.80859375 0.4541015625 0.3818359375
5 0.7724609375 0.8408203125 0.146484375 0.318359375
0 0.80859375 0.681640625 0.0458984375 0.126953125
3 0.810546875 0.80859375 0.220703125 0.3818359375