5 0.232421875 0.234375 0.4375 0.396484375
0 0.583984375 0.107421875 0.0859375 0.0625
0 0.71875 0.109375 0.0859375 0.078125
5 0.6513671875 0.197265625 0.1796875 0.259765625
3 0.630859375 0.244140625 0.375 0.48828125
1 0.162109375 0.4541015625 0.32421875 0.166015625
0 0.0478515625 0.6865234375 0.095703125 0.259765625
3 0.1796875 0.6708984375 0.359375 0.599609375
1 0.9326171875 0.6337890625 0.09765625 0.134765625
5 0.86328125 0.8125 0.197265625 0.26171875
0 0.7919921875 0.970703125 0.060546875 0.05859375
3 0.83203125 0.763671875 0.32421875 0.47265625