5 0.1630859375 0.30859375 0.326171875 0.52734375
5 0.40234375 0.142578125 0.19921875 0.197265625
3 0.4287109375 0.2490234375 0.337890625 0.498046875
0 0.333984375 0.8486328125 0.203125 0.302734375
1 0.68359375 0.47265625 0.068359375 0.04296875
5 0.70703125 0.5673828125 0.095703125 0.12890625
0 0.6591796875 0.630859375 0.04296875 0.044921875
0 0.7666015625 0.62890625 0.044921875 0.052734375
4 0.7177734375 0.7734375 0.07421875 0.03125
4 0.779296875 0.7548828125 0.0625 0.03125
3 0.7177734375 0.626953125 0.2734375 0.408203125