5 0.275390625 0.3447265625 0.55078125 0.505859375
1 0.57421875 0.1376953125 0.087890625 0.095703125
0 0.806640625 0.1865234375 0.080078125 0.103515625
5 0.615234375 0.421875 0.158203125 0.33984375
3 0.7275390625 0.3544921875 0.40234375 0.583984375
0 0.484375 0.6953125 0.11328125 0.09765625
3 0.4638671875 0.822265625 0.220703125 0.35546875
3 0.2109375 0.8271484375 0.40625 0.345703125
6 0.3369140625 0.671875 0.1328125 0.037109375
6 0.298828125 0.7333984375 0.08984375 0.099609375
1 0.8818359375 0.90234375 0.046875 0.0703125
5 0.9580078125 0.8857421875 0.083984375 0.083984375
3 0.9111328125 0.8984375 0.177734375 0.16796875