5 0.19140625 0.3173828125 0.3828125 0.384765625
0 0.47265625 0.099609375 0.083984375 0.060546875
0 0.6025390625 0.064453125 0.083984375 0.076171875
5 0.5625 0.16796875 0.171875 0.255859375
3 0.5546875 0.228515625 0.359375 0.45703125
1 0.162109375 0.55078125 0.32421875 0.15625
0 0.091796875 0.8115234375 0.142578125 0.2578125
3 0.20703125 0.7333984375 0.4140625 0.533203125
1 0.953125 0.509765625 0.09375 0.130859375
5 0.919921875 0.69921875 0.16015625 0.2578125
0 0.916015625 0.8916015625 0.056640625 0.099609375
3 0.8740234375 0.6953125 0.251953125 0.5390625