5 0.208984375 0.2646484375 0.41796875 0.529296875
5 0.6240234375 0.384765625 0.1708984375 0.2880859375
0 0.7119140625 0.51171875 0.033203125 0.033203125
0 0.51171875 0.5107421875 0.0380859375 0.0361328125
1 0.62890625 0.1142578125 0.0986328125 0.095703125
5 0.3017578125 0.6826171875 0.1494140625 0.251953125
0 0.18359375 0.8271484375 0.05078125 0.083984375
0 0.3349609375 0.5849609375 0.083984375 0.060546875
3 0.2822265625 0.7646484375 0.26171875 0.470703125
1 0.580078125 0.9384765625 0.0458984375 0.091796875
5 0.71875 0.9384765625 0.177734375 0.123046875
0 0.8271484375 0.9443359375 0.072265625 0.0576171875
4 0.98046875 0.9287109375 0.0380859375 0.103515625
3 0.77734375 0.9375 0.4443359375 0.125