5 0.2548828125 0.1103515625 0.509765625 0.220703125
1 0.7353515625 0.0947265625 0.134765625 0.189453125
1 0.5625 0.1552734375 0.10546875 0.177734375
0 0.736328125 0.5068359375 0.103515625 0.04296875
0 0.580078125 0.498046875 0.083984375 0.0625
0 0.5673828125 0.3486328125 0.060546875 0.115234375
5 0.818359375 0.158203125 0.3359375 0.31640625
5 0.609375 0.1201171875 0.13671875 0.240234375
3 0.8203125 0.2646484375 0.359375 0.529296875
3 0.6474609375 0.2646484375 0.271484375 0.529296875
5 0.2548828125 0.7646484375 0.509765625 0.470703125
1 0.947265625 0.5576171875 0.10546875 0.0576171875
5 0.9013671875 0.876953125 0.197265625 0.2451171875