1 0.099609375 0.1474609375 0.19921875 0.212890625
3 0.203125 0.369140625 0.40625 0.6953125
5 0.607421875 0.2099609375 0.251953125 0.2890625
0 0.7509765625 0.3505859375 0.080078125 0.072265625
4 0.578125 0.5732421875 0.076171875 0.138671875
4 0.724609375 0.5537109375 0.12109375 0.142578125
1 0.5400390625 0.009765625 0.146484375 0.01953125
3 0.6591796875 0.3203125 0.380859375 0.640625
1 0.08984375 0.7294921875 0.126953125 0.05859375
5 0.5 0.8759765625 0.21484375 0.248046875
5 0.1474609375 0.953125 0.185546875 0.09375
3 0.1591796875 0.8427734375 0.267578125 0.314453125
1 0.728515625 0.7763671875 0.20703125 0.216796875
3 0.7822265625 0.8125 0.435546875 0.35546875