5 0.6103515625 0.2548828125 0.134765625 0.208984375
4 0.9580078125 0.1708984375 0.07421875 0.142578125
4 0.9111328125 0.30078125 0.080078125 0.099609375
3 0.7685546875 0.212890625 0.458984375 0.333984375
6 0.681640625 0.10546875 0.064453125 0.048828125
1 0.3408203125 0.5458984375 0.064453125 0.111328125
0 0.2646484375 0.671875 0.04296875 0.0703125
0 0.3037109375 0.673828125 0.025390625 0.068359375
1 0.51953125 0.85546875 0.064453125 0.076171875
3 0.3115234375 0.712890625 0.2421875 0.451171875
1 0.58203125 0.697265625 0.0625 0.15234375
3 0.6318359375 0.806640625 0.1640625 0.384765625