1 0.107421875 0.0322265625 0.125 0.052734375
5 0.0869140625 0.3388671875 0.173828125 0.416015625
3 0.193359375 0.0849609375 0.1015625 0.162109375
3 0.1298828125 0.275390625 0.259765625 0.54296875
3 0.2802734375 0.0771484375 0.041015625 0.146484375
5 0.65625 0.1484375 0.248046875 0.22265625
0 0.8310546875 0.2890625 0.052734375 0.07421875
0 0.49609375 0.296875 0.0703125 0.064453125
4 0.5595703125 0.443359375 0.0859375 0.095703125
4 0.705078125 0.48046875 0.08984375 0.109375
3 0.6630859375 0.26953125 0.447265625 0.5390625
5 0.1103515625 0.6787109375 0.193359375 0.26953125
4 0.060546875 0.986328125 0.10546875 0.02734375
3 0.10546875 0.7705078125 0.2109375 0.458984375
5 0.462890625 0.767578125 0.30859375 0.46484375
5 0.751953125 0.7744140625 0.314453125 0.44921875
5 0.9453125 0.759765625 0.109375 0.46484375
3 0.46484375 0.767578125 0.31640625 0.46484375
3 0.755859375 0.763671875 0.322265625 0.46875
6 0.9560546875 0.9658203125 0.087890625 0.052734375
6 0.5439453125 0.849609375 0.09765625 0.150390625