1 0.138671875 0.3056640625 0.27734375 0.228515625
3 0.36328125 0.197265625 0.15625 0.361328125
5 0.70703125 0.1826171875 0.34375 0.33203125
3 0.6884765625 0.181640625 0.580078125 0.36328125
5 0.1787109375 0.4814453125 0.3046875 0.201171875
0 0.0224609375 0.587890625 0.0390625 0.0703125
0 0.2412109375 0.6103515625 0.115234375 0.091796875
4 0.1884765625 0.8125 0.19140625 0.150390625
4 0.11328125 0.7763671875 0.17578125 0.13671875
3 0.2138671875 0.646484375 0.427734375 0.546875
5 0.716796875 0.6728515625 0.248046875 0.22265625
0 0.5810546875 0.8212890625 0.07421875 0.068359375
0 0.8857421875 0.76953125 0.044921875 0.06640625
4 0.8076171875 0.9248046875 0.09375 0.091796875
4 0.70703125 0.9462890625 0.08984375 0.07421875
1 0.697265625 0.498046875 0.146484375 0.078125
3 0.720703125 0.71875 0.43359375 0.552734375