5 0.2861328125 0.216796875 0.083984375 0.43359375
3 0.2548828125 0.2578125 0.146484375 0.515625
6 0.23046875 0.0283203125 0.06640625 0.056640625
1 0.9072265625 0.2890625 0.185546875 0.4765625
5 0.1953125 0.84375 0.244140625 0.306640625
3 0.1787109375 0.75390625 0.279296875 0.484375
1 0.4375 0.5703125 0.087890625 0.095703125
0 0.3681640625 0.63671875 0.072265625 0.115234375
0 0.5185546875 0.6337890625 0.076171875 0.107421875
5 0.458984375 0.78125 0.166015625 0.232421875
3 0.4521484375 0.765625 0.283203125 0.46875