5 0.1240234375 0.412109375 0.248046875 0.30078125
1 0.345703125 0.2109375 0.21875 0.3046875
3 0.1669921875 0.2890625 0.333984375 0.546875
3 0.3583984375 0.291015625 0.3046875 0.501953125
5 0.8525390625 0.2265625 0.2734375 0.296875
0 0.7412109375 0.4375 0.11328125 0.09375
1 0.8583984375 0.0068359375 0.197265625 0.013671875
3 0.8056640625 0.2529296875 0.388671875 0.505859375
1 0.1455078125 0.755859375 0.26171875 0.15625
3 0.2578125 0.8349609375 0.484375 0.330078125
1 0.7177734375 0.5810546875 0.26171875 0.181640625
5 0.7451171875 0.9228515625 0.326171875 0.142578125
5 0.8994140625 0.8251953125 0.201171875 0.294921875
3 0.7548828125 0.73828125 0.490234375 0.51953125
3 0.892578125 0.7236328125 0.21484375 0.498046875