5 0.2607421875 0.390625 0.28125 0.376953125
3 0.2568359375 0.2900390625 0.341796875 0.5791015625
2 0.271484375 0.1044921875 0.1494140625 0.208984375
1 0.8427734375 0.0302734375 0.0888671875 0.060546875
0 0.7666015625 0.072265625 0.0693359375 0.1181640625
0 0.9365234375 0.0732421875 0.072265625 0.1181640625
5 0.859375 0.2294921875 0.1611328125 0.2353515625
3 0.845703125 0.2900390625 0.3076171875 0.5791015625
5 0.294921875 0.953125 0.5888671875 0.09375
1 0.9619140625 0.751953125 0.029296875 0.0361328125
0 0.986328125 0.814453125 0.021484375 0.0263671875
3 0.9697265625 0.84375 0.060546875 0.23046875