1 0.234375 0.0732421875 0.18359375 0.146484375
5 0.1845703125 0.45703125 0.33984375 0.3671875
1 0.5595703125 0.3798828125 0.041015625 0.146484375
3 0.2353515625 0.322265625 0.435546875 0.64453125
3 0.53125 0.4794921875 0.09765625 0.34765625
6 0.2119140625 0.5947265625 0.095703125 0.083984375
4 0.775390625 0.5126953125 0.42578125 0.32421875
4 0.71484375 0.181640625 0.216796875 0.3515625
0 0.5107421875 0.6640625 0.07421875 0.033203125
0 0.2275390625 0.658203125 0.091796875 0.05078125
4 0.451171875 0.857421875 0.11328125 0.15234375
4 0.28515625 0.8505859375 0.103515625 0.150390625
3 0.34375 0.7900390625 0.435546875 0.3203125