1 0.1474609375 0.1806640625 0.294921875 0.291015625
5 0.1689453125 0.4658203125 0.337890625 0.197265625
3 0.1689453125 0.2998046875 0.337890625 0.529296875
5 0.5205078125 0.193359375 0.533203125 0.38671875
3 0.54296875 0.2529296875 0.578125 0.505859375
1 0.0625 0.640625 0.1171875 0.181640625
5 0.16015625 0.9267578125 0.19921875 0.146484375
5 0.337890625 0.87890625 0.1796875 0.2421875
3 0.2099609375 0.75390625 0.412109375 0.4921875
3 0.3125 0.7529296875 0.23046875 0.494140625
5 0.705078125 0.5732421875 0.1875 0.27734375
0 0.8779296875 0.5498046875 0.064453125 0.078125
0 0.69140625 0.498046875 0.06640625 0.099609375
3 0.77734375 0.6943359375 0.3828125 0.564453125