1 0.1650390625 0.123046875 0.3291015625 0.16796875
5 0.2080078125 0.55078125 0.416015625 0.2978515625
0 0.3974609375 0.66015625 0.2431640625 0.0791015625
3 0.2744140625 0.3662109375 0.5478515625 0.666015625
5 0.685546875 0.224609375 0.248046875 0.2568359375
0 0.6474609375 0.3916015625 0.0869140625 0.0576171875
4 0.6767578125 0.5986328125 0.1923828125 0.125
4 0.6416015625 0.544921875 0.166015625 0.1318359375
1 0.677734375 0.015625 0.1923828125 0.03125
3 0.6826171875 0.337890625 0.26953125 0.67578125
0 0.0244140625 0.775390625 0.04296875 0.083984375
5 0.0244140625 0.87109375 0.0478515625 0.21875
5 0.931640625 0.884765625 0.13671875 0.23046875
3 0.8701171875 0.849609375 0.259765625 0.30078125