5 0.125 0.1953125 0.25 0.3828125
5 0.5751953125 0.189453125 0.177734375 0.37890625
3 0.470703125 0.1904296875 0.38671875 0.380859375
3 0.146484375 0.1943359375 0.29296875 0.384765625
6 0.42578125 0.0634765625 0.111328125 0.0703125
5 0.2861328125 0.4609375 0.220703125 0.158203125
0 0.4345703125 0.5458984375 0.05859375 0.06640625
0 0.1748046875 0.5888671875 0.09765625 0.0625
4 0.24609375 0.7919921875 0.1640625 0.134765625
4 0.306640625 0.7412109375 0.10546875 0.1171875
3 0.28125 0.6220703125 0.373046875 0.482421875
6 0.8271484375 0.765625 0.04296875 0.0703125