1 0.052734375 0.1552734375 0.0361328125 0.04296875
1 0.2197265625 0.36328125 0.125 0.1396484375
1 0.32421875 0.1552734375 0.04296875 0.04296875
1 0.3544921875 0.1025390625 0.0263671875 0.03125
1 0.44921875 0.1826171875 0.04296875 0.0673828125
1 0.466796875 0.1044921875 0.0244140625 0.03125
1 0.5634765625 0.15625 0.0478515625 0.04296875
1 0.7041015625 0.21875 0.05078125 0.05078125
1 0.8349609375 0.0986328125 0.0244140625 0.033203125
1 0.978515625 0.37109375 0.04296875 0.0693359375
1 0.841796875 0.5244140625 0.1416015625 0.16796875
1 0.5830078125 0.6630859375 0.095703125 0.1298828125
5 0.1806640625 0.73828125 0.1923828125 0.4619140625
5 0.56640625 0.8544921875 0.1806640625 0.291015625
5 0.787109375 0.8154296875 0.15234375 0.369140625
6 0.669921875 0.9267578125 0.07421875 0.123046875
6 0.88671875 0.833984375 0.0625 0.126953125
6 0.6083984375 0.2880859375 0.0263671875 0.05078125
6 0.5244140625 0.2880859375 0.0244140625 0.0361328125
6 0.7099609375 0.373046875 0.0361328125 0.052734375
0 0.7333984375 0.41015625 0.033203125 0.05078125
3 0.056640625 0.287109375 0.0888671875 0.310546875
3 0.3056640625 0.3388671875 0.1005859375 0.4111328125
3 0.22265625 0.6455078125 0.28125 0.708984375
3 0.541015625 0.767578125 0.2353515625 0.4638671875
3 0.7744140625 0.7177734375 0.279296875 0.5625
3 0.666015625 0.369140625 0.1298828125 0.365234375
3 0.564453125 0.2646484375 0.1005859375 0.26171875
3 0.42578125 0.43359375 0.103515625 0.1923828125
3 0.427734375 0.29296875 0.0888671875 0.2880859375