5 0.2509765625 0.416015625 0.318359375 0.404296875
3 0.236328125 0.31640625 0.400390625 0.611328125
2 0.2314453125 0.130859375 0.169921875 0.22265625
1 0.791015625 0.015625 0.09375 0.03125
0 0.720703125 0.0546875 0.08203125 0.109375
0 0.8896484375 0.0458984375 0.083984375 0.091796875
5 0.8291015625 0.193359375 0.185546875 0.25
3 0.8193359375 0.279296875 0.361328125 0.55859375
5 0.3427734375 0.947265625 0.595703125 0.10546875
1 0.984375 0.701171875 0.03125 0.0390625
3 0.98046875 0.7919921875 0.0390625 0.236328125