3 0.1435546875 0.32421875 0.287109375 0.6484375
3 0.5048828125 0.32421875 0.103515625 0.6484375
5 0.798828125 0.2763671875 0.208984375 0.2431640625
0 0.716796875 0.44921875 0.09375 0.060546875
0 0.9306640625 0.392578125 0.052734375 0.0673828125
4 0.755859375 0.607421875 0.166015625 0.083984375
4 0.81640625 0.5927734375 0.1181640625 0.11328125
1 0.79296875 0.044921875 0.1943359375 0.07421875
3 0.78125 0.3271484375 0.35546875 0.64453125
5 0.0576171875 0.685546875 0.115234375 0.072265625
3 0.1552734375 0.82421875 0.310546875 0.3505859375
1 0.5625 0.7666015625 0.009765625 0.0244140625
1 0.828125 0.853515625 0.021484375 0.0263671875
1 0.880859375 0.8681640625 0.021484375 0.0244140625
1 0.9599609375 0.89453125 0.0244140625 0.0478515625
5 0.8076171875 0.896484375 0.041015625 0.0625
5 0.869140625 0.923828125 0.0263671875 0.0791015625
1 0.822265625 0.958984375 0.0244140625 0.0478515625
3 0.857421875 0.96484375 0.09375 0.0693359375
3 0.7705078125 0.9599609375 0.0693359375 0.0791015625