0 0.4140625 0.0693359375 0.078125 0.138671875
3 0.25390625 0.2197265625 0.30078125 0.439453125
3 0.431640625 0.2197265625 0.13671875 0.439453125
5 0.71484375 0.1611328125 0.1513671875 0.23046875
5 0.8642578125 0.103515625 0.1416015625 0.20703125
3 0.978515625 0.2197265625 0.04296875 0.439453125
3 0.837890625 0.2197265625 0.1611328125 0.439453125
3 0.56640625 0.2197265625 0.1318359375 0.439453125
3 0.70703125 0.2197265625 0.1201171875 0.439453125
2 0.716796875 0.025390625 0.0673828125 0.05078125
2 0.8330078125 0.0107421875 0.07421875 0.021484375
6 0.509765625 0.2275390625 0.01953125 0.064453125
6 0.94921875 0.185546875 0.0380859375 0.060546875
6 0.88671875 0.125 0.0673828125 0.04296875
6 0.697265625 0.26953125 0.04296875 0.0576171875
5 0.255859375 0.654296875 0.3125 0.2978515625
0 0.22265625 0.6806640625 0.1494140625 0.0576171875
0 0.2490234375 0.7490234375 0.134765625 0.052734375
4 0.14453125 0.978515625 0.1201171875 0.04296875
3 0.267578125 0.7197265625 0.4111328125 0.560546875
5 0.6357421875 0.4794921875 0.271484375 0.0791015625
0 0.7861328125 0.5478515625 0.072265625 0.064453125
0 0.5224609375 0.5517578125 0.0458984375 0.0693359375
4 0.5625 0.7548828125 0.103515625 0.1513671875
4 0.732421875 0.75390625 0.103515625 0.146484375
3 0.673828125 0.642578125 0.3486328125 0.40625