1 0.1376953125 0.173828125 0.275390625 0.34765625
3 0.25 0.173828125 0.5 0.34765625
5 0.75 0.173828125 0.5 0.34765625
5 0.2490234375 0.5087890625 0.271484375 0.2568359375
0 0.05859375 0.669921875 0.0693359375 0.064453125
0 0.458984375 0.66015625 0.0625 0.07421875
4 0.162109375 0.90625 0.1103515625 0.1708984375
4 0.29296875 0.8369140625 0.1005859375 0.1298828125
3 0.25 0.673828125 0.4951171875 0.6513671875
5 0.908203125 0.671875 0.1826171875 0.2568359375
0 0.912109375 0.83984375 0.0869140625 0.0625
4 0.876953125 0.9677734375 0.134765625 0.064453125
1 0.916015625 0.435546875 0.16796875 0.0771484375
3 0.8916015625 0.6953125 0.216796875 0.609375