1 0.408203125 0.11328125 0.1396484375 0.2255859375
3 0.3369140625 0.2294921875 0.283203125 0.458984375
5 0.869140625 0.251953125 0.26171875 0.2646484375
0 0.701171875 0.431640625 0.0888671875 0.0556640625
1 0.892578125 0.0263671875 0.2041015625 0.052734375
3 0.8251953125 0.2294921875 0.349609375 0.458984375
5 0.197265625 0.5478515625 0.302734375 0.177734375
0 0.1396484375 0.4736328125 0.1396484375 0.029296875
0 0.26953125 0.482421875 0.1201171875 0.0458984375
4 0.171875 0.87890625 0.1201171875 0.1513671875
4 0.3369140625 0.9208984375 0.1298828125 0.158203125
3 0.2294921875 0.7294921875 0.458984375 0.541015625
1 0.853515625 0.4931640625 0.23046875 0.0673828125
5 0.619140625 0.662109375 0.21875 0.40625
5 0.9384765625 0.7529296875 0.119140625 0.494140625
3 0.603515625 0.662109375 0.25 0.40625
3 0.7392578125 0.7294921875 0.521484375 0.541015625