1 0.0791015625 0.193359375 0.158203125 0.26953125
5 0.5947265625 0.265625 0.361328125 0.318359375
0 0.42578125 0.4609375 0.060546875 0.072265625
0 0.8720703125 0.3544921875 0.0625 0.072265625
1 0.5458984375 0.052734375 0.208984375 0.10546875
3 0.6357421875 0.2626953125 0.623046875 0.525390625
0 0.3583984375 0.603515625 0.134765625 0.15234375
0 0.306640625 0.712890625 0.111328125 0.095703125
5 0.0947265625 0.7900390625 0.169921875 0.419921875
3 0.248046875 0.763671875 0.4765625 0.47265625
5 0.5478515625 0.6494140625 0.212890625 0.2734375
0 0.5859375 0.5341796875 0.05078125 0.083984375
3 0.5810546875 0.740234375 0.341796875 0.51953125