0 0.40625 0.0712890625 0.080078125 0.140625
3 0.2490234375 0.2236328125 0.30859375 0.4453125
3 0.4267578125 0.220703125 0.14453125 0.44140625
5 0.708984375 0.1572265625 0.15625 0.232421875
5 0.857421875 0.1005859375 0.14453125 0.201171875
3 0.97265625 0.21484375 0.05078125 0.4296875
3 0.83203125 0.216796875 0.16796875 0.43359375
3 0.5615234375 0.2197265625 0.138671875 0.439453125
3 0.7021484375 0.2177734375 0.126953125 0.435546875
2 0.7080078125 0.0234375 0.068359375 0.046875
2 0.82421875 0.0078125 0.07421875 0.015625
6 0.5048828125 0.2275390625 0.021484375 0.064453125
6 0.943359375 0.177734375 0.0390625 0.060546875
6 0.8798828125 0.1181640625 0.068359375 0.044921875
6 0.693359375 0.2666015625 0.044921875 0.05859375
5 0.2587890625 0.658203125 0.318359375 0.302734375
0 0.2255859375 0.685546875 0.150390625 0.060546875
0 0.2529296875 0.7529296875 0.134765625 0.0546875
4 0.15234375 0.98046875 0.12109375 0.0390625
3 0.2705078125 0.7197265625 0.419921875 0.560546875
5 0.6357421875 0.4775390625 0.2734375 0.083984375
0 0.787109375 0.54296875 0.07421875 0.06640625
0 0.5234375 0.5517578125 0.046875 0.0703125
4 0.5673828125 0.75390625 0.10546875 0.15234375
4 0.7373046875 0.75 0.10546875 0.1484375
3 0.6767578125 0.6396484375 0.35546875 0.412109375