1 0.146484375 0.2607421875 0.29296875 0.1943359375
3 0.4013671875 0.1826171875 0.115234375 0.3505859375
5 0.744140625 0.2099609375 0.310546875 0.2958984375
3 0.7294921875 0.1787109375 0.541015625 0.357421875
5 0.18359375 0.4423828125 0.2861328125 0.16796875
0 0.015625 0.529296875 0.03125 0.0673828125
0 0.2294921875 0.578125 0.10546875 0.0791015625
4 0.15234375 0.7724609375 0.177734375 0.1298828125
4 0.08203125 0.7275390625 0.1630859375 0.1181640625
3 0.19140625 0.6103515625 0.3818359375 0.5048828125
5 0.6943359375 0.6982421875 0.2255859375 0.197265625
0 0.541015625 0.8291015625 0.0673828125 0.060546875
0 0.849609375 0.814453125 0.0380859375 0.0625
4 0.75390625 0.958984375 0.083984375 0.08203125
4 0.6513671875 0.9677734375 0.08203125 0.064453125
1 0.6962890625 0.5224609375 0.1396484375 0.0625
3 0.6923828125 0.744140625 0.375 0.51171875