1 0.1884765625 0.109375 0.376953125 0.21875
3 0.25 0.109375 0.5 0.21875
5 0.5576171875 0.109375 0.115234375 0.21875
3 0.61328125 0.109375 0.2255859375 0.21875
3 0.77734375 0.109375 0.21875 0.21875
3 0.9375 0.109375 0.125 0.21875
3 0.892578125 0.109375 0.11328125 0.21875
6 0.701171875 0.185546875 0.0556640625 0.0673828125
6 0.8994140625 0.0732421875 0.0673828125 0.103515625
1 0.291015625 0.3837890625 0.1494140625 0.154296875
1 0.466796875 0.421875 0.0673828125 0.15625
5 0.2060546875 0.7734375 0.259765625 0.453125
5 0.455078125 0.75 0.0888671875 0.283203125
3 0.2099609375 0.650390625 0.3056640625 0.69921875
3 0.4423828125 0.5986328125 0.115234375 0.5146484375
6 0.27734375 0.8271484375 0.11328125 0.123046875
1 0.9853515625 0.6806640625 0.029296875 0.0576171875
3 0.5869140625 0.609375 0.1728515625 0.78125
3 0.865234375 0.7294921875 0.091796875 0.541015625
3 0.96875 0.810546875 0.0625 0.3173828125
6 0.86328125 0.7431640625 0.033203125 0.0458984375