1 0.1396484375 0.072265625 0.20703125 0.14453125
3 0.25 0.14453125 0.5 0.2880859375
0 0.6650390625 0.1357421875 0.1318359375 0.271484375
0 0.78515625 0.220703125 0.2333984375 0.134765625
3 0.7626953125 0.1435546875 0.474609375 0.287109375
5 0.275390625 0.412109375 0.1298828125 0.13671875
0 0.1875 0.4951171875 0.033203125 0.041015625
0 0.3525390625 0.5048828125 0.052734375 0.04296875
4 0.337890625 0.62109375 0.103515625 0.0771484375
4 0.23828125 0.615234375 0.09375 0.07421875
1 0.2705078125 0.29296875 0.0986328125 0.009765625
3 0.283203125 0.48046875 0.2548828125 0.384765625
5 0.7724609375 0.4619140625 0.2041015625 0.177734375
0 0.671875 0.572265625 0.0625 0.0458984375
0 0.876953125 0.568359375 0.0625 0.0458984375
4 0.71875 0.71484375 0.0791015625 0.095703125
4 0.833984375 0.712890625 0.07421875 0.1005859375
1 0.7587890625 0.30859375 0.1181640625 0.041015625
3 0.771484375 0.529296875 0.2978515625 0.48046875