5 0.1337890625 0.646484375 0.267578125 0.70703125
5 0.423828125 0.73046875 0.296875 0.5390625
5 0.6904296875 0.7119140625 0.166015625 0.56640625
5 0.7880859375 0.72265625 0.18359375 0.44921875
1 0.3671875 0.2509765625 0.205078125 0.294921875
1 0.5439453125 0.0556640625 0.189453125 0.111328125
1 0.6611328125 0.15625 0.126953125 0.146484375
1 0.771484375 0.328125 0.142578125 0.16015625
3 0.1767578125 0.5029296875 0.353515625 0.994140625
3 0.38671875 0.54296875 0.30078125 0.9140625
3 0.5400390625 0.5 0.248046875 1
3 0.6865234375 0.537109375 0.1640625 0.916015625
3 0.7802734375 0.6181640625 0.1875 0.75