1 0.015625 0.1083984375 0.03125 0.037109375
5 0.05078125 0.2626953125 0.1015625 0.236328125
5 0.1376953125 0.2119140625 0.169921875 0.267578125
3 0.169921875 0.2578125 0.265625 0.419921875
3 0.0693359375 0.2880859375 0.138671875 0.412109375
5 0.6650390625 0.1982421875 0.599609375 0.396484375
0 0.470703125 0.87109375 0.095703125 0.134765625
0 0.51171875 0.95703125 0.0625 0.0859375
1 0.52734375 0.9072265625 0.078125 0.1328125
3 0.3720703125 0.7548828125 0.361328125 0.490234375
2 0.34375 0.6181640625 0.107421875 0.14453125
5 0.69140625 0.80078125 0.23828125 0.361328125
0 0.732421875 0.859375 0.08984375 0.10546875
3 0.6884765625 0.71875 0.427734375 0.552734375
2 0.640625 0.5703125 0.109375 0.154296875
1 0.818359375 0.8896484375 0.12890625 0.126953125