3 0.189453125 0.349609375 0.37890625 0.69921875
2 0.1455078125 0.02734375 0.150390625 0.0546875
3 0.056640625 0.142578125 0.11328125 0.28515625
6 0.3271484375 0.294921875 0.10546875 0.11328125
6 0.298828125 0.3955078125 0.083984375 0.095703125
5 0.8662109375 0.1552734375 0.2666015625 0.310546875
5 0.494140625 0.1552734375 0.228515625 0.310546875
0 0.4013671875 0.3349609375 0.04296875 0.083984375
0 0.61328125 0.0107421875 0.0380859375 0.021484375
3 0.515625 0.349609375 0.271484375 0.69921875
3 0.83984375 0.349609375 0.3193359375 0.69921875
4 0.08984375 0.9052734375 0.1416015625 0.0458984375
3 0.0986328125 0.830078125 0.197265625 0.26171875
0 0.650390625 0.7197265625 0.0693359375 0.041015625
4 0.599609375 0.953125 0.1416015625 0.0458984375
3 0.57421875 0.849609375 0.2646484375 0.30078125