1 0.2587890625 0.1875 0.1083984375 0.0693359375
1 0.4443359375 0.2099609375 0.10546875 0.0625
5 0.2099609375 0.3486328125 0.19921875 0.2353515625
5 0.4150390625 0.3681640625 0.189453125 0.1923828125
3 0.3994140625 0.37109375 0.220703125 0.435546875
3 0.1669921875 0.3173828125 0.333984375 0.54296875
6 0.025390625 0.099609375 0.05078125 0.07421875
6 0.3056640625 0.36328125 0.0673828125 0.0625
6 0.451171875 0.451171875 0.0791015625 0.060546875
6 0.3486328125 0.46484375 0.064453125 0.0576171875
3 0.6962890625 0.2744140625 0.3388671875 0.5478515625
5 0.71875 0.091796875 0.29296875 0.1826171875
0 0.6962890625 0.234375 0.095703125 0.0693359375
4 0.7197265625 0.458984375 0.1923828125 0.146484375
4 0.677734375 0.39453125 0.19921875 0.1416015625
3 0.3759765625 0.78515625 0.2666015625 0.3916015625
5 0.40625 0.646484375 0.20703125 0.115234375
0 0.30078125 0.7392578125 0.060546875 0.05078125
4 0.3740234375 0.91015625 0.0869140625 0.1083984375
4 0.4892578125 0.9130859375 0.041015625 0.125
3 0.611328125 0.716796875 0.2041015625 0.2548828125
0 0.64453125 0.626953125 0.052734375 0.052734375
4 0.62109375 0.791015625 0.072265625 0.1103515625