1 0.3125 0.146484375 0.1083984375 0.10546875
5 0.2177734375 0.2255859375 0.16796875 0.23046875
5 0.453125 0.3125 0.208984375 0.21875
3 0.4755859375 0.25390625 0.345703125 0.3056640625
3 0.255859375 0.212890625 0.2978515625 0.34375
6 0.37890625 0.345703125 0.05078125 0.0625
6 0.40234375 0.259765625 0.0458984375 0.041015625
5 0.69140625 0.181640625 0.083984375 0.1806640625
0 0.787109375 0.2861328125 0.05078125 0.0576171875
4 0.669921875 0.439453125 0.041015625 0.095703125
1 0.6748046875 0.02734375 0.052734375 0.0546875
3 0.7353515625 0.244140625 0.1728515625 0.48828125
4 0.3642578125 0.6298828125 0.072265625 0.10546875
4 0.462890625 0.61328125 0.09375 0.09375
3 0.4462890625 0.5869140625 0.3681640625 0.197265625