5 0.7421875 0.5703125 0.123046875 0.1796875
4 0.078125 0.802734375 0.048828125 0.044921875
4 0.150390625 0.806640625 0.041015625 0.0390625
4 0.189453125 0.8193359375 0.044921875 0.046875
4 0.2255859375 0.8251953125 0.03125 0.0390625
4 0.3076171875 0.85546875 0.03125 0.0390625
4 0.3427734375 0.8564453125 0.03125 0.0390625
4 0.390625 0.798828125 0.048828125 0.1171875
4 0.419921875 0.802734375 0.048828125 0.11328125
4 0.46484375 0.8369140625 0.041015625 0.04296875
4 0.5107421875 0.8662109375 0.044921875 0.05859375
4 0.5556640625 0.8798828125 0.037109375 0.05078125
4 0.59765625 0.9072265625 0.03125 0.03515625
4 0.623046875 0.9130859375 0.029296875 0.029296875
4 0.6728515625 0.8818359375 0.05859375 0.05078125
4 0.7041015625 0.9189453125 0.041015625 0.052734375
4 0.7734375 0.9296875 0.048828125 0.056640625
4 0.830078125 0.955078125 0.056640625 0.0625
3 0.845703125 0.724609375 0.248046875 0.546875
3 0.7265625 0.673828125 0.193359375 0.5625
3 0.6396484375 0.7109375 0.18359375 0.46484375
3 0.5625 0.677734375 0.1640625 0.474609375
3 0.51171875 0.640625 0.169921875 0.462890625
3 0.4404296875 0.6435546875 0.15625 0.451171875
3 0.3505859375 0.630859375 0.2109375 0.525390625
3 0.23828125 0.62890625 0.1875 0.478515625
3 0.142578125 0.6025390625 0.203125 0.498046875
2 0.17578125 0.4072265625 0.0546875 0.068359375
2 0.2763671875 0.4384765625 0.05859375 0.076171875
2 0.396484375 0.421875 0.052734375 0.07421875
2 0.46875 0.4619140625 0.04296875 0.056640625
2 0.541015625 0.4482421875 0.044921875 0.068359375
2 0.59765625 0.484375 0.044921875 0.0625
2 0.6689453125 0.5224609375 0.060546875 0.076171875
2 0.7607421875 0.447265625 0.05859375 0.080078125
2 0.8720703125 0.505859375 0.068359375 0.076171875