1 0.0712890625 0.0244140625 0.07421875 0.0478515625
1 0.138671875 0.0830078125 0.060546875 0.07421875
1 0.2568359375 0.029296875 0.0478515625 0.0576171875
1 0.41015625 0.0458984375 0.041015625 0.052734375
1 0.4619140625 0.0615234375 0.033203125 0.0458984375
3 0.455078125 0.23046875 0.0458984375 0.41796875
3 0.396484375 0.224609375 0.091796875 0.4306640625
3 0.259765625 0.2197265625 0.1298828125 0.439453125
3 0.134765625 0.2353515625 0.0869140625 0.408203125
3 0.05859375 0.2197265625 0.1171875 0.439453125
3 0.8720703125 0.1171875 0.255859375 0.234375
0 0.89453125 0.0087890625 0.072265625 0.0166015625
4 0.875 0.1630859375 0.16796875 0.1298828125
4 0.943359375 0.1259765625 0.11328125 0.11328125
5 0.40234375 0.5224609375 0.1513671875 0.166015625
0 0.31640625 0.63671875 0.060546875 0.0458984375
4 0.4072265625 0.8173828125 0.095703125 0.125
4 0.44921875 0.7607421875 0.0576171875 0.09375
3 0.3701171875 0.666015625 0.216796875 0.4521484375
5 0.7392578125 0.8662109375 0.521484375 0.2666015625