1 0.4189453125 0.2490234375 0.181640625 0.19140625
1 0.623046875 0.2158203125 0.14453125 0.142578125
1 0.828125 0.20703125 0.197265625 0.1953125
0 0.7216796875 0.462890625 0.119140625 0.171875
0 0.703125 0.595703125 0.140625 0.162109375
3 0.7744140625 0.5380859375 0.451171875 0.923828125
3 0.552734375 0.5458984375 0.4375 0.908203125
3 0.2646484375 0.53125 0.5234375 0.896484375
5 0.830078125 0.494140625 0.33984375 0.359375
5 0.5751953125 0.451171875 0.294921875 0.275390625
5 0.263671875 0.6025390625 0.453125 0.6484375