5 0.04296875 0.162109375 0.0859375 0.23828125
5 0.224609375 0.1396484375 0.18359375 0.240234375
4 0.04296875 0.4912109375 0.0859375 0.123046875
4 0.2138671875 0.421875 0.119140625 0.1171875
4 0.2744140625 0.443359375 0.115234375 0.125
0 0.0078125 0.283203125 0.015625 0.109375
0 0.2001953125 0.2265625 0.07421875 0.099609375
0 0.3720703125 0.18359375 0.033203125 0.095703125
3 0.21875 0.26171875 0.240234375 0.484375
3 0.0517578125 0.2958984375 0.103515625 0.505859375
5 0.458984375 0.025390625 0.1171875 0.05078125
0 0.3984375 0.076171875 0.044921875 0.033203125
0 0.533203125 0.0517578125 0.033203125 0.033203125
4 0.4521484375 0.1611328125 0.052734375 0.064453125
4 0.5009765625 0.1494140625 0.0625 0.0703125
3 0.47265625 0.099609375 0.2109375 0.19921875
5 0.283203125 0.958984375 0.13671875 0.08203125
3 0.271484375 0.83203125 0.18359375 0.3359375
2 0.25 0.7294921875 0.07421875 0.109375
3 0.849609375 0.755859375 0.30078125 0.44140625
5 0.8720703125 0.70703125 0.255859375 0.27734375
0 0.7783203125 0.8544921875 0.07421875 0.068359375
0 0.9560546875 0.8740234375 0.087890625 0.083984375