1 0.08203125 0.1982421875 0.1005859375 0.1005859375
1 0.279296875 0.083984375 0.1201171875 0.125
5 0.087890625 0.4013671875 0.1611328125 0.30078125
0 0.0302734375 0.48828125 0.0576171875 0.072265625
0 0.2412109375 0.4912109375 0.1083984375 0.10546875
3 0.259765625 0.33984375 0.158203125 0.63671875
3 0.087890625 0.4052734375 0.17578125 0.5068359375
5 0.62109375 0.419921875 0.271484375 0.2548828125
0 0.4775390625 0.5888671875 0.083984375 0.0673828125
0 0.86328125 0.55859375 0.0791015625 0.0791015625
1 0.6318359375 0.1806640625 0.19921875 0.08203125
3 0.658203125 0.3955078125 0.51953125 0.5263671875
3 0.04296875 0.8291015625 0.0859375 0.341796875
3 0.29296875 0.8291015625 0.091796875 0.341796875
3 0.6357421875 0.798828125 0.3388671875 0.28125
4 0.66015625 0.8505859375 0.1923828125 0.146484375
4 0.6181640625 0.7861328125 0.19921875 0.1416015625