5 0.447265625 0.0419921875 0.2734375 0.083984375
4 0.3251953125 0.4765625 0.16015625 0.091796875
4 0.5712890625 0.4716796875 0.095703125 0.072265625
3 0.30859375 0.267578125 0.6171875 0.53515625
3 0.9384765625 0.263671875 0.123046875 0.4453125
1 0.181640625 0.6083984375 0.08984375 0.04296875
5 0.193359375 0.7451171875 0.12109375 0.166015625
0 0.1943359375 0.85546875 0.05078125 0.064453125
4 0.21484375 0.9970703125 0.08984375 0.005859375
3 0.185546875 0.7861328125 0.16796875 0.427734375
3 0.80859375 0.7373046875 0.3828125 0.509765625
3 0.6865234375 0.587890625 0.13671875 0.181640625
6 0.9560546875 0.66796875 0.087890625 0.1171875
6 0.9462890625 0.771484375 0.08984375 0.099609375