1 0.275390625 0.7041015625 0.111328125 0.138671875
1 0.3828125 0.6044921875 0.03515625 0.041015625
1 0.583984375 0.607421875 0.025390625 0.033203125
1 0.845703125 0.3505859375 0.10546875 0.111328125
1 0.533203125 0.5830078125 0.029296875 0.029296875
5 0.2841796875 0.8974609375 0.181640625 0.205078125
5 0.900390625 0.6142578125 0.19921875 0.427734375
5 0.51953125 0.6494140625 0.0625 0.111328125
5 0.623046875 0.6630859375 0.076171875 0.115234375
3 0.8369140625 0.5791015625 0.326171875 0.611328125
3 0.2744140625 0.80859375 0.248046875 0.3828125
3 0.3798828125 0.7001953125 0.16015625 0.26953125
3 0.529296875 0.6572265625 0.083984375 0.181640625
3 0.626953125 0.693359375 0.1328125 0.255859375