5 0.3974609375 0.126953125 0.15234375 0.2265625
5 0.52734375 0.1220703125 0.14453125 0.244140625
4 0.3408203125 0.4697265625 0.072265625 0.123046875
4 0.380859375 0.470703125 0.0546875 0.142578125
4 0.4521484375 0.470703125 0.09375 0.123046875
4 0.5439453125 0.49609375 0.080078125 0.138671875
3 0.5322265625 0.294921875 0.248046875 0.58984375
3 0.3603515625 0.28125 0.259765625 0.5625
5 0.8701171875 0.177734375 0.197265625 0.296875
1 0.474609375 0.5927734375 0.095703125 0.041015625
5 0.44140625 0.7705078125 0.1796875 0.240234375
0 0.3662109375 0.91015625 0.048828125 0.07421875
0 0.560546875 0.9052734375 0.064453125 0.099609375
3 0.462890625 0.78125 0.33203125 0.4375
5 0.77734375 0.9189453125 0.1640625 0.162109375
3 0.841796875 0.8017578125 0.29296875 0.396484375