5 0.07421875 0.0361328125 0.0625 0.072265625
5 0.2822265625 0.025390625 0.0888671875 0.05078125
4 0.431640625 0.29296875 0.0556640625 0.0263671875
4 0.49609375 0.291015625 0.0263671875 0.0244140625
4 0.2744140625 0.291015625 0.0478515625 0.0361328125
3 0.44140625 0.166015625 0.13671875 0.33203125
3 0.279296875 0.1650390625 0.134765625 0.3291015625
3 0.193359375 0.146484375 0.123046875 0.29296875
3 0.0771484375 0.181640625 0.125 0.36328125
1 0.740234375 0.1728515625 0.0693359375 0.0673828125
1 0.8505859375 0.21484375 0.0625 0.0576171875
5 0.5634765625 0.361328125 0.1083984375 0.11328125
5 0.75390625 0.3271484375 0.0986328125 0.1826171875
5 0.859375 0.353515625 0.1083984375 0.1298828125
1 0.5634765625 0.234375 0.0693359375 0.0869140625
0 0.8017578125 0.41015625 0.05078125 0.0166015625
3 0.5712890625 0.294921875 0.123046875 0.248046875
3 0.75 0.2724609375 0.1826171875 0.291015625
3 0.8662109375 0.2978515625 0.17578125 0.240234375
0 0.4580078125 0.7802734375 0.103515625 0.083984375
5 0.251953125 0.6044921875 0.35546875 0.259765625
3 0.2548828125 0.650390625 0.509765625 0.4111328125
5 0.7294921875 0.6572265625 0.16796875 0.3271484375
3 0.716796875 0.708984375 0.345703125 0.58203125
6 0.6611328125 0.4482421875 0.052734375 0.060546875
6 0.77734375 0.443359375 0.05078125 0.05078125
2 0.720703125 0.4541015625 0.0869140625 0.072265625