1 0.0615234375 0.1611328125 0.123046875 0.232421875
0 0.1025390625 0.6298828125 0.119140625 0.1484375
5 0.162109375 0.212890625 0.32421875 0.3828125
3 0.1884765625 0.36328125 0.376953125 0.6875
3 0.078125 0.376953125 0.15625 0.66015625
5 0.6962890625 0.1767578125 0.2109375 0.3359375
0 0.6376953125 0.1376953125 0.076171875 0.083984375
0 0.765625 0.111328125 0.044921875 0.08203125
1 0.705078125 0.1298828125 0.111328125 0.125
4 0.744140625 0.609375 0.05078125 0.02734375
3 0.7109375 0.3173828125 0.3515625 0.634765625
2 0.66796875 0.0068359375 0.078125 0.013671875
5 0.173828125 0.837890625 0.3046875 0.32421875
3 0.21484375 0.8330078125 0.38671875 0.333984375
4 0.673828125 0.8740234375 0.15234375 0.07421875
4 0.841796875 0.845703125 0.130859375 0.078125
3 0.767578125 0.7802734375 0.46484375 0.380859375