5 0.6005859375 0.0615234375 0.279296875 0.123046875
4 0.341796875 0.4208984375 0.173828125 0.123046875
4 0.576171875 0.49609375 0.107421875 0.08984375
3 0.3828125 0.2705078125 0.734375 0.541015625
3 0.94140625 0.4189453125 0.1171875 0.451171875
1 0.1640625 0.4990234375 0.095703125 0.060546875
5 0.1298828125 0.6318359375 0.15234375 0.185546875
0 0.0947265625 0.736328125 0.0625 0.07421875
4 0.0654296875 0.8857421875 0.08984375 0.04296875
3 0.1181640625 0.6787109375 0.236328125 0.462890625
3 0.7255859375 0.7705078125 0.501953125 0.458984375
3 0.6474609375 0.6435546875 0.169921875 0.203125
6 0.8818359375 0.810546875 0.12109375 0.134765625
6 0.833984375 0.90234375 0.107421875 0.115234375