1 0.1748046875 0.0517578125 0.314453125 0.103515625
1 0.1748046875 0.2861328125 0.287109375 0.185546875
0 0.4248046875 0.109375 0.138671875 0.12109375
0 0.56640625 0.1865234375 0.16015625 0.12890625
0 0.607421875 0.34765625 0.125 0.134765625
3 0.345703125 0.326171875 0.689453125 0.291015625
3 0.326171875 0.212890625 0.65234375 0.42578125
5 0.2373046875 0.8603515625 0.216796875 0.2734375
5 0.6220703125 0.8603515625 0.126953125 0.279296875
3 0.6044921875 0.7509765625 0.166015625 0.498046875
3 0.2490234375 0.763671875 0.337890625 0.46875
2 0.2412109375 0.6162109375 0.115234375 0.15625
2 0.6337890625 0.595703125 0.111328125 0.173828125
3 0.724609375 0.7509765625 0.08984375 0.498046875
4 0.703125 0.9765625 0.04296875 0.046875
0 0.732421875 0.841796875 0.0546875 0.05859375