3 0.0556640625 0.310546875 0.1103515625 0.5771484375
1 0.5361328125 0.2919921875 0.083984375 0.1728515625
5 0.78125 0.2763671875 0.2861328125 0.1923828125
0 0.892578125 0.400390625 0.09375 0.07421875
0 0.953125 0.2041015625 0.09375 0.091796875
3 0.7333984375 0.2802734375 0.533203125 0.34375
0 0.1494140625 0.6513671875 0.0673828125 0.10546875
1 0.0400390625 0.623046875 0.0791015625 0.0478515625
5 0.0673828125 0.89453125 0.134765625 0.158203125
3 0.1103515625 0.798828125 0.220703125 0.4013671875
0 0.8076171875 0.7880859375 0.072265625 0.10546875
0 0.896484375 0.7138671875 0.103515625 0.1611328125
4 0.6455078125 0.83984375 0.1513671875 0.3056640625
3 0.7578125 0.7978515625 0.484375 0.400390625