0 0.025390625 0.0849609375 0.05078125 0.083984375
3 0.1396484375 0.2138671875 0.279296875 0.427734375
5 0.73046875 0.0302734375 0.1923828125 0.060546875
4 0.736328125 0.400390625 0.1181640625 0.0556640625
4 0.76953125 0.38671875 0.08203125 0.08203125
3 0.724609375 0.2138671875 0.2763671875 0.427734375
0 0.01171875 0.70703125 0.0234375 0.0703125
3 0.0458984375 0.76171875 0.091796875 0.4755859375
1 0.712890625 0.4794921875 0.103515625 0.103515625
5 0.6875 0.6943359375 0.166015625 0.271484375
0 0.771484375 0.828125 0.0361328125 0.09375
0 0.5849609375 0.8369140625 0.04296875 0.0986328125