1 0.12109375 0.259765625 0.0380859375 0.0458984375
1 0.23828125 0.232421875 0.033203125 0.0361328125
1 0.337890625 0.2431640625 0.033203125 0.0380859375
1 0.421875 0.2392578125 0.0361328125 0.0478515625
3 0.1181640625 0.2900390625 0.158203125 0.13671875
3 0.251953125 0.2802734375 0.125 0.15625
3 0.3525390625 0.283203125 0.0986328125 0.1494140625
3 0.416015625 0.2861328125 0.0673828125 0.14453125
5 0.576171875 0.2880859375 0.1318359375 0.1396484375
1 0.466796875 0.20703125 0.033203125 0.0771484375
1 0.537109375 0.158203125 0.064453125 0.0888671875
1 0.6103515625 0.166015625 0.072265625 0.072265625
0 0.638671875 0.2646484375 0.0380859375 0.060546875
0 0.6982421875 0.2646484375 0.0576171875 0.05078125
3 0.611328125 0.2255859375 0.248046875 0.2646484375
5 0.310546875 0.65234375 0.279296875 0.40625
3 0.2978515625 0.6787109375 0.302734375 0.6416015625
1 0.85546875 0.4306640625 0.1630859375 0.14453125
4 0.9150390625 0.96484375 0.064453125 0.0693359375
0 0.908203125 0.767578125 0.1005859375 0.185546875
3 0.791015625 0.6787109375 0.375 0.6416015625
3 0.94921875 0.6787109375 0.1005859375 0.6416015625
6 0.8291015625 0.8974609375 0.0576171875 0.1181640625