5 0.166015625 0.314453125 0.072265625 0.060546875
5 0.283203125 0.3583984375 0.08203125 0.08984375
5 0.4677734375 0.314453125 0.06640625 0.0625
5 0.806640625 0.47265625 0.078125 0.095703125
1 0.802734375 0.404296875 0.03515625 0.03515625
1 0.263671875 0.30078125 0.04296875 0.04296875
4 0.7958984375 0.6435546875 0.0390625 0.0390625
4 0.326171875 0.4609375 0.03125 0.056640625
4 0.287109375 0.453125 0.041015625 0.056640625
4 0.23046875 0.4521484375 0.0390625 0.068359375
4 0.1796875 0.4150390625 0.037109375 0.056640625
4 0.517578125 0.400390625 0.03125 0.04296875
4 0.4990234375 0.3994140625 0.03125 0.041015625
3 0.8037109375 0.541015625 0.21875 0.373046875
0 0.7548828125 0.513671875 0.037109375 0.03515625
3 0.46875 0.341796875 0.166015625 0.220703125
3 0.185546875 0.3935546875 0.150390625 0.265625
3 0.2890625 0.380859375 0.140625 0.25