5 0.251953125 0.1259765625 0.1728515625 0.251953125
5 0.5400390625 0.1337890625 0.2041015625 0.2666015625
0 0.4951171875 0.025390625 0.091796875 0.05078125
0 0.4072265625 0.078125 0.029296875 0.072265625
3 0.25390625 0.1494140625 0.2666015625 0.2978515625
3 0.6962890625 0.1494140625 0.185546875 0.2978515625
3 0.529296875 0.1494140625 0.2880859375 0.2978515625
0 0.912109375 0.0048828125 0.0361328125 0.009765625
4 0.947265625 0.109375 0.0576171875 0.0791015625
3 0.9384765625 0.0771484375 0.123046875 0.154296875
5 0.5068359375 0.384765625 0.1806640625 0.1630859375
0 0.4013671875 0.48828125 0.052734375 0.041015625
0 0.62109375 0.48828125 0.05078125 0.052734375
4 0.4384765625 0.6025390625 0.0673828125 0.07421875
4 0.5400390625 0.634765625 0.064453125 0.10546875
3 0.5107421875 0.4931640625 0.291015625 0.3896484375
0 0.826171875 0.5 0.0361328125 0.04296875
4 0.798828125 0.615234375 0.021484375 0.0673828125
3 0.822265625 0.4794921875 0.0673828125 0.36328125