1 0.1103515625 0.1083984375 0.17578125 0.154296875
0 0.29296875 0.1171875 0.099609375 0.130859375
0 0.3671875 0.1103515625 0.091796875 0.125
0 0.19921875 0.4365234375 0.119140625 0.1953125
3 0.142578125 0.3232421875 0.28515625 0.595703125
3 0.306640625 0.3046875 0.3203125 0.59375
6 0.130859375 0.5615234375 0.064453125 0.099609375
5 0.5400390625 0.2021484375 0.158203125 0.287109375
5 0.8408203125 0.2392578125 0.310546875 0.478515625
5 0.54296875 0.5009765625 0.1796875 0.14453125
3 0.5498046875 0.4638671875 0.208984375 0.21875
3 0.529296875 0.177734375 0.203125 0.35546875
5 0.1162109375 0.80078125 0.212890625 0.3984375
3 0.1396484375 0.798828125 0.259765625 0.40234375
5 0.87890625 0.8330078125 0.2421875 0.279296875
5 0.6181640625 0.869140625 0.267578125 0.26171875
3 0.634765625 0.7705078125 0.3359375 0.458984375
3 0.8427734375 0.7470703125 0.314453125 0.462890625