1 0.1123046875 0.158203125 0.12890625 0.126953125
1 0.3076171875 0.09765625 0.17578125 0.171875
0 0.2724609375 0.3720703125 0.095703125 0.16015625
0 0.2880859375 0.5048828125 0.12109375 0.146484375
3 0.3388671875 0.341796875 0.27734375 0.6796875
3 0.1357421875 0.3720703125 0.271484375 0.642578125
5 0.3525390625 0.3740234375 0.234375 0.31640625
5 0.1298828125 0.3984375 0.259765625 0.2421875
5 0.8310546875 0.3291015625 0.337890625 0.658203125
5 0.2578125 0.8349609375 0.44921875 0.330078125
3 0.2509765625 0.8349609375 0.486328125 0.330078125
3 0.6962890625 0.82421875 0.375 0.349609375
5 0.6982421875 0.7197265625 0.2734375 0.13671875
0 0.7509765625 0.81640625 0.1015625 0.06640625
0 0.5673828125 0.79296875 0.068359375 0.068359375
4 0.7578125 0.97265625 0.1484375 0.037109375
4 0.6552734375 0.95703125 0.173828125 0.078125