5 0.2138671875 0.154296875 0.197265625 0.26953125
5 0.501953125 0.1376953125 0.23046875 0.275390625
0 0.4443359375 0.029296875 0.095703125 0.05859375
0 0.36328125 0.08984375 0.037109375 0.07421875
3 0.21875 0.1767578125 0.296875 0.32421875
3 0.658203125 0.14453125 0.21484375 0.2890625
3 0.4912109375 0.1552734375 0.318359375 0.310546875
4 0.904296875 0.064453125 0.06640625 0.083984375
3 0.8916015625 0.0576171875 0.138671875 0.115234375
5 0.4951171875 0.384765625 0.197265625 0.181640625
0 0.400390625 0.4990234375 0.056640625 0.046875
0 0.619140625 0.4755859375 0.056640625 0.05859375
4 0.44921875 0.6083984375 0.07421875 0.080078125
4 0.5537109375 0.6298828125 0.07421875 0.111328125
3 0.509765625 0.4921875 0.330078125 0.41796875
0 0.82421875 0.4658203125 0.041015625 0.046875
4 0.8095703125 0.5830078125 0.029296875 0.068359375
3 0.818359375 0.4462890625 0.10546875 0.369140625