1 0.318359375 0.1435546875 0.109375 0.107421875
5 0.22265625 0.220703125 0.171875 0.232421875
5 0.4560546875 0.3115234375 0.212890625 0.22265625
3 0.4794921875 0.25390625 0.3515625 0.3125
3 0.2607421875 0.208984375 0.3046875 0.349609375
6 0.3818359375 0.34375 0.052734375 0.0625
6 0.40625 0.2578125 0.046875 0.041015625
5 0.697265625 0.1845703125 0.087890625 0.181640625
0 0.791015625 0.291015625 0.052734375 0.05859375
4 0.6708984375 0.4423828125 0.04296875 0.095703125
1 0.6826171875 0.0302734375 0.052734375 0.0546875
3 0.740234375 0.248046875 0.181640625 0.4921875
4 0.3623046875 0.6279296875 0.07421875 0.107421875
4 0.4609375 0.6123046875 0.095703125 0.095703125
3 0.4443359375 0.5859375 0.37109375 0.203125