1 0.259765625 0.048828125 0.2734375 0.09765625
0 0.0517578125 0.44140625 0.103515625 0.1796875
5 0.232421875 0.431640625 0.46484375 0.40625
3 0.2421875 0.3173828125 0.484375 0.634765625
5 0.5009765625 0.23828125 0.080078125 0.232421875
0 0.51953125 0.0869140625 0.041015625 0.080078125
3 0.5263671875 0.3212890625 0.173828125 0.642578125
3 0.2197265625 0.798828125 0.439453125 0.390625
0 0.7109375 0.96875 0.11328125 0.0625
3 0.7724609375 0.8232421875 0.384765625 0.353515625
3 0.53125 0.8173828125 0.234375 0.365234375
6 0.5703125 0.9189453125 0.130859375 0.126953125
6 0.5244140625 0.9794921875 0.091796875 0.041015625