5 0.31640625 0.1591796875 0.154296875 0.228515625
5 0.44140625 0.1240234375 0.1484375 0.248046875
4 0.3388671875 0.505859375 0.07421875 0.125
4 0.3779296875 0.498046875 0.05859375 0.14453125
4 0.4462890625 0.482421875 0.095703125 0.125
4 0.5419921875 0.486328125 0.08203125 0.138671875
3 0.484375 0.2939453125 0.2578125 0.587890625
3 0.3115234375 0.306640625 0.26953125 0.58984375
5 0.7880859375 0.1259765625 0.201171875 0.251953125
1 0.49609375 0.595703125 0.09765625 0.04296875
5 0.50390625 0.77734375 0.181640625 0.2421875
0 0.4619140625 0.9296875 0.048828125 0.07421875
0 0.650390625 0.880859375 0.06640625 0.099609375
3 0.5283203125 0.7802734375 0.337890625 0.439453125
5 0.869140625 0.865234375 0.166015625 0.201171875
3 0.87890625 0.740234375 0.2421875 0.44921875