5 0.74609375 0.552734375 0.11328125 0.173828125
4 0.1005859375 0.83203125 0.046875 0.041015625
4 0.171875 0.830078125 0.0390625 0.037109375
4 0.2119140625 0.8408203125 0.041015625 0.044921875
4 0.2490234375 0.84375 0.029296875 0.0390625
4 0.3330078125 0.8671875 0.029296875 0.0390625
4 0.3681640625 0.8671875 0.029296875 0.0390625
4 0.4111328125 0.8056640625 0.041015625 0.115234375
4 0.4404296875 0.8076171875 0.041015625 0.11328125
4 0.48828125 0.837890625 0.0390625 0.041015625
4 0.537109375 0.865234375 0.04296875 0.056640625
4 0.58203125 0.875 0.03515625 0.048828125
4 0.6259765625 0.8994140625 0.029296875 0.033203125
4 0.65234375 0.9033203125 0.029296875 0.029296875
4 0.69921875 0.869140625 0.056640625 0.046875
4 0.7333984375 0.9033203125 0.037109375 0.05078125
4 0.802734375 0.91015625 0.044921875 0.0546875
4 0.861328125 0.9306640625 0.052734375 0.060546875
3 0.861328125 0.7001953125 0.212890625 0.5390625
3 0.73828125 0.658203125 0.15625 0.560546875
3 0.654296875 0.701171875 0.154296875 0.4609375
3 0.5751953125 0.6728515625 0.1328125 0.47265625
3 0.521484375 0.638671875 0.138671875 0.458984375
3 0.451171875 0.6474609375 0.126953125 0.44921875
3 0.3603515625 0.640625 0.17578125 0.521484375
3 0.248046875 0.646484375 0.15625 0.474609375
3 0.150390625 0.626953125 0.171875 0.4921875
2 0.169921875 0.4296875 0.05078125 0.06640625
2 0.2724609375 0.455078125 0.0546875 0.07421875
2 0.3916015625 0.4296875 0.048828125 0.0703125
2 0.4658203125 0.46484375 0.041015625 0.0546875
2 0.537109375 0.4453125 0.041015625 0.06640625
2 0.595703125 0.4775390625 0.041015625 0.060546875
2 0.6708984375 0.5107421875 0.056640625 0.07421875
2 0.755859375 0.4296875 0.0546875 0.078125
2 0.87109375 0.4794921875 0.0625 0.072265625