5 0.4345703125 0.05859375 0.337890625 0.1171875
4 0.0419921875 0.5625 0.083984375 0.0625
4 0.48046875 0.58203125 0.048828125 0.052734375
4 0.3876953125 0.578125 0.080078125 0.0546875
0 0.625 0.0185546875 0.0546875 0.03125
3 0.09375 0.2978515625 0.1875 0.595703125
3 0.42578125 0.3056640625 0.4609375 0.611328125
5 0.951171875 0.0849609375 0.09765625 0.142578125
0 0.90234375 0.138671875 0.072265625 0.1015625
4 0.9482421875 0.53125 0.076171875 0.0703125
4 0.982421875 0.4990234375 0.03515625 0.044921875
3 0.90625 0.2958984375 0.1875 0.568359375
5 0.220703125 0.9130859375 0.365234375 0.166015625
5 0.84375 0.806640625 0.3046875 0.38671875