5 0.2919921875 0.1796875 0.07421875 0.064453125
5 0.375 0.2734375 0.0859375 0.091796875
5 0.55859375 0.3203125 0.0703125 0.064453125
5 0.783203125 0.6201171875 0.083984375 0.09765625
1 0.8125 0.55859375 0.037109375 0.037109375
1 0.384765625 0.212890625 0.044921875 0.044921875
4 0.6943359375 0.765625 0.041015625 0.041015625
4 0.3642578125 0.3837890625 0.03515625 0.056640625
4 0.333984375 0.359375 0.044921875 0.056640625
4 0.2841796875 0.3310546875 0.04296875 0.068359375
4 0.2568359375 0.2744140625 0.0390625 0.05859375
4 0.5625 0.419921875 0.033203125 0.04296875
4 0.5458984375 0.41015625 0.033203125 0.041015625
3 0.748046875 0.6787109375 0.240234375 0.376953125
0 0.7177734375 0.6318359375 0.0390625 0.037109375
3 0.5458984375 0.345703125 0.177734375 0.2265625
3 0.2724609375 0.2578125 0.166015625 0.267578125
3 0.369140625 0.2958984375 0.154296875 0.251953125