5 0.4833984375 0.1142578125 0.193359375 0.228515625
5 0.69921875 0.12109375 0.19921875 0.20703125
0 0.341796875 0.208984375 0.06640625 0.091796875
0 0.5361328125 0.0185546875 0.087890625 0.037109375
4 0.45703125 0.4541015625 0.064453125 0.08203125
4 0.6181640625 0.498046875 0.076171875 0.06640625
4 0.6650390625 0.5068359375 0.05859375 0.064453125
3 0.4375 0.2509765625 0.359375 0.501953125
3 0.650390625 0.2763671875 0.296875 0.529296875
0 0.91796875 0.5712890625 0.11328125 0.05859375
3 0.89453125 0.337890625 0.2109375 0.53125
3 0.8154296875 0.3115234375 0.240234375 0.517578125
6 0.78515625 0.505859375 0.142578125 0.130859375
1 0.1083984375 0.68359375 0.064453125 0.1015625
5 0.2431640625 0.712890625 0.19921875 0.158203125
0 0.34765625 0.740234375 0.08203125 0.072265625
4 0.5146484375 0.7607421875 0.08203125 0.11328125
3 0.314453125 0.7373046875 0.494140625 0.2421875
0 0.744140625 0.7705078125 0.30859375 0.458984375
0 0.8603515625 0.767578125 0.255859375 0.40234375