5 0.2412109375 0.337890625 0.482421875 0.4609375
3 0.259765625 0.28515625 0.51953125 0.5693359375
1 0.392578125 0.7353515625 0.0888671875 0.0888671875
5 0.38671875 0.916015625 0.158203125 0.16796875
3 0.373046875 0.8349609375 0.29296875 0.3291015625
1 0.974609375 0.6982421875 0.05078125 0.2236328125
1 0.84375 0.775390625 0.10546875 0.177734375
1 0.6337890625 0.849609375 0.083984375 0.115234375
0 0.84765625 0.955078125 0.060546875 0.0888671875
0 0.6826171875 0.9326171875 0.0771484375 0.052734375
5 0.5712890625 0.9228515625 0.103515625 0.154296875
5 0.8916015625 0.73828125 0.13671875 0.2451171875
3 0.896484375 0.7890625 0.20703125 0.421875
3 0.64453125 0.880859375 0.25 0.23828125