1 0.0302734375 0.3759765625 0.060546875 0.107421875
1 0.1259765625 0.37109375 0.076171875 0.0859375
1 0.1962890625 0.4443359375 0.0625 0.076171875
1 0.3134765625 0.38671875 0.05078125 0.05859375
1 0.4658203125 0.3974609375 0.04296875 0.0546875
1 0.521484375 0.412109375 0.037109375 0.046875
1 0.5859375 0.4306640625 0.04296875 0.044921875
1 0.6669921875 0.390625 0.04296875 0.044921875
1 0.708984375 0.42578125 0.05078125 0.0703125
1 0.8466796875 0.45703125 0.072265625 0.076171875
4 0.228515625 0.984375 0.0625 0.03125
4 0.31640625 0.9453125 0.03125 0.04296875
4 0.3525390625 0.9384765625 0.044921875 0.04296875
4 0.4404296875 0.8779296875 0.0234375 0.037109375
4 0.498046875 0.8740234375 0.037109375 0.03515625
4 0.552734375 0.841796875 0.02734375 0.03125
4 0.509765625 0.837890625 0.02734375 0.02734375
4 0.5791015625 0.86328125 0.044921875 0.037109375
4 0.619140625 0.8828125 0.033203125 0.048828125
4 0.65234375 0.85546875 0.04296875 0.03515625
4 0.6875 0.916015625 0.04296875 0.02734375
4 0.7177734375 0.9365234375 0.048828125 0.03515625
3 0.8642578125 0.693359375 0.16796875 0.591796875
3 0.7099609375 0.673828125 0.10546875 0.5625
3 0.66796875 0.6259765625 0.095703125 0.5234375
3 0.603515625 0.6591796875 0.109375 0.521484375
3 0.53125 0.6064453125 0.0859375 0.46875
3 0.462890625 0.63671875 0.111328125 0.552734375
3 0.3271484375 0.6640625 0.154296875 0.630859375
3 0.2021484375 0.6953125 0.107421875 0.609375
3 0.125 0.6630859375 0.14453125 0.673828125
3 0.0458984375 0.6572265625 0.091796875 0.685546875