5 0.056640625 0.1142578125 0.11328125 0.228515625
5 0.263671875 0.11328125 0.1611328125 0.2255859375
4 0.044921875 0.4443359375 0.0791015625 0.115234375
4 0.2236328125 0.392578125 0.1083984375 0.10546875
4 0.28125 0.419921875 0.103515625 0.115234375
0 0.017578125 0.232421875 0.03515625 0.10546875
0 0.23046875 0.1962890625 0.064453125 0.09375
0 0.40625 0.171875 0.0244140625 0.09375
3 0.2451171875 0.2333984375 0.1923828125 0.466796875
3 0.05078125 0.2490234375 0.1005859375 0.498046875
5 0.5087890625 0.021484375 0.11328125 0.04296875
0 0.443359375 0.068359375 0.04296875 0.029296875
0 0.580078125 0.0576171875 0.029296875 0.03125
4 0.48828125 0.158203125 0.0458984375 0.060546875
4 0.5380859375 0.1513671875 0.0556640625 0.064453125
3 0.5146484375 0.0947265625 0.1923828125 0.189453125
5 0.234375 0.94921875 0.126953125 0.1005859375
3 0.236328125 0.8232421875 0.146484375 0.353515625
2 0.2275390625 0.7021484375 0.064453125 0.103515625
3 0.8447265625 0.7939453125 0.306640625 0.412109375
5 0.8671875 0.748046875 0.265625 0.25
0 0.7392578125 0.8818359375 0.0673828125 0.0625
0 0.9267578125 0.921875 0.103515625 0.07421875