1 0.08984375 0.1953125 0.07421875 0.083984375
1 0.6298828125 0.13671875 0.05859375 0.064453125
1 0.7431640625 0.1328125 0.060546875 0.0625
1 0.8251953125 0.4248046875 0.0546875 0.06640625
5 0.095703125 0.4521484375 0.166015625 0.330078125
5 0.62109375 0.361328125 0.125 0.263671875
5 0.755859375 0.33984375 0.126953125 0.255859375
5 0.8583984375 0.62109375 0.1328125 0.23046875
4 0.2177734375 0.982421875 0.080078125 0.03515625
4 0.7646484375 0.8095703125 0.064453125 0.044921875
4 0.8056640625 0.85546875 0.068359375 0.05078125
4 0.8916015625 0.83984375 0.0390625 0.0703125
3 0.84765625 0.6396484375 0.23828125 0.51171875
3 0.775390625 0.46875 0.1796875 0.73046875
3 0.625 0.470703125 0.18359375 0.736328125
4 0.6669921875 0.802734375 0.0859375 0.076171875
4 0.1015625 0.98046875 0.05859375 0.0390625
3 0.1328125 0.5712890625 0.265625 0.857421875