5 0.01953125 0.138671875 0.0390625 0.140625
5 0.07421875 0.1337890625 0.140625 0.158203125
5 0.2236328125 0.068359375 0.140625 0.080078125
0 0.02734375 0.1357421875 0.0546875 0.076171875
4 0.0380859375 0.525390625 0.076171875 0.09765625
4 0.083984375 0.5166015625 0.087890625 0.087890625
4 0.1611328125 0.48046875 0.091796875 0.0703125
4 0.2880859375 0.4912109375 0.107421875 0.068359375
3 0.06640625 0.3271484375 0.1328125 0.525390625
3 0.107421875 0.2890625 0.21484375 0.48046875
3 0.2939453125 0.283203125 0.32421875 0.5390625
3 0.3271484375 0.8115234375 0.423828125 0.376953125
5 0.3330078125 0.8701171875 0.2578125 0.240234375
0 0.48046875 0.9716796875 0.05859375 0.056640625
1 0.2880859375 0.6875 0.150390625 0.0859375
3 0.8984375 0.7119140625 0.203125 0.470703125
5 0.9150390625 0.744140625 0.169921875 0.2578125
1 0.9169921875 0.5322265625 0.166015625 0.099609375