5 0.435546875 0.1240234375 0.103515625 0.169921875
4 0.0380859375 0.45703125 0.02734375 0.029296875
4 0.07421875 0.4560546875 0.02734375 0.033203125
4 0.115234375 0.39453125 0.03515625 0.115234375
4 0.14453125 0.39453125 0.03515625 0.111328125
4 0.1943359375 0.4228515625 0.037109375 0.0390625
4 0.2431640625 0.4482421875 0.0390625 0.0546875
4 0.2880859375 0.455078125 0.033203125 0.046875
4 0.333984375 0.4716796875 0.02734375 0.021484375
4 0.359375 0.474609375 0.025390625 0.017578125
4 0.40625 0.4443359375 0.0546875 0.044921875
4 0.4404296875 0.46875 0.03515625 0.03515625
4 0.509765625 0.4697265625 0.04296875 0.037109375
4 0.5703125 0.4794921875 0.048828125 0.0234375
3 0.556640625 0.24609375 0.18359375 0.4921875
3 0.431640625 0.2431640625 0.125 0.486328125
3 0.3505859375 0.2666015625 0.12890625 0.435546875
3 0.2705078125 0.2509765625 0.107421875 0.4609375
3 0.216796875 0.2255859375 0.1171875 0.451171875
3 0.1455078125 0.2353515625 0.1015625 0.4453125
3 0.0634765625 0.2373046875 0.126953125 0.474609375
2 0.0751953125 0.02734375 0.044921875 0.0546875
2 0.1513671875 0.05078125 0.03515625 0.052734375
2 0.220703125 0.0302734375 0.0390625 0.060546875
2 0.2822265625 0.05859375 0.0390625 0.05859375
2 0.3583984375 0.087890625 0.052734375 0.0703125
2 0.4365234375 0.017578125 0.048828125 0.03515625
2 0.556640625 0.044921875 0.05859375 0.068359375
3 0.9326171875 0.259765625 0.134765625 0.4921875
5 0.396484375 0.7158203125 0.525390625 0.48046875
1 0.96484375 0.5810546875 0.06640625 0.064453125
5 0.94140625 0.755859375 0.107421875 0.21875
3 0.9130859375 0.7607421875 0.173828125 0.478515625