5 0.75 0.53125 0.0986328125 0.166015625
4 0.130859375 0.865234375 0.04296875 0.0380859375
4 0.2021484375 0.857421875 0.0361328125 0.033203125
4 0.2431640625 0.8642578125 0.0380859375 0.041015625
4 0.2802734375 0.8642578125 0.0263671875 0.0361328125
4 0.365234375 0.880859375 0.0263671875 0.0361328125
4 0.400390625 0.876953125 0.0263671875 0.0361328125
4 0.4384765625 0.8125 0.03125 0.11328125
4 0.4677734375 0.8115234375 0.03125 0.1103515625
4 0.517578125 0.837890625 0.0361328125 0.0380859375
4 0.568359375 0.8603515625 0.0380859375 0.052734375
4 0.6142578125 0.8662109375 0.03125 0.0458984375
4 0.66015625 0.88671875 0.0263671875 0.03125
4 0.6865234375 0.888671875 0.0263671875 0.0263671875
4 0.73046875 0.8505859375 0.052734375 0.04296875
4 0.767578125 0.8818359375 0.033203125 0.0478515625
4 0.8369140625 0.8818359375 0.041015625 0.05078125
4 0.8974609375 0.8974609375 0.0478515625 0.0556640625
3 0.876953125 0.66796875 0.16796875 0.5263671875
3 0.7509765625 0.63671875 0.1083984375 0.552734375
3 0.6708984375 0.6865234375 0.115234375 0.4521484375
3 0.58984375 0.666015625 0.091796875 0.466796875
3 0.533203125 0.63671875 0.1005859375 0.4521484375
3 0.4638671875 0.6513671875 0.0888671875 0.4423828125
3 0.373046875 0.65234375 0.1318359375 0.51171875
3 0.26171875 0.66796875 0.115234375 0.466796875
3 0.1630859375 0.6572265625 0.1298828125 0.4833984375
2 0.1650390625 0.458984375 0.0458984375 0.0625
2 0.26953125 0.474609375 0.0478515625 0.0693359375
2 0.3857421875 0.439453125 0.04296875 0.0673828125
2 0.462890625 0.4677734375 0.0361328125 0.05078125
2 0.5322265625 0.4423828125 0.0361328125 0.064453125
2 0.59375 0.4697265625 0.0361328125 0.0576171875
2 0.6708984375 0.49609375 0.05078125 0.0693359375
2 0.7490234375 0.4072265625 0.0478515625 0.07421875
2 0.8681640625 0.447265625 0.0576171875 0.0673828125