1 0.4208984375 0.3173828125 0.09375 0.107421875
1 0.6455078125 0.265625 0.091796875 0.09765625
5 0.40234375 0.5029296875 0.203125 0.279296875
5 0.6318359375 0.4765625 0.236328125 0.328125
0 0.2548828125 0.6162109375 0.068359375 0.09375
0 0.4560546875 0.4150390625 0.095703125 0.07421875
0 0.6884765625 0.357421875 0.078125 0.09765625
0 0.7255859375 0.359375 0.05859375 0.08984375
4 0.2744140625 0.91796875 0.1015625 0.1015625
4 0.365234375 0.8720703125 0.0703125 0.095703125
4 0.5224609375 0.93359375 0.087890625 0.109375
4 0.5712890625 0.931640625 0.064453125 0.0859375
3 0.3603515625 0.6005859375 0.419921875 0.771484375
3 0.6171875 0.6015625 0.43359375 0.796875