5 0.41796875 0.119140625 0.26953125 0.23828125
0 0.56640625 0.134765625 0.1181640625 0.1005859375
3 0.3544921875 0.1943359375 0.708984375 0.388671875
0 0.8544921875 0.2392578125 0.291015625 0.30078125
5 0.37109375 0.615234375 0.17578125 0.158203125
0 0.1259765625 0.4521484375 0.09375 0.0888671875
0 0.5947265625 0.4375 0.0888671875 0.095703125
4 0.3271484375 0.9853515625 0.072265625 0.029296875
4 0.404296875 0.986328125 0.0673828125 0.0263671875
3 0.37890625 0.6943359375 0.5888671875 0.6103515625
3 0.794921875 0.6943359375 0.1708984375 0.6103515625