1 0.03515625 0.07421875 0.0693359375 0.0869140625
1 0.4130859375 0.1005859375 0.126953125 0.0791015625
0 0.0205078125 0.1650390625 0.041015625 0.064453125
0 0.302734375 0.166015625 0.0576171875 0.060546875
0 0.337890625 0.240234375 0.0673828125 0.0576171875
4 0.486328125 0.509765625 0.064453125 0.1103515625
3 0.0419921875 0.294921875 0.083984375 0.57421875
3 0.390625 0.2978515625 0.2568359375 0.533203125
5 0.5576171875 0.2880859375 0.0771484375 0.154296875
0 0.625 0.376953125 0.029296875 0.05078125
4 0.580078125 0.5419921875 0.083984375 0.1005859375
1 0.5458984375 0.169921875 0.052734375 0.064453125
3 0.58984375 0.3662109375 0.1416015625 0.4638671875
4 0.4599609375 0.76171875 0.064453125 0.1005859375
5 0.9072265625 0.7275390625 0.185546875 0.17578125
0 0.828125 0.83984375 0.0576171875 0.05078125
4 0.9072265625 0.9677734375 0.07421875 0.064453125
3 0.88671875 0.8193359375 0.2255859375 0.3603515625