5 0.0673828125 0.2177734375 0.134765625 0.333984375
0 0.1474609375 0.28125 0.1201171875 0.1005859375
3 0.1611328125 0.224609375 0.322265625 0.44921875
5 0.85546875 0.31640625 0.2880859375 0.2666015625
2 0.892578125 0.09765625 0.1611328125 0.1943359375
3 0.8076171875 0.224609375 0.384765625 0.44921875
5 0.224609375 0.724609375 0.3486328125 0.55078125
1 0.55859375 0.6630859375 0.095703125 0.052734375
0 0.4521484375 0.9599609375 0.052734375 0.0791015625
0 0.6787109375 0.947265625 0.0380859375 0.072265625
5 0.564453125 0.8427734375 0.1630859375 0.19921875
3 0.560546875 0.8076171875 0.3076171875 0.384765625