1 0.03515625 0.134765625 0.0693359375 0.1630859375
1 0.1865234375 0.05859375 0.119140625 0.1171875
1 0.3857421875 0.044921875 0.166015625 0.0888671875
0 0.3369140625 0.28125 0.0869140625 0.15625
0 0.345703125 0.4150390625 0.11328125 0.1416015625
3 0.40625 0.244140625 0.2451171875 0.48828125
3 0.1923828125 0.244140625 0.2548828125 0.48828125
5 0.41796875 0.287109375 0.220703125 0.3056640625
5 0.19140625 0.298828125 0.2548828125 0.228515625
5 0.796875 0.021484375 0.103515625 0.04296875
0 0.7392578125 0.0576171875 0.0361328125 0.0244140625
0 0.8486328125 0.0615234375 0.0263671875 0.029296875
4 0.75 0.1337890625 0.0458984375 0.0478515625
4 0.8232421875 0.142578125 0.052734375 0.060546875
3 0.7958984375 0.0888671875 0.1630859375 0.177734375
5 0.228515625 0.814453125 0.2646484375 0.3701171875
5 0.482421875 0.822265625 0.09375 0.35546875
3 0.2021484375 0.744140625 0.3271484375 0.51171875
3 0.4384765625 0.744140625 0.1806640625 0.51171875
5 0.9130859375 0.5625 0.154296875 0.123046875
0 0.8349609375 0.642578125 0.04296875 0.0361328125
0 0.9873046875 0.6328125 0.025390625 0.03515625
4 0.88671875 0.74609375 0.0625 0.07421875
4 0.9599609375 0.75 0.0625 0.0771484375
3 0.8984375 0.646484375 0.203125 0.3203125