1 0.5224609375 0.1396484375 0.1640625 0.2421875
1 0.361328125 0.2392578125 0.12890625 0.19140625
1 0.1630859375 0.341796875 0.099609375 0.125
0 0.591796875 0.6171875 0.123046875 0.162109375
0 0.4306640625 0.5927734375 0.095703125 0.10546875
0 0.3935546875 0.4296875 0.078125 0.123046875
0 0.2919921875 0.5078125 0.078125 0.0625
0 0.2236328125 0.4169921875 0.083984375 0.0625
4 0.7412109375 0.8642578125 0.115234375 0.123046875
4 0.1279296875 0.6748046875 0.10546875 0.1015625
4 0.666015625 0.8115234375 0.11328125 0.087890625
5 0.6142578125 0.1943359375 0.384765625 0.388671875
5 0.1005859375 0.46875 0.173828125 0.2578125
5 0.404296875 0.1962890625 0.169921875 0.26171875
3 0.6572265625 0.4775390625 0.494140625 0.955078125
3 0.4677734375 0.376953125 0.365234375 0.724609375
3 0.1767578125 0.4921875 0.353515625 0.509765625