5 0.2880859375 0.041015625 0.3076171875 0.08203125
4 0.28515625 0.462890625 0.17578125 0.03125
4 0.1708984375 0.458984375 0.1826171875 0.0380859375
3 0.27734375 0.2392578125 0.4443359375 0.478515625
5 0.8896484375 0.1572265625 0.177734375 0.314453125
3 0.8251953125 0.2392578125 0.349609375 0.478515625
6 0.697265625 0.244140625 0.0791015625 0.091796875
3 0.1142578125 0.7421875 0.228515625 0.515625
6 0.09375 0.865234375 0.05078125 0.064453125
2 0.1044921875 0.5869140625 0.0869140625 0.1728515625
6 0.01953125 0.8798828125 0.0380859375 0.072265625
1 0.8017578125 0.5068359375 0.0888671875 0.0576171875
0 0.5615234375 0.646484375 0.0263671875 0.091796875
5 0.814453125 0.7822265625 0.1728515625 0.314453125
3 0.7734375 0.7392578125 0.453125 0.521484375