1 0.087890625 0.322265625 0.044921875 0.05078125
1 0.19921875 0.2763671875 0.0390625 0.041015625
1 0.2998046875 0.271484375 0.0390625 0.04296875
1 0.3818359375 0.2548828125 0.04296875 0.052734375
3 0.08984375 0.3525390625 0.177734375 0.16015625
3 0.220703125 0.322265625 0.1484375 0.173828125
3 0.3203125 0.30859375 0.12109375 0.162109375
3 0.3837890625 0.3017578125 0.08984375 0.15234375
5 0.5419921875 0.2783203125 0.15234375 0.158203125
1 0.4208984375 0.2158203125 0.044921875 0.08203125
1 0.4833984375 0.15625 0.078125 0.09765625
1 0.556640625 0.1533203125 0.08203125 0.08203125
0 0.6005859375 0.24609375 0.046875 0.06640625
0 0.6591796875 0.236328125 0.064453125 0.05859375
3 0.5673828125 0.2119140625 0.287109375 0.30078125
5 0.3369140625 0.6796875 0.33984375 0.4453125
3 0.328125 0.68359375 0.3984375 0.6328125
1 0.83984375 0.3759765625 0.18359375 0.16796875
4 0.97265625 0.89453125 0.0546875 0.078125
0 0.9404296875 0.69921875 0.119140625 0.19921875
3 0.7900390625 0.630859375 0.419921875 0.69140625
3 0.935546875 0.6064453125 0.12890625 0.650390625
6 0.8876953125 0.8408203125 0.076171875 0.125