0 0.1171875 0.1728515625 0.13671875 0.216796875
3 0.1572265625 0.23046875 0.306640625 0.4609375
3 0.3134765625 0.2548828125 0.318359375 0.509765625
5 0.728515625 0.2451171875 0.18359375 0.181640625
0 0.6103515625 0.3017578125 0.0546875 0.052734375
0 0.8017578125 0.357421875 0.056640625 0.052734375
4 0.689453125 0.447265625 0.08203125 0.091796875
4 0.6025390625 0.427734375 0.072265625 0.08984375
1 0.7666015625 0.1220703125 0.103515625 0.05859375
3 0.7177734375 0.2900390625 0.357421875 0.443359375
5 0.130859375 0.6015625 0.26171875 0.3671875
3 0.6630859375 0.7880859375 0.451171875 0.423828125
5 0.6826171875 0.767578125 0.279296875 0.255859375
4 0.541015625 0.9755859375 0.10546875 0.048828125
0 0.533203125 0.8525390625 0.07421875 0.064453125
0 0.7724609375 0.9150390625 0.072265625 0.06640625