3 0.44140625 0.31640625 0.111328125 0.330078125
3 0.36328125 0.287109375 0.1796875 0.373046875
3 0.251953125 0.2919921875 0.158203125 0.33203125
3 0.1552734375 0.267578125 0.173828125 0.35546875
2 0.17578125 0.1435546875 0.0546875 0.068359375
2 0.2763671875 0.173828125 0.056640625 0.07421875
2 0.396484375 0.1552734375 0.052734375 0.072265625
2 0.46875 0.1943359375 0.04296875 0.0546875
1 0.5693359375 0.0576171875 0.0546875 0.056640625
1 0.708984375 0.0546875 0.0546875 0.0546875
1 0.771484375 0.076171875 0.0625 0.078125
5 0.54296875 0.1923828125 0.142578125 0.314453125
5 0.5478515625 0.23828125 0.078125 0.123046875
5 0.681640625 0.1923828125 0.09765625 0.166015625
5 0.76171875 0.20703125 0.1171875 0.201171875
5 0.9482421875 0.2177734375 0.103515625 0.201171875
1 0.9677734375 0.0732421875 0.064453125 0.033203125
3 0.90234375 0.3017578125 0.1953125 0.509765625
3 0.7470703125 0.2763671875 0.201171875 0.501953125
3 0.6630859375 0.2646484375 0.189453125 0.5
3 0.5458984375 0.2548828125 0.189453125 0.486328125
5 0.2255859375 0.7021484375 0.451171875 0.568359375
1 0.6904296875 0.6142578125 0.154296875 0.09375
0 0.54296875 0.96484375 0.0546875 0.0703125
0 0.7490234375 0.990234375 0.095703125 0.01953125
5 0.6748046875 0.853515625 0.216796875 0.29296875
3 0.6748046875 0.7626953125 0.482421875 0.474609375