1 0.4619140625 0.15234375 0.0791015625 0.0625
5 0.453125 0.3291015625 0.1298828125 0.2138671875
4 0.431640625 0.6474609375 0.060546875 0.060546875
4 0.47265625 0.6396484375 0.041015625 0.0771484375
3 0.4287109375 0.38671875 0.19921875 0.58203125
5 0.693359375 0.18359375 0.310546875 0.3583984375
3 0.716796875 0.3388671875 0.375 0.677734375
1 0.0361328125 0.8115234375 0.04296875 0.0673828125
5 0.1396484375 0.80078125 0.1298828125 0.0791015625
0 0.1865234375 0.875 0.04296875 0.0478515625
0 0.205078125 0.76953125 0.0556640625 0.0556640625
4 0.333984375 0.8486328125 0.029296875 0.0673828125
4 0.330078125 0.78125 0.033203125 0.0673828125
3 0.197265625 0.8271484375 0.39453125 0.1923828125
5 0.7451171875 0.8388671875 0.4326171875 0.322265625