3 0.060546875 0.3486328125 0.12109375 0.583984375
1 0.517578125 0.2900390625 0.099609375 0.1796875
5 0.7607421875 0.2529296875 0.302734375 0.216796875
0 0.8828125 0.3662109375 0.099609375 0.08203125
0 0.92578125 0.166015625 0.1015625 0.099609375
3 0.712890625 0.2607421875 0.560546875 0.388671875
0 0.1640625 0.681640625 0.076171875 0.111328125
1 0.052734375 0.6630859375 0.08203125 0.0546875
5 0.103515625 0.9228515625 0.1484375 0.154296875
3 0.13671875 0.810546875 0.25390625 0.37890625
0 0.83203125 0.759765625 0.08203125 0.111328125
0 0.9140625 0.6787109375 0.1171875 0.169921875
4 0.6748046875 0.826171875 0.177734375 0.318359375
3 0.76171875 0.7734375 0.4765625 0.44140625