0 0.314453125 0.2021484375 0.0859375 0.095703125
0 0.2958984375 0.0498046875 0.0625 0.09375
0 0.1875 0.1015625 0.072265625 0.0546875
0 0.1298828125 0.0185546875 0.078125 0.025390625
4 0.0244140625 0.248046875 0.048828125 0.08984375
5 0.0361328125 0.083984375 0.072265625 0.15234375
3 0.302734375 0.1728515625 0.125 0.341796875
3 0.111328125 0.15625 0.22265625 0.3046875
5 0.6865234375 0.1513671875 0.181640625 0.302734375
0 0.759765625 0.189453125 0.06640625 0.083984375
0 0.6123046875 0.28125 0.052734375 0.111328125
3 0.6982421875 0.2685546875 0.326171875 0.537109375
0 0.1875 0.76953125 0.375 0.4609375
0 0.6484375 0.6005859375 0.267578125 0.134765625
0 0.6416015625 0.84375 0.400390625 0.3125