1 0.193359375 0.4326171875 0.126953125 0.125
5 0.1044921875 0.4833984375 0.19140625 0.169921875
3 0.2958984375 0.4423828125 0.2421875 0.1875
3 0.1513671875 0.44140625 0.302734375 0.26171875
6 0.296875 0.5078125 0.044921875 0.02734375
3 0.8125 0.216796875 0.34765625 0.43359375
5 0.8291015625 0.12109375 0.244140625 0.2421875
0 0.767578125 0.263671875 0.072265625 0.06640625
4 0.8759765625 0.3837890625 0.111328125 0.060546875
3 0.3330078125 0.8056640625 0.361328125 0.388671875
5 0.3603515625 0.84765625 0.267578125 0.240234375
0 0.265625 0.9814453125 0.0703125 0.037109375
0 0.490234375 0.94140625 0.033203125 0.0546875
1 0.3251953125 0.6630859375 0.14453125 0.080078125
5 0.888671875 0.5322265625 0.22265625 0.291015625
0 0.826171875 0.7236328125 0.095703125 0.08203125
4 0.966796875 0.8798828125 0.06640625 0.083984375
4 0.9267578125 0.865234375 0.083984375 0.12890625
3 0.845703125 0.6669921875 0.30859375 0.568359375