0 0.349609375 0.2705078125 0.103515625 0.07421875
0 0.193359375 0.2607421875 0.083984375 0.09375
0 0.1806640625 0.095703125 0.0625 0.115234375
0 0.0693359375 0.158203125 0.072265625 0.052734375
0 0.0263671875 0.060546875 0.052734375 0.052734375
3 0.37109375 0.154296875 0.2333984375 0.3076171875
3 0.2607421875 0.154296875 0.271484375 0.3076171875
3 0.05078125 0.154296875 0.1005859375 0.3076171875
5 0.744140625 0.154296875 0.51171875 0.3076171875
1 0.0947265625 0.650390625 0.0625 0.11328125
0 0.376953125 0.5224609375 0.07421875 0.0693359375
0 0.39453125 0.755859375 0.091796875 0.0673828125
5 0.2763671875 0.6396484375 0.21875 0.16796875
3 0.2568359375 0.6572265625 0.4619140625 0.314453125
5 0.744140625 0.6533203125 0.51171875 0.693359375