5 0.3037109375 0.0400390625 0.310546875 0.080078125
4 0.2861328125 0.455078125 0.177734375 0.037109375
4 0.1728515625 0.447265625 0.18359375 0.044921875
3 0.28515625 0.2392578125 0.4609375 0.478515625
5 0.9013671875 0.1708984375 0.189453125 0.3203125
3 0.8251953125 0.2509765625 0.349609375 0.490234375
6 0.7060546875 0.2509765625 0.08203125 0.09375
3 0.1142578125 0.728515625 0.228515625 0.5234375
6 0.0810546875 0.8505859375 0.052734375 0.06640625
2 0.1015625 0.5732421875 0.09375 0.17578125
6 0.013671875 0.86328125 0.02734375 0.07421875
1 0.8017578125 0.517578125 0.091796875 0.060546875
0 0.556640625 0.6484375 0.029296875 0.091796875
5 0.8046875 0.79296875 0.18359375 0.3203125
3 0.7646484375 0.740234375 0.470703125 0.51953125