5 0.08203125 0.189453125 0.13671875 0.271484375
5 0.1962890625 0.189453125 0.123046875 0.302734375
5 0.3525390625 0.12890625 0.1318359375 0.2568359375
1 0.103515625 0.013671875 0.0869140625 0.0263671875
0 0.4130859375 0.029296875 0.0380859375 0.0576171875
0 0.474609375 0.029296875 0.0576171875 0.05078125
0 0.14453125 0.263671875 0.052734375 0.0693359375
3 0.0927734375 0.2294921875 0.185546875 0.458984375
3 0.1962890625 0.2294921875 0.1611328125 0.458984375
3 0.38671875 0.2294921875 0.2451171875 0.458984375
3 0.62890625 0.2119140625 0.23828125 0.4228515625
5 0.5947265625 0.060546875 0.1708984375 0.1201171875
0 0.6494140625 0.1552734375 0.091796875 0.064453125
4 0.6357421875 0.3505859375 0.1181640625 0.13671875
4 0.546875 0.3193359375 0.07421875 0.125
5 0.369140625 0.6669921875 0.15625 0.1416015625
0 0.2724609375 0.7548828125 0.0458984375 0.0361328125
0 0.474609375 0.751953125 0.0361328125 0.04296875
4 0.37890625 0.8701171875 0.0625 0.08203125
4 0.314453125 0.8798828125 0.052734375 0.0888671875
1 0.375 0.537109375 0.09375 0.0380859375
3 0.3701171875 0.724609375 0.26171875 0.4111328125
1 0.818359375 0.5068359375 0.1416015625 0.095703125
5 0.8828125 0.5869140625 0.234375 0.255859375
4 0.75390625 0.9287109375 0.15625 0.134765625
3 0.8115234375 0.7294921875 0.376953125 0.541015625