5 0.0615234375 0.0361328125 0.08984375 0.072265625
5 0.259765625 0.0263671875 0.1015625 0.052734375
4 0.2099609375 0.314453125 0.0546875 0.02734375
4 0.279296875 0.3134765625 0.033203125 0.02734375
4 0.052734375 0.3125 0.046875 0.03515625
3 0.2509765625 0.1767578125 0.19921875 0.353515625
3 0.0625 0.17578125 0.125 0.3515625
5 0.5068359375 0.314453125 0.154296875 0.333984375
0 0.490234375 0.478515625 0.052734375 0.1015625
2 0.509765625 0.1005859375 0.09765625 0.134765625
3 0.513671875 0.2802734375 0.166015625 0.498046875
1 0.013671875 0.6669921875 0.02734375 0.109375
0 0.23828125 0.767578125 0.09765625 0.109375
5 0.0419921875 0.8955078125 0.083984375 0.208984375
3 0.158203125 0.7890625 0.31640625 0.421875
5 0.689453125 0.7646484375 0.62109375 0.470703125