3 0.193359375 0.34765625 0.38671875 0.6953125
2 0.1533203125 0.0244140625 0.150390625 0.048828125
3 0.0615234375 0.138671875 0.119140625 0.27734375
6 0.3310546875 0.2919921875 0.107421875 0.115234375
6 0.30078125 0.3916015625 0.0859375 0.09765625
5 0.8681640625 0.1611328125 0.263671875 0.314453125
5 0.5 0.15625 0.234375 0.3125
0 0.404296875 0.3330078125 0.044921875 0.083984375
0 0.6220703125 0.0126953125 0.0390625 0.021484375
3 0.5185546875 0.3505859375 0.283203125 0.701171875
3 0.837890625 0.3544921875 0.32421875 0.705078125
4 0.0830078125 0.8984375 0.142578125 0.048828125
3 0.0966796875 0.822265625 0.193359375 0.265625
0 0.646484375 0.72265625 0.0703125 0.04296875
4 0.591796875 0.955078125 0.142578125 0.048828125
3 0.568359375 0.8486328125 0.26953125 0.302734375