1 0.6875 0.03515625 0.1513671875 0.0693359375
1 0.517578125 0.2490234375 0.1630859375 0.2451171875
0 0.697265625 0.328125 0.0888671875 0.1201171875
0 0.771484375 0.3291015625 0.0791015625 0.1181640625
4 0.771484375 0.83984375 0.0986328125 0.095703125
4 0.5771484375 0.84765625 0.064453125 0.095703125
4 0.306640625 0.94921875 0.1083984375 0.1005859375
4 0.56640625 0.943359375 0.1611328125 0.1005859375
0 0.5693359375 0.6357421875 0.1005859375 0.185546875
3 0.4521484375 0.5537109375 0.375 0.8916015625
3 0.697265625 0.4443359375 0.27734375 0.888671875
6 0.4912109375 0.7705078125 0.060546875 0.103515625