5 0.09375 0.1806640625 0.1640625 0.34375
0 0.16796875 0.2509765625 0.12890625 0.111328125
3 0.185546875 0.216796875 0.359375 0.43359375
5 0.857421875 0.3466796875 0.28515625 0.291015625
2 0.91796875 0.1328125 0.1640625 0.20703125
3 0.8095703125 0.251953125 0.380859375 0.48046875
5 0.2060546875 0.7001953125 0.39453125 0.578125
1 0.5439453125 0.66796875 0.099609375 0.060546875
0 0.412109375 0.9541015625 0.05859375 0.083984375
0 0.638671875 0.9609375 0.044921875 0.076171875
5 0.5341796875 0.8466796875 0.1796875 0.212890625
3 0.533203125 0.802734375 0.33984375 0.39453125