1 0.51953125 0.0986328125 0.08203125 0.064453125
5 0.517578125 0.275390625 0.13671875 0.21875
5 0.646484375 0.24609375 0.12890625 0.25390625
1 0.6240234375 0.06640625 0.076171875 0.052734375
3 0.646484375 0.244140625 0.16015625 0.42578125
3 0.4931640625 0.2509765625 0.216796875 0.421875
4 0.7509765625 0.3857421875 0.056640625 0.1015625
4 0.8701171875 0.38671875 0.056640625 0.107421875
5 0.8193359375 0.041015625 0.150390625 0.08203125
1 0.0478515625 0.5 0.087890625 0.0546875
5 0.0634765625 0.7900390625 0.119140625 0.369140625
3 0.3046875 0.73046875 0.3203125 0.5390625
3 0.076171875 0.7353515625 0.15234375 0.529296875
6 0.185546875 0.9306640625 0.0546875 0.099609375
6 0.310546875 0.7353515625 0.05859375 0.0703125
2 0.30859375 0.5068359375 0.076171875 0.083984375
4 0.974609375 0.94921875 0.05078125 0.0703125
5 0.9384765625 0.5166015625 0.123046875 0.154296875
3 0.90234375 0.71484375 0.1953125 0.546875