1 0.0400390625 0.3154296875 0.080078125 0.123046875
1 0.1787109375 0.1552734375 0.1484375 0.15234375
5 0.0966796875 0.51171875 0.193359375 0.33203125
0 0.04296875 0.6103515625 0.07421875 0.083984375
0 0.248046875 0.55859375 0.1328125 0.130859375
3 0.2265625 0.4072265625 0.318359375 0.65625
3 0.11328125 0.515625 0.2265625 0.53515625
5 0.5966796875 0.3916015625 0.328125 0.31640625
0 0.5009765625 0.591796875 0.09765625 0.0859375
0 0.8662109375 0.462890625 0.09765625 0.09765625
1 0.544921875 0.1572265625 0.212890625 0.130859375
3 0.6259765625 0.3583984375 0.638671875 0.642578125
3 0.142578125 0.8798828125 0.171875 0.240234375
3 0.3837890625 0.8466796875 0.177734375 0.306640625
3 0.7080078125 0.75390625 0.400390625 0.359375
4 0.7451171875 0.796875 0.224609375 0.19140625
4 0.6884765625 0.74609375 0.228515625 0.1875