5 0.4716796875 0.0810546875 0.240234375 0.162109375
5 0.119140625 0.103515625 0.23828125 0.171875
0 0.029296875 0.2119140625 0.05859375 0.087890625
3 0.1513671875 0.2578125 0.302734375 0.48828125
3 0.4560546875 0.240234375 0.314453125 0.48046875
4 0.876953125 0.4287109375 0.158203125 0.037109375
3 0.7890625 0.23046875 0.4140625 0.4609375
1 0.3740234375 0.548828125 0.080078125 0.130859375
0 0.3203125 0.583984375 0.05859375 0.091796875
0 0.42578125 0.58203125 0.056640625 0.078125
5 0.40625 0.802734375 0.1875 0.17578125
3 0.3955078125 0.7333984375 0.337890625 0.533203125
5 0.9267578125 0.6630859375 0.146484375 0.357421875
3 0.880859375 0.70703125 0.23828125 0.546875
2 0.9541015625 0.478515625 0.091796875 0.09375
6 0.974609375 0.8583984375 0.05078125 0.099609375