5 0.0458984375 0.0634765625 0.091796875 0.126953125
5 0.13671875 0.0712890625 0.1201171875 0.1416015625
5 0.294921875 0.0302734375 0.1318359375 0.060546875
0 0.0869140625 0.06640625 0.052734375 0.0693359375
4 0.0361328125 0.4521484375 0.072265625 0.0869140625
4 0.0869140625 0.451171875 0.0771484375 0.0771484375
4 0.16796875 0.427734375 0.083984375 0.0576171875
4 0.2919921875 0.4580078125 0.1005859375 0.052734375
3 0.0634765625 0.255859375 0.126953125 0.51171875
3 0.1376953125 0.23046875 0.162109375 0.4609375
3 0.330078125 0.25390625 0.248046875 0.5068359375
3 0.2763671875 0.8095703125 0.369140625 0.380859375
5 0.27734375 0.83984375 0.228515625 0.20703125
0 0.16015625 0.978515625 0.0791015625 0.04296875
0 0.40625 0.966796875 0.05078125 0.0556640625
1 0.26171875 0.65234375 0.1416015625 0.064453125
3 0.896484375 0.77734375 0.20703125 0.4443359375
5 0.9013671875 0.810546875 0.197265625 0.23046875
0 0.9599609375 0.9697265625 0.060546875 0.060546875
1 0.9140625 0.599609375 0.171875 0.07421875