5 0.1640625 0.275390625 0.328125 0.45703125
3 0.1884765625 0.267578125 0.376953125 0.47265625
4 0.8525390625 0.1015625 0.095703125 0.103515625
3 0.8291015625 0.0888671875 0.208984375 0.177734375
3 0.265625 0.75 0.4375 0.5
5 0.2373046875 0.7724609375 0.302734375 0.26953125
0 0.240234375 0.923828125 0.095703125 0.0703125
0 0.40234375 0.8447265625 0.068359375 0.072265625
4 0.3876953125 0.9775390625 0.185546875 0.044921875
1 0.1953125 0.5771484375 0.1640625 0.09765625
5 0.6630859375 0.7578125 0.39453125 0.482421875
3 0.6474609375 0.671875 0.435546875 0.654296875