5 0.1767578125 0.2021484375 0.3388671875 0.39453125
3 0.1982421875 0.19921875 0.396484375 0.3984375
0 0.8837890625 0.0478515625 0.05078125 0.05078125
4 0.927734375 0.18359375 0.0791015625 0.0888671875
3 0.9169921875 0.12109375 0.162109375 0.2421875
3 0.2109375 0.7373046875 0.3359375 0.525390625
5 0.1865234375 0.7119140625 0.26171875 0.220703125
0 0.158203125 0.8603515625 0.0869140625 0.052734375
0 0.3330078125 0.8173828125 0.0556640625 0.0625
4 0.1630859375 0.9814453125 0.134765625 0.037109375
4 0.2861328125 0.9697265625 0.177734375 0.060546875
1 0.185546875 0.51171875 0.154296875 0.0673828125
5 0.60546875 0.7861328125 0.3125 0.427734375
3 0.6083984375 0.69921875 0.3173828125 0.6005859375