5 0.416015625 0.2568359375 0.17578125 0.513671875
3 0.361328125 0.2734375 0.28515625 0.546875
3 0.814453125 0.236328125 0.32421875 0.4609375
5 0.802734375 0.0830078125 0.265625 0.154296875
4 0.814453125 0.3955078125 0.189453125 0.130859375
4 0.8828125 0.341796875 0.16015625 0.125
0 0.8388671875 0.205078125 0.08203125 0.060546875
3 0.109375 0.6513671875 0.21875 0.240234375
0 0.0517578125 0.5419921875 0.08984375 0.0234375
4 0.0576171875 0.6953125 0.115234375 0.125
4 0.119140625 0.66015625 0.154296875 0.115234375
1 0.810546875 0.71484375 0.12890625 0.083984375
0 0.697265625 0.7763671875 0.060546875 0.0625
0 0.7294921875 0.8515625 0.0703125 0.060546875
3 0.8212890625 0.8203125 0.345703125 0.359375