5 0.201171875 0.26171875 0.40234375 0.49609375
3 0.2373046875 0.2578125 0.474609375 0.50390625
5 0.517578125 0.173828125 0.1484375 0.283203125
5 0.6220703125 0.1630859375 0.158203125 0.31640625
5 0.76953125 0.109375 0.16015625 0.21875
0 0.5791015625 0.2421875 0.060546875 0.076171875
3 0.5419921875 0.224609375 0.205078125 0.44921875
3 0.626953125 0.2197265625 0.21484375 0.439453125
3 0.818359375 0.2109375 0.30078125 0.421875
5 0.13671875 0.54296875 0.142578125 0.111328125
4 0.078125 0.966796875 0.0546875 0.06640625
4 0.1875 0.9765625 0.10546875 0.046875
3 0.0576171875 0.7509765625 0.115234375 0.498046875
3 0.19921875 0.7373046875 0.3125 0.525390625
5 0.6064453125 0.7548828125 0.166015625 0.1640625
0 0.7177734375 0.830078125 0.04296875 0.046875
4 0.609375 0.9619140625 0.068359375 0.064453125
4 0.650390625 0.94921875 0.05859375 0.078125
1 0.59375 0.6201171875 0.107421875 0.0546875
3 0.640625 0.7880859375 0.255859375 0.41796875