5 0.0673828125 0.25390625 0.134765625 0.34765625
5 0.2724609375 0.2119140625 0.310546875 0.384765625
3 0.0869140625 0.2646484375 0.173828125 0.384765625
3 0.25 0.216796875 0.353515625 0.39453125
3 0.5185546875 0.1572265625 0.326171875 0.314453125
0 0.4736328125 0.041015625 0.091796875 0.07421875
4 0.49609375 0.21484375 0.19921875 0.16015625
4 0.5732421875 0.1640625 0.173828125 0.134765625
5 0.1318359375 0.541015625 0.234375 0.1171875
0 0.0576171875 0.6279296875 0.0703125 0.05859375
0 0.2705078125 0.57421875 0.068359375 0.056640625
4 0.1611328125 0.7587890625 0.099609375 0.126953125
4 0.287109375 0.732421875 0.11328125 0.123046875
3 0.177734375 0.6552734375 0.35546875 0.369140625
5 0.7060546875 0.5146484375 0.271484375 0.23828125
0 0.62890625 0.66015625 0.07421875 0.064453125
0 0.857421875 0.6064453125 0.0703125 0.0625
4 0.7373046875 0.798828125 0.099609375 0.119140625
4 0.8603515625 0.7724609375 0.1171875 0.130859375
3 0.7333984375 0.6201171875 0.439453125 0.537109375