5 0.20703125 0.345703125 0.240234375 0.3271484375
3 0.2099609375 0.2646484375 0.2958984375 0.490234375
2 0.203125 0.099609375 0.1181640625 0.134765625
1 0.5205078125 0.1923828125 0.2041015625 0.154296875
1 0.513671875 0.435546875 0.189453125 0.1494140625
0 0.716796875 0.271484375 0.13671875 0.1181640625
0 0.8583984375 0.345703125 0.158203125 0.126953125
0 0.9013671875 0.474609375 0.125 0.0693359375
3 0.701171875 0.4306640625 0.564453125 0.158203125
3 0.6806640625 0.3115234375 0.5244140625 0.396484375
3 0.1630859375 0.7431640625 0.326171875 0.466796875
5 0.1259765625 0.59765625 0.251953125 0.17578125
0 0.115234375 0.724609375 0.0791015625 0.0556640625
0 0.275390625 0.681640625 0.060546875 0.0576171875
4 0.115234375 0.9052734375 0.1728515625 0.126953125
4 0.2275390625 0.869140625 0.1630859375 0.1103515625
5 0.88671875 0.5927734375 0.2119140625 0.166015625
0 0.7705078125 0.70703125 0.0625 0.0458984375
4 0.861328125 0.88671875 0.095703125 0.125
4 0.9052734375 0.83203125 0.060546875 0.09375
3 0.8583984375 0.7353515625 0.283203125 0.4521484375