3 0.2421875 0.34765625 0.123046875 0.28125
2 0.28515625 0.287109375 0.037109375 0.142578125
3 0.7109375 0.2607421875 0.369140625 0.517578125
5 0.7177734375 0.1220703125 0.26953125 0.236328125
0 0.7724609375 0.28125 0.123046875 0.0703125
0 0.5751953125 0.2392578125 0.076171875 0.06640625
4 0.7509765625 0.46484375 0.150390625 0.103515625
4 0.64453125 0.4443359375 0.16015625 0.134765625
5 0.20703125 0.5771484375 0.1640625 0.193359375
3 0.17578125 0.7333984375 0.224609375 0.509765625
5 0.4287109375 0.5537109375 0.21875 0.126953125
0 0.337890625 0.63671875 0.064453125 0.046875
0 0.5439453125 0.638671875 0.0625 0.056640625
4 0.4013671875 0.78125 0.083984375 0.107421875
4 0.521484375 0.787109375 0.091796875 0.10546875
3 0.4375 0.6669921875 0.33203125 0.35546875