5 0.244140625 0.162109375 0.458984375 0.314453125
3 0.2822265625 0.2841796875 0.564453125 0.568359375
3 0.623046875 0.232421875 0.30078125 0.46484375
5 0.603515625 0.2392578125 0.205078125 0.265625
0 0.6640625 0.3896484375 0.10546875 0.0859375
1 0.5361328125 0.033203125 0.126953125 0.06640625
5 0.451171875 0.7998046875 0.421875 0.400390625
1 0.4130859375 0.5126953125 0.189453125 0.0703125
3 0.3994140625 0.732421875 0.529296875 0.53515625
5 0.7880859375 0.5625 0.203125 0.181640625
0 0.9130859375 0.6337890625 0.056640625 0.056640625
0 0.7275390625 0.6806640625 0.056640625 0.0546875
4 0.8173828125 0.7841796875 0.08203125 0.09765625
4 0.9052734375 0.78125 0.0859375 0.099609375
1 0.7578125 0.439453125 0.11328125 0.044921875
3 0.806640625 0.6376953125 0.35546875 0.4765625