5 0.21484375 0.3984375 0.4296875 0.40625
1 0.1123046875 0.078125 0.224609375 0.07421875
3 0.236328125 0.30859375 0.47265625 0.59375
5 0.5986328125 0.193359375 0.142578125 0.130859375
0 0.5390625 0.27734375 0.052734375 0.044921875
0 0.681640625 0.2451171875 0.041015625 0.041015625
4 0.6328125 0.3583984375 0.05859375 0.07421875
4 0.572265625 0.361328125 0.048828125 0.06640625
1 0.5830078125 0.095703125 0.08984375 0.052734375
3 0.6015625 0.240234375 0.2734375 0.369140625
3 0.4228515625 0.7607421875 0.255859375 0.47265625
5 0.423828125 0.6181640625 0.15625 0.1875
0 0.3857421875 0.740234375 0.068359375 0.0625
4 0.4912109375 0.8994140625 0.11328125 0.134765625
3 0.7861328125 0.6611328125 0.41796875 0.43359375
5 0.751953125 0.5244140625 0.2734375 0.140625
0 0.8896484375 0.576171875 0.09375 0.078125
0 0.6533203125 0.6171875 0.064453125 0.064453125
4 0.9052734375 0.759765625 0.11328125 0.14453125
4 0.771484375 0.7734375 0.134765625 0.138671875