5 0.203125 0.4326171875 0.2333984375 0.4423828125
3 0.185546875 0.359375 0.26953125 0.71875
2 0.234375 0.0869140625 0.1708984375 0.1728515625
3 0.67578125 0.3037109375 0.41796875 0.607421875
5 0.69140625 0.123046875 0.1943359375 0.2451171875
0 0.521484375 0.2509765625 0.064453125 0.0673828125
0 0.8037109375 0.294921875 0.1181640625 0.0771484375
4 0.6884765625 0.5263671875 0.20703125 0.1396484375
4 0.6552734375 0.462890625 0.17578125 0.125
5 0.259765625 0.859375 0.1201171875 0.28125
3 0.205078125 0.859375 0.228515625 0.28125
4 0.68359375 0.802734375 0.07421875 0.09375
4 0.7587890625 0.78515625 0.052734375 0.064453125
3 0.7236328125 0.7822265625 0.2451171875 0.126953125