5 0.0859375 0.279296875 0.171875 0.3984375
3 0.1396484375 0.2861328125 0.279296875 0.455078125
5 0.4951171875 0.06640625 0.119140625 0.1328125
0 0.5673828125 0.125 0.046875 0.05078125
4 0.5029296875 0.2568359375 0.03515625 0.072265625
4 0.5361328125 0.2333984375 0.076171875 0.080078125
3 0.5322265625 0.1484375 0.197265625 0.296875
1 0.0615234375 0.7314453125 0.064453125 0.111328125
1 0.2890625 0.6943359375 0.1171875 0.109375
1 0.494140625 0.654296875 0.119140625 0.111328125
5 0.1435546875 0.8759765625 0.185546875 0.248046875
5 0.34765625 0.8515625 0.23046875 0.296875
5 0.541015625 0.833984375 0.224609375 0.310546875
0 0.33984375 0.9775390625 0.08203125 0.044921875
0 0.529296875 0.9423828125 0.080078125 0.107421875
3 0.5302734375 0.791015625 0.259765625 0.41796875
3 0.3203125 0.8095703125 0.28125 0.380859375
3 0.1279296875 0.830078125 0.197265625 0.33984375
3 0.9248046875 0.5986328125 0.150390625 0.599609375
5 0.9609375 0.5859375 0.078125 0.28515625
1 0.9482421875 0.3486328125 0.072265625 0.0859375