5 0.0576171875 0.2431640625 0.115234375 0.4853515625
3 0.0830078125 0.2744140625 0.166015625 0.5478515625
6 0.1240234375 0.51171875 0.0791015625 0.072265625
4 0.4833984375 0.1044921875 0.0625 0.0986328125
4 0.6025390625 0.1005859375 0.083984375 0.095703125
3 0.5146484375 0.0791015625 0.322265625 0.158203125
5 0.7822265625 0.7353515625 0.115234375 0.10546875
0 0.86328125 0.791015625 0.0361328125 0.029296875
0 0.7138671875 0.8017578125 0.029296875 0.03125
4 0.794921875 0.875 0.04296875 0.060546875
4 0.7568359375 0.888671875 0.0478515625 0.0625
1 0.775390625 0.6455078125 0.0625 0.03125
3 0.78515625 0.779296875 0.1806640625 0.2958984375