5 0.0615234375 0.3564453125 0.123046875 0.498046875
3 0.09375 0.3818359375 0.1875 0.572265625
6 0.1376953125 0.6025390625 0.09375 0.08984375
4 0.388671875 0.1201171875 0.083984375 0.111328125
4 0.5029296875 0.087890625 0.10546875 0.11328125
3 0.412109375 0.1015625 0.3515625 0.203125
5 0.8310546875 0.66015625 0.13671875 0.130859375
0 0.9228515625 0.6943359375 0.04296875 0.037109375
0 0.7802734375 0.7412109375 0.03515625 0.037109375
4 0.876953125 0.79296875 0.056640625 0.068359375
4 0.8427734375 0.8154296875 0.0625 0.072265625
1 0.802734375 0.57421875 0.068359375 0.044921875
3 0.8447265625 0.7021484375 0.24609375 0.330078125