5 0.0595703125 0.3408203125 0.119140625 0.498046875
3 0.0908203125 0.365234375 0.181640625 0.5703125
6 0.134765625 0.58984375 0.091796875 0.087890625
4 0.4013671875 0.1162109375 0.08203125 0.109375
4 0.517578125 0.087890625 0.1015625 0.111328125
3 0.42578125 0.09765625 0.34765625 0.1953125
5 0.8251953125 0.671875 0.134765625 0.126953125
0 0.916015625 0.708984375 0.041015625 0.037109375
0 0.771484375 0.7509765625 0.03515625 0.037109375
4 0.8662109375 0.8056640625 0.0546875 0.068359375
4 0.83203125 0.8271484375 0.060546875 0.0703125
1 0.7998046875 0.5849609375 0.068359375 0.04296875
3 0.8369140625 0.7138671875 0.23828125 0.326171875