1 0.265625 0.337890625 0.146484375 0.1181640625
3 0.220703125 0.375 0.39453125 0.20703125
3 0.8466796875 0.2607421875 0.306640625 0.435546875
5 0.8818359375 0.2802734375 0.2353515625 0.208984375
0 0.765625 0.423828125 0.0791015625 0.0556640625
1 0.8740234375 0.08203125 0.146484375 0.064453125
5 0.2333984375 0.7099609375 0.1708984375 0.1513671875
0 0.349609375 0.8017578125 0.03125 0.0478515625
0 0.1494140625 0.8125 0.05078125 0.0478515625
4 0.287109375 0.9287109375 0.060546875 0.0869140625
4 0.220703125 0.935546875 0.0673828125 0.083984375
1 0.2275390625 0.57421875 0.0986328125 0.0458984375
3 0.244140625 0.7724609375 0.283203125 0.4541015625
5 0.5625 0.748046875 0.2041015625 0.1728515625
0 0.4755859375 0.86328125 0.0556640625 0.041015625
0 0.68359375 0.84765625 0.05078125 0.05078125
4 0.5537109375 0.974609375 0.07421875 0.05078125
4 0.6669921875 0.9736328125 0.09375 0.052734375
1 0.5361328125 0.591796875 0.1083984375 0.05078125
3 0.568359375 0.7822265625 0.30078125 0.435546875