1 0.3193359375 0.279296875 0.173828125 0.154296875
3 0.265625 0.302734375 0.435546875 0.30859375
3 0.845703125 0.365234375 0.30859375 0.50390625
5 0.892578125 0.392578125 0.21484375 0.265625
0 0.7763671875 0.5 0.091796875 0.076171875
1 0.947265625 0.201171875 0.10546875 0.1015625
5 0.185546875 0.6279296875 0.205078125 0.193359375
0 0.2724609375 0.7490234375 0.04296875 0.0546875
0 0.0771484375 0.7041015625 0.0625 0.060546875
4 0.1767578125 0.853515625 0.08203125 0.099609375
4 0.111328125 0.841796875 0.087890625 0.099609375
1 0.2177734375 0.49609375 0.107421875 0.072265625
3 0.1884765625 0.6904296875 0.376953125 0.513671875
5 0.4921875 0.755859375 0.244140625 0.22265625
0 0.3759765625 0.8427734375 0.064453125 0.0546875
0 0.5810546875 0.884765625 0.0625 0.0625
4 0.419921875 0.9677734375 0.0859375 0.064453125
4 0.529296875 0.9814453125 0.10546875 0.037109375
1 0.509765625 0.5986328125 0.119140625 0.078125
3 0.48828125 0.76953125 0.41015625 0.4609375