5 0.177734375 0.2919921875 0.35546875 0.583984375
3 0.65234375 0.2431640625 0.40625 0.486328125
5 0.673828125 0.107421875 0.2890625 0.212890625
0 0.5947265625 0.2060546875 0.109375 0.080078125
0 0.794921875 0.2236328125 0.076171875 0.076171875
4 0.5732421875 0.375 0.162109375 0.16015625
4 0.705078125 0.384765625 0.189453125 0.150390625
3 0.08984375 0.71875 0.1796875 0.390625
0 0.048828125 0.646484375 0.09765625 0.09765625
4 0.0380859375 0.8330078125 0.076171875 0.138671875
0 0.6806640625 0.7373046875 0.048828125 0.0390625
0 0.8154296875 0.759765625 0.03515625 0.037109375
4 0.701171875 0.8349609375 0.05859375 0.0703125
4 0.751953125 0.8408203125 0.0703125 0.076171875
3 0.7373046875 0.794921875 0.2265625 0.201171875