5 0.375 0.2451171875 0.43359375 0.490234375
3 0.3447265625 0.25390625 0.541015625 0.5078125
5 0.7724609375 0.0244140625 0.169921875 0.048828125
0 0.6875 0.072265625 0.0546875 0.056640625
0 0.876953125 0.03515625 0.044921875 0.048828125
4 0.8671875 0.1650390625 0.078125 0.095703125
4 0.76171875 0.1611328125 0.07421875 0.07421875
3 0.7861328125 0.1259765625 0.310546875 0.251953125
5 0.4775390625 0.7373046875 0.30078125 0.283203125
0 0.3603515625 0.91796875 0.08984375 0.078125
0 0.6845703125 0.8349609375 0.048828125 0.0703125
1 0.4423828125 0.5234375 0.1796875 0.10546875
3 0.47265625 0.7236328125 0.51171875 0.552734375
3 0.736328125 0.5546875 0.244140625 0.35546875
0 0.650390625 0.482421875 0.05078125 0.05859375
4 0.7080078125 0.6494140625 0.111328125 0.140625
4 0.7314453125 0.609375 0.146484375 0.138671875
0 0.759765625 0.4150390625 0.05078125 0.068359375