5 0.408203125 0.23046875 0.38671875 0.4609375
3 0.375 0.234375 0.49609375 0.46875
5 0.833984375 0.0390625 0.16015625 0.078125
0 0.73828125 0.0986328125 0.05078125 0.05078125
0 0.9306640625 0.0849609375 0.041015625 0.044921875
4 0.9052734375 0.212890625 0.0703125 0.08984375
4 0.80078125 0.1953125 0.068359375 0.068359375
3 0.8349609375 0.138671875 0.279296875 0.27734375
5 0.44921875 0.732421875 0.27734375 0.2578125
0 0.310546875 0.8974609375 0.083984375 0.068359375
0 0.642578125 0.85546875 0.041015625 0.06640625
1 0.439453125 0.515625 0.173828125 0.0859375
3 0.443359375 0.7314453125 0.45703125 0.537109375
3 0.7275390625 0.5830078125 0.208984375 0.337890625
0 0.6513671875 0.5009765625 0.044921875 0.0546875
4 0.6884765625 0.673828125 0.09765625 0.1328125
4 0.716796875 0.63671875 0.134765625 0.125
0 0.767578125 0.447265625 0.04296875 0.06640625