5 0.4326171875 0.220703125 0.3505859375 0.4375
3 0.400390625 0.2197265625 0.458984375 0.439453125
5 0.8740234375 0.0517578125 0.1513671875 0.103515625
0 0.7724609375 0.12109375 0.0458984375 0.0478515625
0 0.96484375 0.1240234375 0.0380859375 0.041015625
4 0.9287109375 0.2490234375 0.0625 0.083984375
4 0.826171875 0.22265625 0.0625 0.0625
3 0.8681640625 0.1494140625 0.2548828125 0.2978515625
5 0.4287109375 0.7275390625 0.2568359375 0.2353515625
0 0.2763671875 0.8798828125 0.0791015625 0.0625
0 0.611328125 0.8662109375 0.0361328125 0.064453125
1 0.4384765625 0.5107421875 0.16796875 0.072265625
3 0.4228515625 0.7373046875 0.412109375 0.525390625
3 0.7197265625 0.6025390625 0.1806640625 0.32421875
0 0.650390625 0.513671875 0.041015625 0.05078125
4 0.6728515625 0.689453125 0.0869140625 0.125
4 0.7041015625 0.6552734375 0.125 0.115234375
0 0.771484375 0.470703125 0.0380859375 0.0625