5 0.30078125 0.1474609375 0.30078125 0.294921875
5 0.578125 0.1611328125 0.181640625 0.322265625
5 0.0712890625 0.126953125 0.087890625 0.25390625
3 0.2744140625 0.1484375 0.361328125 0.296875
3 0.53515625 0.1611328125 0.265625 0.322265625
4 0.7294921875 0.080078125 0.1484375 0.126953125
4 0.8330078125 0.125 0.150390625 0.171875
3 0.8046875 0.1162109375 0.314453125 0.197265625
3 0.3251953125 0.6787109375 0.431640625 0.642578125
5 0.314453125 0.6298828125 0.255859375 0.26953125
0 0.3984375 0.7978515625 0.1015625 0.0859375
0 0.1787109375 0.755859375 0.06640625 0.064453125
4 0.3642578125 0.955078125 0.1171875 0.078125
4 0.2353515625 0.9296875 0.150390625 0.099609375
1 0.3291015625 0.412109375 0.197265625 0.095703125
5 0.9482421875 0.6923828125 0.09375 0.259765625
0 0.8447265625 0.810546875 0.068359375 0.068359375
4 0.888671875 0.978515625 0.11328125 0.04296875
1 0.9716796875 0.4619140625 0.056640625 0.080078125
3 0.8818359375 0.703125 0.236328125 0.59375