5 0.10546875 0.72265625 0.2109375 0.11328125
5 0.2412109375 0.3232421875 0.435546875 0.4111328125
3 0.2294921875 0.27734375 0.458984375 0.5546875
3 0.142578125 0.6669921875 0.28515625 0.220703125
3 0.576171875 0.298828125 0.2333984375 0.5693359375
5 0.544921875 0.232421875 0.1708984375 0.208984375
4 0.4736328125 0.5263671875 0.029296875 0.115234375
4 0.5927734375 0.51953125 0.103515625 0.115234375
0 0.6396484375 0.3505859375 0.064453125 0.0576171875
1 0.5087890625 0.0458984375 0.0986328125 0.0576171875
5 0.177734375 0.8896484375 0.33203125 0.220703125
3 0.1923828125 0.8896484375 0.384765625 0.220703125
5 0.7412109375 0.8642578125 0.333984375 0.1708984375
5 0.53125 0.8896484375 0.14453125 0.220703125
3 0.541015625 0.8896484375 0.1630859375 0.220703125
3 0.7587890625 0.8896484375 0.3916015625 0.220703125