3 0.1357421875 0.248046875 0.2578125 0.3046875
3 0.380859375 0.2548828125 0.388671875 0.3359375
1 0.9365234375 0.0986328125 0.126953125 0.146484375
0 0.78125 0.3828125 0.083984375 0.08984375
0 0.9736328125 0.4248046875 0.052734375 0.056640625
3 0.8662109375 0.2353515625 0.267578125 0.435546875
5 0.20703125 0.6630859375 0.203125 0.1796875
0 0.0654296875 0.755859375 0.048828125 0.05078125
0 0.3193359375 0.76953125 0.056640625 0.05078125
4 0.1494140625 0.884765625 0.091796875 0.087890625
4 0.2763671875 0.921875 0.1171875 0.10546875
1 0.2099609375 0.5146484375 0.11328125 0.060546875
3 0.1865234375 0.728515625 0.353515625 0.521484375
5 0.92578125 0.544921875 0.1484375 0.15625
0 0.833984375 0.6328125 0.05078125 0.048828125
4 0.8935546875 0.76953125 0.06640625 0.095703125
4 0.9384765625 0.75390625 0.05859375 0.078125
3 0.8955078125 0.6357421875 0.208984375 0.388671875