5 0.2490234375 0.25390625 0.498046875 0.4140625
3 0.2939453125 0.2333984375 0.587890625 0.466796875
3 0.8876953125 0.1650390625 0.173828125 0.330078125
4 0.9228515625 0.25390625 0.107421875 0.142578125
5 0.244140625 0.6806640625 0.169921875 0.1640625
0 0.154296875 0.7822265625 0.05078125 0.044921875
0 0.345703125 0.7548828125 0.048828125 0.048828125
4 0.291015625 0.8818359375 0.0859375 0.08984375
4 0.1943359375 0.8974609375 0.07421875 0.0859375
1 0.224609375 0.5546875 0.09375 0.056640625
3 0.2431640625 0.7373046875 0.33984375 0.439453125
5 0.775390625 0.5849609375 0.19140625 0.185546875
0 0.90625 0.6572265625 0.048828125 0.052734375
0 0.72265625 0.7021484375 0.0625 0.05078125
4 0.845703125 0.7998046875 0.12109375 0.09765625
4 0.787109375 0.828125 0.099609375 0.1015625
1 0.779296875 0.44140625 0.123046875 0.064453125
3 0.7978515625 0.642578125 0.3203125 0.49609375