5 0.306640625 0.46484375 0.509765625 0.51953125
3 0.2978515625 0.3681640625 0.595703125 0.736328125
5 0.60546875 0.0263671875 0.06640625 0.052734375
0 0.6572265625 0.052734375 0.037109375 0.037109375
4 0.6455078125 0.1513671875 0.05859375 0.07421875
3 0.646484375 0.09765625 0.1484375 0.1953125
3 0.2587890625 0.8359375 0.416015625 0.328125
0 0.42578125 0.986328125 0.06640625 0.02734375
5 0.2666015625 0.8994140625 0.291015625 0.201171875
1 0.2109375 0.7490234375 0.15234375 0.09765625
3 0.8671875 0.7177734375 0.265625 0.419921875
5 0.880859375 0.76953125 0.23828125 0.31640625
1 0.8251953125 0.5673828125 0.1796875 0.08203125