0 0.3408203125 0.291015625 0.13671875 0.154296875
0 0.4375 0.2861328125 0.140625 0.115234375
4 0.2109375 0.337890625 0.1875 0.150390625
3 0.2451171875 0.236328125 0.490234375 0.45703125
3 0.5732421875 0.126953125 0.236328125 0.25390625
4 0.583984375 0.1630859375 0.138671875 0.140625
0 0.5859375 0.009765625 0.05078125 0.01953125
5 0.5234375 0.6025390625 0.140625 0.1328125
0 0.6162109375 0.634765625 0.04296875 0.0390625
0 0.4755859375 0.685546875 0.037109375 0.0390625
4 0.5732421875 0.734375 0.05859375 0.0703125
4 0.541015625 0.7578125 0.0625 0.07421875
1 0.4912109375 0.5185546875 0.068359375 0.046875
3 0.537109375 0.64453125 0.255859375 0.333984375
3 0.671875 0.5751953125 0.25390625 0.603515625
0 0.6669921875 0.615234375 0.076171875 0.078125
4 0.7099609375 0.7998046875 0.076171875 0.13671875