0 0.4482421875 0.2421875 0.126953125 0.146484375
0 0.5380859375 0.2802734375 0.13671875 0.103515625
4 0.310546875 0.2275390625 0.1796875 0.13671875
3 0.333984375 0.1650390625 0.58984375 0.330078125
3 0.7421875 0.173828125 0.212890625 0.298828125
4 0.7236328125 0.234375 0.12890625 0.1328125
0 0.802734375 0.0791015625 0.046875 0.05859375
5 0.4755859375 0.6025390625 0.130859375 0.123046875
0 0.544921875 0.671875 0.041015625 0.03515625
0 0.3974609375 0.65625 0.03515625 0.03515625
4 0.462890625 0.7421875 0.052734375 0.06640625
4 0.423828125 0.7490234375 0.05859375 0.0703125
1 0.4833984375 0.5126953125 0.06640625 0.041015625
3 0.4697265625 0.646484375 0.228515625 0.322265625
3 0.62109375 0.6435546875 0.1953125 0.607421875
0 0.599609375 0.6767578125 0.0703125 0.07421875
4 0.5576171875 0.861328125 0.0625 0.134765625