5 0.298828125 0.2294921875 0.2578125 0.458984375
1 0.1083984375 0.3037109375 0.2109375 0.3125
0 0.9599609375 0.134765625 0.080078125 0.08203125
4 0.826171875 0.2919921875 0.203125 0.140625
4 0.984375 0.3291015625 0.03125 0.138671875
3 0.8564453125 0.2138671875 0.287109375 0.388671875
5 0.119140625 0.6650390625 0.142578125 0.134765625
0 0.193359375 0.73828125 0.03515625 0.0390625
0 0.0283203125 0.736328125 0.0390625 0.03515625
4 0.087890625 0.8408203125 0.064453125 0.078125
4 0.1416015625 0.83984375 0.06640625 0.068359375
1 0.119140625 0.5654296875 0.09765625 0.0546875
3 0.115234375 0.7119140625 0.23046875 0.373046875
3 0.6162109375 0.7666015625 0.384765625 0.466796875
5 0.6142578125 0.814453125 0.267578125 0.259765625
0 0.4736328125 0.9326171875 0.064453125 0.060546875
0 0.6708984375 0.970703125 0.099609375 0.05859375
1 0.619140625 0.58984375 0.185546875 0.083984375