5 0.275390625 0.234375 0.21875 0.46875
1 0.0927734375 0.3388671875 0.185546875 0.2978515625
0 0.9453125 0.0947265625 0.109375 0.072265625
4 0.806640625 0.2646484375 0.1923828125 0.125
4 0.9794921875 0.2861328125 0.041015625 0.134765625
3 0.8505859375 0.181640625 0.2978515625 0.36328125
5 0.134765625 0.697265625 0.1318359375 0.123046875
0 0.21484375 0.763671875 0.03125 0.0361328125
0 0.05078125 0.7763671875 0.0361328125 0.03125
4 0.119140625 0.875 0.0576171875 0.07421875
4 0.1728515625 0.8701171875 0.060546875 0.0625
1 0.1259765625 0.5986328125 0.09375 0.0458984375
3 0.1318359375 0.7451171875 0.20703125 0.35546875
3 0.6416015625 0.7685546875 0.345703125 0.462890625
5 0.6416015625 0.8037109375 0.248046875 0.23828125
0 0.51171875 0.93359375 0.060546875 0.0556640625
0 0.712890625 0.9638671875 0.09375 0.0693359375
1 0.626953125 0.5791015625 0.1806640625 0.0693359375