5 0.2607421875 0.154296875 0.3681640625 0.3076171875
3 0.23046875 0.224609375 0.4521484375 0.44921875
5 0.8271484375 0.0625 0.1923828125 0.125
0 0.6923828125 0.142578125 0.0458984375 0.0478515625
0 0.947265625 0.1396484375 0.052734375 0.0478515625
4 0.78515625 0.2666015625 0.0869140625 0.08203125
4 0.9150390625 0.294921875 0.1103515625 0.0986328125
3 0.810546875 0.1787109375 0.3203125 0.357421875
3 0.333984375 0.734375 0.26953125 0.53125
5 0.3701171875 0.689453125 0.197265625 0.2021484375
4 0.3173828125 0.9609375 0.072265625 0.078125
4 0.4365234375 0.958984375 0.064453125 0.08203125
0 0.259765625 0.822265625 0.0693359375 0.052734375
1 0.373046875 0.5068359375 0.14453125 0.0576171875