5 0.0419921875 0.2919921875 0.083984375 0.2333984375
3 0.044921875 0.2041015625 0.0888671875 0.408203125
5 0.724609375 0.3427734375 0.310546875 0.1318359375
1 0.697265625 0.0634765625 0.1826171875 0.126953125
3 0.7275390625 0.2041015625 0.314453125 0.408203125
5 0.2275390625 0.775390625 0.333984375 0.44921875
3 0.244140625 0.7041015625 0.3916015625 0.591796875
3 0.70703125 0.6962890625 0.2744140625 0.57421875
5 0.689453125 0.529296875 0.240234375 0.240234375
0 0.69921875 0.693359375 0.103515625 0.07421875
4 0.6943359375 0.9072265625 0.1513671875 0.146484375
4 0.630859375 0.8603515625 0.123046875 0.125