5 0.4443359375 0.35546875 0.20703125 0.365234375
1 0.486328125 0.03125 0.123046875 0.0625
3 0.392578125 0.26953125 0.310546875 0.5380859375
3 0.845703125 0.2666015625 0.3076171875 0.533203125
5 0.86328125 0.14453125 0.26171875 0.2236328125
0 0.791015625 0.29296875 0.095703125 0.0556640625
0 0.9873046875 0.255859375 0.025390625 0.0625
4 0.8173828125 0.466796875 0.123046875 0.126953125
4 0.9365234375 0.443359375 0.126953125 0.1181640625
5 0.2607421875 0.7685546875 0.369140625 0.462890625
5 0.865234375 0.7685546875 0.26953125 0.462890625