1 0.1025390625 0.1416015625 0.205078125 0.162109375
5 0.2568359375 0.380859375 0.451171875 0.517578125
2 0.2392578125 0.1064453125 0.1640625 0.14453125
3 0.2705078125 0.3857421875 0.541015625 0.748046875
5 0.7548828125 0.23046875 0.349609375 0.32421875
0 0.947265625 0.34765625 0.076171875 0.083984375
0 0.6845703125 0.4267578125 0.1015625 0.0859375
4 0.767578125 0.5712890625 0.11328125 0.09765625
4 0.921875 0.53125 0.146484375 0.11328125
1 0.7080078125 0.0263671875 0.189453125 0.052734375
3 0.74609375 0.3193359375 0.5078125 0.638671875
5 0.4130859375 0.7890625 0.3515625 0.25390625
0 0.330078125 0.736328125 0.142578125 0.076171875
0 0.4638671875 0.71484375 0.130859375 0.08984375
3 0.4267578125 0.8271484375 0.447265625 0.345703125
3 0.6494140625 0.80859375 0.146484375 0.33984375
3 0.7080078125 0.794921875 0.1875 0.349609375
3 0.86328125 0.7578125 0.2734375 0.37109375