3 0.3212890625 0.2021484375 0.244140625 0.404296875
5 0.8984375 0.1474609375 0.203125 0.263671875
3 0.8935546875 0.2236328125 0.212890625 0.419921875
4 0.2421875 0.5166015625 0.068359375 0.1015625
4 0.3603515625 0.51953125 0.08984375 0.099609375
3 0.2666015625 0.4833984375 0.314453125 0.19140625
5 0.8056640625 0.4423828125 0.138671875 0.04296875
0 0.734375 0.4775390625 0.0390625 0.03515625
0 0.8818359375 0.470703125 0.041015625 0.044921875
4 0.85546875 0.5859375 0.06640625 0.068359375
4 0.7822265625 0.5830078125 0.046875 0.0703125
3 0.80078125 0.5302734375 0.224609375 0.22265625