3 0.390625 0.33203125 0.26171875 0.6640625
5 0.783203125 0.390625 0.322265625 0.310546875
0 0.5908203125 0.505859375 0.1015625 0.083984375
0 0.96875 0.5712890625 0.0625 0.087890625
4 0.6806640625 0.7255859375 0.16015625 0.095703125
4 0.7060546875 0.6748046875 0.033203125 0.0390625
1 0.8466796875 0.1708984375 0.19140625 0.12109375
3 0.73828125 0.4453125 0.5234375 0.75390625
3 0.0283203125 0.775390625 0.056640625 0.21875
4 0.720703125 0.9072265625 0.21875 0.185546875
3 0.4033203125 0.83203125 0.279296875 0.3359375
3 0.6982421875 0.857421875 0.462890625 0.28515625
6 0.544921875 0.853515625 0.107421875 0.150390625
6 0.408203125 0.90234375 0.15234375 0.18359375