5 0.2138671875 0.439453125 0.140625 0.158203125
2 0.2197265625 0.15625 0.046875 0.109375
3 0.216796875 0.3076171875 0.1484375 0.421875
0 0.681640625 0.1513671875 0.1328125 0.302734375
0 0.802734375 0.3447265625 0.234375 0.31640625
3 0.771484375 0.259765625 0.45703125 0.51953125
5 0.083984375 0.8779296875 0.16796875 0.244140625
1 0.0361328125 0.640625 0.072265625 0.078125
3 0.1181640625 0.798828125 0.234375 0.40234375
5 0.830078125 0.77734375 0.310546875 0.259765625
0 0.9755859375 0.93359375 0.046875 0.064453125
0 0.703125 0.947265625 0.07421875 0.064453125
1 0.8134765625 0.5517578125 0.17578125 0.064453125
3 0.8125 0.759765625 0.375 0.48046875