5 0.0576171875 0.25390625 0.115234375 0.31640625
3 0.0595703125 0.2216796875 0.119140625 0.376953125
0 0.86328125 0.0048828125 0.0390625 0.009765625
0 0.71875 0.025390625 0.0546875 0.05078125
4 0.767578125 0.1533203125 0.1328125 0.09375
4 0.8271484375 0.12109375 0.11328125 0.1015625
3 0.79296875 0.1005859375 0.2421875 0.201171875
0 0.1904296875 0.423828125 0.05078125 0.05078125
0 0.3828125 0.41015625 0.041015625 0.044921875
4 0.357421875 0.5380859375 0.068359375 0.08984375
4 0.251953125 0.5205078125 0.06640625 0.068359375
3 0.291015625 0.4892578125 0.271484375 0.228515625
5 0.9560546875 0.5029296875 0.087890625 0.193359375
0 0.919921875 0.6318359375 0.064453125 0.05078125
4 0.986328125 0.8037109375 0.02734375 0.126953125
1 0.9619140625 0.3447265625 0.056640625 0.041015625
3 0.919921875 0.607421875 0.16015625 0.56640625