5 0.30859375 0.123046875 0.328125 0.24609375
3 0.2568359375 0.189453125 0.435546875 0.37890625
3 0.7705078125 0.216796875 0.419921875 0.392578125
0 0.9287109375 0.1337890625 0.068359375 0.0703125
0 0.7216796875 0.1162109375 0.12109375 0.076171875
4 0.6982421875 0.28515625 0.171875 0.17578125
4 0.837890625 0.3017578125 0.1796875 0.150390625
3 0.611328125 0.7080078125 0.48046875 0.583984375
5 0.646484375 0.564453125 0.30078125 0.271484375
0 0.7001953125 0.724609375 0.109375 0.087890625
0 0.4921875 0.6474609375 0.080078125 0.076171875
4 0.6279296875 0.9052734375 0.138671875 0.16796875
4 0.5244140625 0.84765625 0.166015625 0.154296875