5 0.255859375 0.2958984375 0.4453125 0.51171875
3 0.2646484375 0.3251953125 0.529296875 0.634765625
5 0.9345703125 0.2626953125 0.107421875 0.283203125
5 0.7890625 0.216796875 0.13671875 0.255859375
5 0.640625 0.29296875 0.236328125 0.423828125
3 0.6123046875 0.2705078125 0.287109375 0.541015625
3 0.8095703125 0.248046875 0.259765625 0.49609375
3 0.9248046875 0.2314453125 0.150390625 0.462890625
6 0.666015625 0.220703125 0.06640625 0.076171875
6 0.8115234375 0.26171875 0.078125 0.08984375
1 0.638671875 0.0244140625 0.11328125 0.048828125
1 0.8876953125 0.0361328125 0.060546875 0.072265625
1 0.4130859375 0.6162109375 0.267578125 0.12890625
3 0.373046875 0.775390625 0.49609375 0.44921875
0 0.986328125 0.826171875 0.02734375 0.15625
5 0.7646484375 0.7177734375 0.470703125 0.533203125
3 0.7646484375 0.7177734375 0.470703125 0.533203125