5 0.107421875 0.158203125 0.16796875 0.31640625
3 0.1123046875 0.158203125 0.181640625 0.31640625
0 0.9697265625 0.08203125 0.041015625 0.044921875
0 0.8212890625 0.0859375 0.056640625 0.0546875
4 0.8388671875 0.22265625 0.134765625 0.099609375
4 0.904296875 0.205078125 0.1171875 0.10546875
3 0.8759765625 0.1591796875 0.248046875 0.248046875
0 0.2158203125 0.3564453125 0.052734375 0.0546875
0 0.4052734375 0.3857421875 0.04296875 0.046875
4 0.3525390625 0.5048828125 0.072265625 0.091796875
4 0.25390625 0.46484375 0.068359375 0.0703125
3 0.298828125 0.4423828125 0.28125 0.240234375
5 0.947265625 0.6064453125 0.10546875 0.197265625
0 0.8798828125 0.72265625 0.06640625 0.0546875
4 0.921875 0.91015625 0.068359375 0.12890625
1 0.978515625 0.453125 0.04296875 0.04296875
3 0.8955078125 0.703125 0.208984375 0.5703125