1 0.6396484375 0.03125 0.0458984375 0.052734375
1 0.4541015625 0.041015625 0.0361328125 0.0380859375
2 0.26953125 0.029296875 0.052734375 0.0576171875
2 0.4443359375 0.2255859375 0.0361328125 0.09375
3 0.263671875 0.2294921875 0.146484375 0.458984375
3 0.42578125 0.3173828125 0.177734375 0.283203125
3 0.6142578125 0.2294921875 0.1181640625 0.458984375
3 0.4541015625 0.1201171875 0.0986328125 0.2138671875
5 0.8212890625 0.25390625 0.26171875 0.4111328125
3 0.8447265625 0.2294921875 0.310546875 0.458984375
3 0.330078125 0.71875 0.3583984375 0.51953125
5 0.337890625 0.61328125 0.2451171875 0.1943359375
4 0.27734375 0.908203125 0.08203125 0.1181640625
4 0.416015625 0.8974609375 0.10546875 0.1181640625
0 0.21875 0.744140625 0.0791015625 0.05078125
0 0.470703125 0.7294921875 0.04296875 0.0576171875
3 0.8291015625 0.7294921875 0.279296875 0.541015625
5 0.787109375 0.650390625 0.1943359375 0.2431640625
0 0.875 0.8076171875 0.09375 0.07421875
4 0.8603515625 0.9677734375 0.1103515625 0.064453125
4 0.7451171875 0.958984375 0.1103515625 0.08203125