5 0.34765625 0.54296875 0.41796875 0.3828125
1 0.26171875 0.1494140625 0.22265625 0.232421875
3 0.29296875 0.384765625 0.537109375 0.720703125
5 0.884765625 0.1220703125 0.123046875 0.185546875
0 0.8388671875 0.248046875 0.060546875 0.060546875
4 0.91015625 0.3720703125 0.095703125 0.103515625
3 0.8603515625 0.224609375 0.263671875 0.44921875
5 0.1298828125 0.8330078125 0.16796875 0.185546875
0 0.23046875 0.9189453125 0.07421875 0.064453125
3 0.1748046875 0.86328125 0.259765625 0.2734375
3 0.96875 0.73046875 0.0625 0.34375
5 0.978515625 0.7255859375 0.04296875 0.244140625