5 0.16015625 0.361328125 0.3046875 0.2109375
1 0.169921875 0.05078125 0.18359375 0.1015625
3 0.208984375 0.2373046875 0.40625 0.474609375
1 0.6279296875 0.1376953125 0.275390625 0.275390625
1 0.8828125 0.3046875 0.234375 0.26953125
3 0.58203125 0.267578125 0.28515625 0.53515625
3 0.81640625 0.376953125 0.3671875 0.45703125
1 0.38671875 0.5791015625 0.10546875 0.19140625
3 0.21875 0.6962890625 0.4375 0.564453125
6 0.2314453125 0.943359375 0.107421875 0.044921875
5 0.70703125 0.763671875 0.40625 0.47265625
3 0.6923828125 0.755859375 0.544921875 0.48828125