5 0.3291015625 0.2548828125 0.33203125 0.474609375
0 0.501953125 0.05859375 0.0859375 0.072265625
0 0.8408203125 0.021484375 0.060546875 0.04296875
4 0.6943359375 0.23828125 0.134765625 0.162109375
4 0.560546875 0.2265625 0.099609375 0.13671875
3 0.6767578125 0.1728515625 0.474609375 0.345703125
3 0.111328125 0.7734375 0.21484375 0.453125
5 0.0859375 0.8037109375 0.12890625 0.224609375
0 0.0615234375 0.958984375 0.0234375 0.052734375
1 0.041015625 0.6025390625 0.072265625 0.07421875
0 0.166015625 0.904296875 0.044921875 0.068359375
3 0.7431640625 0.5556640625 0.380859375 0.29296875
0 0.609375 0.48828125 0.05859375 0.0546875
0 0.8388671875 0.453125 0.05859375 0.05859375
4 0.701171875 0.6328125 0.091796875 0.119140625
4 0.8349609375 0.6181640625 0.0859375 0.119140625