5 0.1884765625 0.3330078125 0.37109375 0.25
1 0.2119140625 0.041015625 0.177734375 0.08203125
5 0.80078125 0.2548828125 0.30078125 0.486328125
3 0.8251953125 0.2568359375 0.349609375 0.490234375
5 0.3564453125 0.6015625 0.2734375 0.251953125
0 0.1943359375 0.744140625 0.083984375 0.06640625
0 0.5380859375 0.7548828125 0.056640625 0.0703125
4 0.3505859375 0.9345703125 0.125 0.119140625
4 0.21875 0.9189453125 0.091796875 0.130859375
3 0.357421875 0.7216796875 0.47265625 0.556640625
3 0.6982421875 0.73828125 0.16796875 0.517578125
5 0.689453125 0.5830078125 0.10546875 0.208984375
4 0.6572265625 0.921875 0.08203125 0.130859375
4 0.6875 0.8671875 0.134765625 0.12890625
0 0.65234375 0.7294921875 0.04296875 0.060546875