5 0.7880859375 0.458984375 0.3603515625 0.220703125
1 0.79296875 0.0986328125 0.1826171875 0.197265625
3 0.7861328125 0.2958984375 0.427734375 0.5478515625
3 0.166015625 0.7998046875 0.33203125 0.400390625
5 0.1552734375 0.826171875 0.2431640625 0.19921875
0 0.0458984375 0.958984375 0.0693359375 0.0556640625
0 0.2900390625 0.9443359375 0.0380859375 0.052734375
1 0.1357421875 0.6396484375 0.1416015625 0.0576171875
5 0.7744140625 0.658203125 0.20703125 0.177734375
0 0.6572265625 0.7802734375 0.060546875 0.0458984375
0 0.9150390625 0.765625 0.04296875 0.052734375
4 0.744140625 0.931640625 0.0888671875 0.1103515625
4 0.814453125 0.912109375 0.0693359375 0.091796875
3 0.7724609375 0.78125 0.34375 0.4228515625