3 0.423828125 0.2890625 0.14453125 0.578125
5 0.6865234375 0.0986328125 0.14453125 0.134765625
0 0.6162109375 0.1796875 0.0390625 0.033203125
0 0.7685546875 0.1787109375 0.046875 0.044921875
4 0.71484375 0.2939453125 0.0703125 0.07421875
4 0.6474609375 0.2763671875 0.044921875 0.0625
3 0.6923828125 0.171875 0.2421875 0.337890625
5 0.1015625 0.7724609375 0.203125 0.423828125
3 0.134765625 0.7763671875 0.26953125 0.431640625
5 0.5009765625 0.7138671875 0.0703125 0.271484375
5 0.6552734375 0.712890625 0.18359375 0.26171875
5 0.845703125 0.7177734375 0.166015625 0.2578125
4 0.6279296875 0.974609375 0.099609375 0.05078125
0 0.6103515625 0.7998046875 0.06640625 0.09765625
0 0.787109375 0.779296875 0.060546875 0.076171875
0 0.966796875 0.7880859375 0.05078125 0.107421875
3 0.8408203125 0.79296875 0.193359375 0.4140625
3 0.6533203125 0.7900390625 0.208984375 0.419921875