5 0.5537109375 0.138671875 0.4111328125 0.2763671875
4 0.41796875 0.58984375 0.1611328125 0.1005859375
4 0.6181640625 0.60546875 0.1943359375 0.103515625
3 0.5205078125 0.349609375 0.478515625 0.69921875
5 0.8798828125 0.365234375 0.240234375 0.66796875
3 0.8798828125 0.349609375 0.240234375 0.69921875
2 0.845703125 0.078125 0.1728515625 0.15625
3 0.1552734375 0.8505859375 0.1318359375 0.2978515625
3 0.3017578125 0.9072265625 0.15625 0.185546875
3 0.5009765625 0.849609375 0.1181640625 0.30078125
3 0.287109375 0.759765625 0.0986328125 0.1201171875
3 0.12890625 0.7861328125 0.103515625 0.1728515625
2 0.12890625 0.751953125 0.0693359375 0.10546875
2 0.3076171875 0.849609375 0.0478515625 0.0986328125
1 0.787109375 0.8037109375 0.0556640625 0.083984375
3 0.8037109375 0.8759765625 0.0888671875 0.248046875