5 0.4619140625 0.1943359375 0.271484375 0.388671875
5 0.21875 0.23046875 0.302734375 0.3173828125
5 0.076171875 0.287109375 0.1513671875 0.2041015625
3 0.4736328125 0.1943359375 0.248046875 0.388671875
3 0.244140625 0.1943359375 0.23046875 0.388671875
3 0.0888671875 0.2353515625 0.095703125 0.3076171875
2 0.51171875 0.0576171875 0.1728515625 0.115234375
2 0.205078125 0.103515625 0.1416015625 0.20703125
2 0.1005859375 0.166015625 0.0888671875 0.154296875
2 0.328125 0.14453125 0.08203125 0.1494140625
2 0.0302734375 0.1708984375 0.060546875 0.134765625
5 0.7802734375 0.04296875 0.212890625 0.0859375
0 0.904296875 0.10546875 0.05078125 0.0576171875
0 0.6884765625 0.115234375 0.052734375 0.041015625
4 0.759765625 0.2607421875 0.0625 0.0986328125
4 0.87890625 0.2568359375 0.083984375 0.095703125
3 0.791015625 0.1572265625 0.322265625 0.314453125
5 0.40234375 0.646484375 0.2236328125 0.185546875
4 0.3759765625 0.923828125 0.07421875 0.103515625
4 0.505859375 0.9228515625 0.083984375 0.103515625
0 0.296875 0.767578125 0.05078125 0.05078125
0 0.5244140625 0.76171875 0.064453125 0.052734375
1 0.380859375 0.4736328125 0.13671875 0.0576171875
3 0.40625 0.71875 0.3291015625 0.5478515625
5 0.9423828125 0.48046875 0.115234375 0.1728515625
0 0.8662109375 0.591796875 0.052734375 0.0458984375
4 0.90625 0.70703125 0.083984375 0.07421875
4 0.9873046875 0.7333984375 0.025390625 0.099609375
3 0.9130859375 0.587890625 0.1728515625 0.396484375