5 0.3828125 0.21875 0.36328125 0.4375
5 0.1728515625 0.3115234375 0.345703125 0.384765625
5 0.0673828125 0.4033203125 0.134765625 0.236328125
3 0.39453125 0.2158203125 0.33984375 0.431640625
3 0.173828125 0.2705078125 0.322265625 0.435546875
3 0.0595703125 0.3505859375 0.119140625 0.322265625
2 0.3955078125 0.0732421875 0.197265625 0.146484375
2 0.1123046875 0.193359375 0.189453125 0.236328125
2 0.044921875 0.28125 0.08984375 0.171875
2 0.2421875 0.201171875 0.1171875 0.166015625
5 0.6513671875 0.02734375 0.228515625 0.0546875
0 0.7880859375 0.0244140625 0.064453125 0.048828125
0 0.58203125 0.0791015625 0.0625 0.052734375
4 0.689453125 0.2021484375 0.0859375 0.111328125
4 0.802734375 0.1669921875 0.10546875 0.11328125
3 0.6923828125 0.1435546875 0.392578125 0.287109375
5 0.443359375 0.6669921875 0.263671875 0.236328125
4 0.490234375 0.9404296875 0.09765625 0.119140625
4 0.615234375 0.9072265625 0.107421875 0.12109375
0 0.373046875 0.810546875 0.0625 0.0625
0 0.591796875 0.74609375 0.076171875 0.068359375
1 0.3779296875 0.5048828125 0.146484375 0.091796875
3 0.4658203125 0.7138671875 0.458984375 0.572265625
5 0.921875 0.3662109375 0.15625 0.197265625
0 0.8779296875 0.494140625 0.0625 0.05859375
4 0.9462890625 0.5947265625 0.099609375 0.09375
3 0.8935546875 0.4775390625 0.212890625 0.427734375