5 0.734375 0.5947265625 0.53125 0.806640625
5 0.1123046875 0.6650390625 0.1171875 0.3828125
5 0.0771484375 0.693359375 0.111328125 0.33984375
5 0.39453125 0.6552734375 0.359375 0.689453125
5 0.181640625 0.6943359375 0.19921875 0.505859375
5 0.2509765625 0.720703125 0.232421875 0.55859375
2 0.6591796875 0.1806640625 0.216796875 0.361328125
2 0.349609375 0.3447265625 0.158203125 0.236328125
2 0.4853515625 0.3935546875 0.1015625 0.134765625
2 0.259765625 0.42578125 0.09765625 0.169921875
2 0.1748046875 0.44140625 0.087890625 0.1328125
2 0.1015625 0.4697265625 0.06640625 0.115234375
3 0.7197265625 0.498046875 0.560546875 0.99609375
3 0.38671875 0.6083984375 0.359375 0.783203125
3 0.1875 0.685546875 0.2109375 0.62890625