5 0.2421875 0.39453125 0.484375 0.62890625
2 0.134765625 0.1767578125 0.234375 0.234375
2 0.0166015625 0.3330078125 0.033203125 0.150390625
3 0.2412109375 0.3671875 0.482421875 0.68359375
5 0.6337890625 0.1572265625 0.416015625 0.314453125
3 0.6630859375 0.3017578125 0.634765625 0.603515625
1 0.7099609375 0.7998046875 0.119140625 0.11328125
1 0.8935546875 0.724609375 0.12109375 0.12109375
1 0.9912109375 0.5771484375 0.017578125 0.130859375
5 0.744140625 0.896484375 0.197265625 0.15234375
5 0.9169921875 0.8388671875 0.166015625 0.169921875
3 0.8974609375 0.7919921875 0.205078125 0.271484375
3 0.732421875 0.84765625 0.23828125 0.25390625