1 0.7958984375 0.01171875 0.107421875 0.0234375
1 0.96484375 0.021484375 0.0693359375 0.04296875
5 0.7490234375 0.1513671875 0.19921875 0.2353515625
5 0.9287109375 0.1708984375 0.1416015625 0.1923828125
3 0.9130859375 0.26953125 0.1728515625 0.5380859375
3 0.7353515625 0.26953125 0.2744140625 0.5380859375
6 0.8427734375 0.1728515625 0.05078125 0.0771484375
6 0.974609375 0.251953125 0.05078125 0.0478515625
3 0.15625 0.669921875 0.29296875 0.26171875
0 0.158203125 0.560546875 0.072265625 0.04296875
4 0.1396484375 0.728515625 0.16796875 0.1298828125
4 0.228515625 0.6923828125 0.1513671875 0.11328125