5 0.939453125 0.15625 0.12109375 0.21875
5 0.8779296875 0.1103515625 0.072265625 0.140625
5 0.755859375 0.158203125 0.13671875 0.271484375
5 0.794921875 0.1328125 0.076171875 0.205078125
0 0.8564453125 0.2197265625 0.0390625 0.103515625
0 0.9833984375 0.271484375 0.033203125 0.11328125
3 0.7490234375 0.2783203125 0.18359375 0.51171875
3 0.9013671875 0.30078125 0.197265625 0.51953125
5 0.32421875 0.791015625 0.29296875 0.306640625
0 0.1845703125 0.90234375 0.06640625 0.076171875
0 0.271484375 0.9501953125 0.109375 0.0625
1 0.33984375 0.533203125 0.2265625 0.12109375
3 0.3486328125 0.732421875 0.474609375 0.53515625
5 0.8505859375 0.78125 0.283203125 0.4375
3 0.7958984375 0.759765625 0.400390625 0.48046875