5 0.2724609375 0.3330078125 0.421875 0.556640625
5 0.75 0.1025390625 0.3203125 0.181640625
4 0.689453125 0.40234375 0.13671875 0.162109375
4 0.841796875 0.4736328125 0.14453125 0.181640625
3 0.7353515625 0.2890625 0.505859375 0.572265625
4 0.201171875 0.74609375 0.11328125 0.158203125
4 0.3466796875 0.7685546875 0.103515625 0.15625
3 0.2265625 0.736328125 0.35546875 0.234375
5 0.4990234375 0.8369140625 0.181640625 0.171875
0 0.6083984375 0.708984375 0.060546875 0.033203125
3 0.5283203125 0.8330078125 0.337890625 0.333984375