5 0.8701171875 0.1181640625 0.205078125 0.236328125
5 0.62109375 0.1533203125 0.193359375 0.21875
3 0.642578125 0.1318359375 0.25 0.263671875
3 0.8388671875 0.12109375 0.267578125 0.2421875
5 0.3037109375 0.431640625 0.263671875 0.240234375
0 0.4482421875 0.5458984375 0.06640625 0.06640625
0 0.203125 0.576171875 0.06640625 0.05859375
4 0.2939453125 0.736328125 0.103515625 0.119140625
4 0.4365234375 0.724609375 0.095703125 0.12890625
3 0.3212890625 0.544921875 0.412109375 0.548828125
3 0.8740234375 0.5947265625 0.251953125 0.748046875
5 0.9033203125 0.5068359375 0.193359375 0.267578125
0 0.8388671875 0.6513671875 0.07421875 0.068359375
0 0.986328125 0.6728515625 0.02734375 0.076171875
4 0.9853515625 0.880859375 0.029296875 0.140625
4 0.923828125 0.841796875 0.15234375 0.15234375
1 0.8974609375 0.2734375 0.169921875 0.1015625