5 0.755859375 0.333984375 0.287109375 0.296875
5 0.51171875 0.322265625 0.095703125 0.259765625
3 0.7373046875 0.244140625 0.365234375 0.4765625
3 0.9306640625 0.2626953125 0.138671875 0.458984375
5 0.1015625 0.59375 0.203125 0.2265625
0 0.19921875 0.7099609375 0.03515625 0.05078125
4 0.1494140625 0.9189453125 0.138671875 0.115234375
4 0.021484375 0.8798828125 0.04296875 0.119140625
1 0.0810546875 0.419921875 0.1328125 0.025390625
3 0.1357421875 0.6904296875 0.271484375 0.572265625
3 0.7802734375 0.7041015625 0.416015625 0.490234375
5 0.791015625 0.55859375 0.26953125 0.189453125
0 0.9189453125 0.677734375 0.083984375 0.064453125
0 0.6650390625 0.65625 0.06640625 0.060546875
4 0.8798828125 0.861328125 0.115234375 0.142578125
4 0.734375 0.8427734375 0.115234375 0.12890625