5 0.8720703125 0.1689453125 0.255859375 0.240234375
0 0.720703125 0.25390625 0.08203125 0.08203125
4 0.92578125 0.4921875 0.1484375 0.140625
4 0.7705078125 0.470703125 0.12890625 0.111328125
3 0.80078125 0.2958984375 0.3984375 0.533203125
1 0.1171875 0.63671875 0.234375 0.546875
3 0.271484375 0.6806640625 0.54296875 0.630859375
0 0.6630859375 0.8046875 0.287109375 0.361328125
4 0.7431640625 0.935546875 0.349609375 0.12890625
4 0.904296875 0.7373046875 0.185546875 0.392578125
0 0.7939453125 0.5859375 0.208984375 0.1640625
1 0.6005859375 0.5859375 0.1953125 0.236328125