5 0.1767578125 0.068359375 0.353515625 0.1328125
5 0.6337890625 0.0634765625 0.267578125 0.126953125
0 0.7578125 0.1669921875 0.09375 0.068359375
4 0.5615234375 0.365234375 0.111328125 0.1484375
4 0.7158203125 0.3759765625 0.091796875 0.140625
3 0.6962890625 0.2236328125 0.392578125 0.447265625
5 0.228515625 0.490234375 0.24609375 0.076171875
0 0.3603515625 0.5556640625 0.0625 0.0546875
0 0.1103515625 0.5634765625 0.068359375 0.0625
4 0.298828125 0.7373046875 0.091796875 0.12890625
4 0.1591796875 0.744140625 0.095703125 0.125
3 0.2373046875 0.6279296875 0.3515625 0.3515625
5 0.89453125 0.5234375 0.2109375 0.1640625
0 0.779296875 0.63671875 0.06640625 0.05859375
4 0.9658203125 0.818359375 0.068359375 0.13671875
4 0.837890625 0.77734375 0.0703125 0.111328125
3 0.859375 0.6728515625 0.28125 0.462890625