5 0.359375 0.380859375 0.28125 0.2578125
3 0.6923828125 0.228515625 0.3515625 0.45703125
6 0.810546875 0.0478515625 0.09375 0.08984375
6 0.5263671875 0.02734375 0.056640625 0.0546875
4 0.677734375 0.3447265625 0.25 0.2265625
1 0.0947265625 0.6357421875 0.09765625 0.103515625
1 0.119140625 0.5625 0.072265625 0.0703125
1 0.2431640625 0.56640625 0.0625 0.078125
1 0.32421875 0.6416015625 0.072265625 0.09375
1 0.3994140625 0.5263671875 0.0625 0.033203125
5 0.072265625 0.8671875 0.14453125 0.265625
5 0.2392578125 0.759765625 0.125 0.26171875
5 0.330078125 0.859375 0.1328125 0.265625
5 0.4130859375 0.6982421875 0.1171875 0.25
5 0.490234375 0.685546875 0.01953125 0.2265625
3 0.486328125 0.6865234375 0.02734375 0.353515625
3 0.0908203125 0.7939453125 0.181640625 0.412109375
3 0.328125 0.796875 0.16015625 0.40625
3 0.23828125 0.76171875 0.14453125 0.4765625
3 0.416015625 0.7548828125 0.134765625 0.490234375
3 0.45703125 0.5576171875 0.0859375 0.095703125
6 0.2587890625 0.9794921875 0.021484375 0.041015625
5 0.833984375 0.5576171875 0.33203125 0.095703125
3 0.8447265625 0.7548828125 0.310546875 0.490234375
6 0.9677734375 0.62109375 0.064453125 0.08984375
6 0.6923828125 0.603515625 0.07421875 0.0546875
4 0.8505859375 0.90234375 0.25 0.1953125