5 0.353515625 0.15625 0.1103515625 0.20703125
5 0.0791015625 0.15234375 0.158203125 0.2138671875
5 0.5556640625 0.1298828125 0.29296875 0.259765625
5 0.8671875 0.1298828125 0.265625 0.259765625
3 0.560546875 0.1298828125 0.302734375 0.259765625
3 0.865234375 0.1298828125 0.26953125 0.259765625
5 0.2041015625 0.609375 0.408203125 0.458984375
1 0.8662109375 0.4462890625 0.1728515625 0.10546875
0 0.7099609375 0.853515625 0.09375 0.1298828125
0 0.978515625 0.8603515625 0.04296875 0.125
3 0.828125 0.6943359375 0.34375 0.6103515625