5 0.908203125 0.158203125 0.1826171875 0.220703125
5 0.65625 0.16796875 0.1728515625 0.2021484375
3 0.681640625 0.134765625 0.2236328125 0.26953125
3 0.8798828125 0.134765625 0.240234375 0.26953125
5 0.3115234375 0.4111328125 0.2431640625 0.216796875
0 0.443359375 0.5400390625 0.060546875 0.060546875
0 0.1962890625 0.544921875 0.060546875 0.052734375
4 0.2705078125 0.7138671875 0.091796875 0.1103515625
4 0.4130859375 0.716796875 0.083984375 0.1201171875
3 0.3173828125 0.5263671875 0.3603515625 0.5146484375
3 0.88671875 0.6357421875 0.2255859375 0.728515625
5 0.908203125 0.55078125 0.1826171875 0.25
0 0.8212890625 0.685546875 0.0673828125 0.0625
0 0.978515625 0.7236328125 0.04296875 0.072265625
4 0.9677734375 0.9326171875 0.064453125 0.134765625
4 0.908203125 0.88671875 0.1826171875 0.134765625
1 0.9189453125 0.31640625 0.162109375 0.0859375