5 0.8359375 0.08984375 0.30859375 0.1796875
0 0.6650390625 0.212890625 0.0693359375 0.0693359375
0 0.9755859375 0.228515625 0.0478515625 0.0869140625
4 0.923828125 0.40234375 0.146484375 0.11328125
4 0.7587890625 0.4150390625 0.11328125 0.0888671875
3 0.7978515625 0.2294921875 0.404296875 0.458984375
1 0.111328125 0.72265625 0.22265625 0.51171875
3 0.26953125 0.734375 0.5380859375 0.53125
0 0.72265625 0.7646484375 0.2255859375 0.322265625
4 0.837890625 0.921875 0.32421875 0.15625
4 0.9453125 0.6484375 0.109375 0.37890625
0 0.8056640625 0.5224609375 0.1875 0.126953125
1 0.6162109375 0.5634765625 0.15625 0.208984375