1 0.1572265625 0.4755859375 0.162109375 0.12109375
5 0.126953125 0.66015625 0.25390625 0.296875
1 0.4208984375 0.544921875 0.15625 0.140625
5 0.365234375 0.705078125 0.220703125 0.2734375
3 0.3427734375 0.7109375 0.322265625 0.55078125
3 0.1630859375 0.646484375 0.326171875 0.59375
5 0.95703125 0.611328125 0.0859375 0.14453125
0 0.8857421875 0.681640625 0.052734375 0.046875
4 0.91015625 0.8134765625 0.052734375 0.078125
1 0.99609375 0.498046875 0.0078125 0.0390625
3 0.9091796875 0.66015625 0.181640625 0.40625