5 0.126953125 0.2822265625 0.25390625 0.447265625
5 0.81640625 0.306640625 0.12890625 0.12109375
0 0.7509765625 0.3662109375 0.0390625 0.03125
0 0.87109375 0.3779296875 0.025390625 0.03125
4 0.7607421875 0.453125 0.0546875 0.064453125
4 0.8330078125 0.4716796875 0.072265625 0.0703125
1 0.8291015625 0.2138671875 0.087890625 0.044921875
3 0.8095703125 0.349609375 0.23046875 0.33984375
3 0.1884765625 0.783203125 0.376953125 0.39453125
5 0.626953125 0.7744140625 0.36328125 0.451171875
3 0.625 0.76953125 0.48046875 0.4609375
3 0.8955078125 0.798828125 0.185546875 0.40234375
6 0.47265625 0.9501953125 0.08984375 0.099609375
6 0.7412109375 0.9658203125 0.091796875 0.068359375
6 0.8916015625 0.96875 0.076171875 0.0625