3 0.6728515625 0.12890625 0.341796875 0.2578125
5 0.65625 0.1513671875 0.267578125 0.212890625
3 0.3935546875 0.5390625 0.302734375 0.560546875
5 0.3837890625 0.4052734375 0.259765625 0.24609375
0 0.412109375 0.5693359375 0.087890625 0.064453125
4 0.4013671875 0.7490234375 0.193359375 0.1484375
4 0.4658203125 0.70703125 0.15234375 0.111328125
1 0.572265625 0.3544921875 0.109375 0.10546875
0 0.6142578125 0.7705078125 0.14453125 0.169921875
0 0.6943359375 0.6572265625 0.087890625 0.162109375
0 0.9833984375 0.521484375 0.033203125 0.0859375
3 0.677734375 0.623046875 0.322265625 0.75