5 0.9228515625 0.2177734375 0.154296875 0.244140625
5 0.701171875 0.193359375 0.19921875 0.224609375
3 0.73046875 0.1640625 0.259765625 0.298828125
3 0.89453125 0.19140625 0.2109375 0.30078125
5 0.326171875 0.3857421875 0.271484375 0.248046875
0 0.4384765625 0.5322265625 0.068359375 0.068359375
0 0.193359375 0.501953125 0.06640625 0.060546875
4 0.2431640625 0.6796875 0.10546875 0.12109375
4 0.3837890625 0.7021484375 0.099609375 0.130859375
3 0.3154296875 0.5009765625 0.427734375 0.560546875
3 0.8505859375 0.65625 0.298828125 0.6875
5 0.89453125 0.607421875 0.2109375 0.2734375
0 0.7919921875 0.728515625 0.076171875 0.0703125
0 0.9423828125 0.7880859375 0.052734375 0.078125
4 0.90234375 0.9609375 0.08203125 0.078125
4 0.849609375 0.9296875 0.19921875 0.140625
1 0.9267578125 0.3759765625 0.146484375 0.107421875