5 0.2529296875 0.3623046875 0.36328125 0.517578125
5 0.7001953125 0.0751953125 0.3046875 0.146484375
4 0.67578125 0.3798828125 0.12109375 0.1484375
4 0.8359375 0.4326171875 0.125 0.16796875
3 0.7080078125 0.2626953125 0.447265625 0.5234375
4 0.2333984375 0.7802734375 0.095703125 0.1484375
4 0.380859375 0.78515625 0.0859375 0.1484375
3 0.2568359375 0.7685546875 0.3359375 0.1953125
5 0.5400390625 0.8349609375 0.166015625 0.154296875
0 0.6337890625 0.693359375 0.05859375 0.02734375
3 0.5703125 0.837890625 0.30078125 0.32421875