5 0.1630859375 0.2529296875 0.275390625 0.265625
0 0.2294921875 0.4169921875 0.12109375 0.068359375
1 0.1328125 0.0380859375 0.208984375 0.05859375
3 0.16796875 0.2314453125 0.3359375 0.451171875
5 0.7265625 0.2197265625 0.53125 0.439453125
5 0.248046875 0.5126953125 0.279296875 0.13671875
0 0.1103515625 0.5849609375 0.0546875 0.068359375
0 0.287109375 0.6171875 0.103515625 0.072265625
4 0.283203125 0.833984375 0.150390625 0.146484375
4 0.1875 0.7900390625 0.189453125 0.13671875
3 0.24609375 0.685546875 0.390625 0.486328125
0 0.7099609375 0.8173828125 0.455078125 0.365234375