5 0.3310546875 0.0947265625 0.294921875 0.189453125
0 0.431640625 0.2255859375 0.078125 0.0703125
0 0.1923828125 0.177734375 0.083984375 0.07421875
4 0.3427734375 0.3857421875 0.1171875 0.1328125
4 0.205078125 0.357421875 0.111328125 0.12890625
3 0.30078125 0.23046875 0.4453125 0.4609375
5 0.8037109375 0.30078125 0.392578125 0.53515625
3 0.7314453125 0.2919921875 0.537109375 0.580078125
6 0.6005859375 0.056640625 0.111328125 0.109375
6 0.921875 0.42578125 0.1171875 0.12109375
0 0.20703125 0.7685546875 0.4140625 0.419921875
5 0.580078125 0.5439453125 0.08203125 0.107421875
1 0.97265625 0.6279296875 0.03515625 0.0703125
0 0.912109375 0.658203125 0.068359375 0.087890625
5 0.578125 0.6826171875 0.150390625 0.263671875
5 0.892578125 0.75390625 0.08984375 0.15625
5 0.931640625 0.7626953125 0.07421875 0.14453125
5 0.8828125 0.84375 0.16796875 0.3125
3 0.56640625 0.7451171875 0.23828125 0.509765625