5 0.26171875 0.2177734375 0.388671875 0.353515625
0 0.3046875 0.4384765625 0.10546875 0.083984375
4 0.4130859375 0.5556640625 0.1875 0.06640625
3 0.2607421875 0.3095703125 0.4921875 0.611328125
5 0.65625 0.3330078125 0.287109375 0.30078125
0 0.541015625 0.494140625 0.07421875 0.068359375
0 0.763671875 0.50390625 0.109375 0.080078125
1 0.642578125 0.08203125 0.201171875 0.103515625
3 0.671875 0.2939453125 0.435546875 0.548828125
5 0.08984375 0.9814453125 0.06640625 0.037109375
2 0.431640625 0.6533203125 0.125 0.162109375
2 0.08203125 0.9912109375 0.02734375 0.017578125
3 0.41015625 0.783203125 0.28125 0.43359375
3 0.095703125 0.98046875 0.08203125 0.0390625
5 0.6474609375 0.9580078125 0.203125 0.078125
3 0.6533203125 0.8994140625 0.23828125 0.1953125