0 0.03125 0.375 0.029296875 0.05078125
4 0.0146484375 0.5380859375 0.029296875 0.1005859375
3 0.033203125 0.36328125 0.06640625 0.46484375
3 0.6875 0.236328125 0.35546875 0.47265625
5 0.6826171875 0.0849609375 0.267578125 0.169921875
0 0.7607421875 0.20703125 0.091796875 0.0693359375
0 0.5625 0.1806640625 0.0625 0.0576171875
4 0.751953125 0.4013671875 0.123046875 0.13671875
4 0.62890625 0.3681640625 0.154296875 0.115234375
4 0.0166015625 0.7412109375 0.033203125 0.103515625
4 0.1240234375 0.7431640625 0.0986328125 0.1083984375
3 0.0927734375 0.7333984375 0.185546875 0.16796875
4 0.705078125 0.697265625 0.0693359375 0.095703125
4 0.759765625 0.6787109375 0.0576171875 0.060546875
3 0.7509765625 0.7041015625 0.314453125 0.1103515625