5 0.404296875 0.119140625 0.15625 0.23828125
0 0.3681640625 0.2802734375 0.103515625 0.060546875
3 0.3408203125 0.1572265625 0.283203125 0.314453125
5 0.400390625 0.4931640625 0.103515625 0.28515625
0 0.3408203125 0.654296875 0.07421875 0.0703125
4 0.3642578125 0.8701171875 0.095703125 0.15234375
3 0.345703125 0.6435546875 0.220703125 0.68359375
5 0.5654296875 0.646484375 0.296875 0.271484375
0 0.71484375 0.8125 0.072265625 0.072265625
0 0.443359375 0.8037109375 0.06640625 0.078125
4 0.474609375 0.962890625 0.08984375 0.07421875
4 0.6416015625 0.9697265625 0.123046875 0.060546875
1 0.5732421875 0.40625 0.181640625 0.087890625
3 0.6044921875 0.681640625 0.416015625 0.63671875