5 0.1455078125 0.1787109375 0.291015625 0.3291015625
0 0.1416015625 0.384765625 0.115234375 0.029296875
3 0.162109375 0.19921875 0.32421875 0.3984375
3 0.8447265625 0.087890625 0.310546875 0.17578125
4 0.962890625 0.095703125 0.07421875 0.1298828125
4 0.818359375 0.09375 0.103515625 0.1181640625
5 0.306640625 0.5888671875 0.064453125 0.25
0 0.291015625 0.751953125 0.072265625 0.0625
4 0.326171875 0.939453125 0.0263671875 0.1201171875
3 0.2744140625 0.69921875 0.1298828125 0.6005859375
1 0.63671875 0.427734375 0.134765625 0.0576171875
5 0.6201171875 0.6162109375 0.2119140625 0.28125
4 0.560546875 0.9765625 0.09765625 0.046875
3 0.640625 0.69921875 0.38671875 0.6005859375
6 0.7607421875 0.76171875 0.05078125 0.0673828125