3 0.4072265625 0.2216796875 0.330078125 0.443359375
5 0.4423828125 0.0595703125 0.259765625 0.119140625
0 0.45703125 0.1552734375 0.095703125 0.078125
0 0.318359375 0.1103515625 0.0546875 0.0546875
4 0.4443359375 0.3701171875 0.185546875 0.150390625
4 0.3798828125 0.3076171875 0.224609375 0.150390625
0 0.6357421875 0.2275390625 0.166015625 0.3828125
0 0.8056640625 0.5 0.357421875 0.1640625
1 0.3017578125 0.73828125 0.11328125 0.193359375
3 0.19140625 0.7607421875 0.3828125 0.462890625
5 0.6171875 0.6953125 0.171875 0.265625
0 0.685546875 0.8603515625 0.08203125 0.072265625
3 0.6416015625 0.779296875 0.244140625 0.44140625