5 0.376953125 0.0888671875 0.123046875 0.1640625
0 0.3564453125 0.1767578125 0.060546875 0.06640625
0 0.431640625 0.2099609375 0.046875 0.08203125
4 0.419921875 0.4326171875 0.15625 0.15234375
3 0.3779296875 0.263671875 0.2421875 0.51171875
1 0.7001953125 0.3642578125 0.044921875 0.05859375
1 0.935546875 0.330078125 0.044921875 0.0546875
5 0.677734375 0.4326171875 0.07421875 0.109375
5 0.9287109375 0.41015625 0.087890625 0.1328125
3 0.6875 0.4150390625 0.11328125 0.169921875
3 0.9296875 0.390625 0.140625 0.1796875
5 0.40625 0.623046875 0.2421875 0.150390625
0 0.2861328125 0.724609375 0.072265625 0.076171875
4 0.3916015625 0.9345703125 0.134765625 0.130859375
4 0.5224609375 0.892578125 0.11328125 0.140625
3 0.4033203125 0.7734375 0.365234375 0.453125
5 0.826171875 0.564453125 0.34765625 0.203125
3 0.8359375 0.7109375 0.328125 0.50390625
6 0.966796875 0.6259765625 0.06640625 0.103515625
6 0.7021484375 0.66015625 0.08203125 0.068359375
4 0.884765625 0.8837890625 0.23046875 0.146484375