1 0.8662109375 0.0556640625 0.060546875 0.07421875
5 0.6044921875 0.0625 0.083984375 0.125
5 0.845703125 0.154296875 0.0986328125 0.134765625
0 0.6455078125 0.025390625 0.0361328125 0.05078125
3 0.623046875 0.197265625 0.1201171875 0.39453125
3 0.88671875 0.26953125 0.1728515625 0.498046875
5 0.19140625 0.88671875 0.2138671875 0.2255859375
2 0.2490234375 0.65234375 0.0986328125 0.2666015625
3 0.16796875 0.759765625 0.259765625 0.48046875
1 0.6572265625 0.595703125 0.310546875 0.1298828125
3 0.6474609375 0.7724609375 0.4541015625 0.4541015625