5 0.3662109375 0.052734375 0.2861328125 0.10546875
0 0.2197265625 0.1337890625 0.0888671875 0.0693359375
4 0.220703125 0.3525390625 0.1396484375 0.1396484375
4 0.4580078125 0.341796875 0.103515625 0.1396484375
3 0.3173828125 0.2138671875 0.384765625 0.427734375
3 0.931640625 0.2197265625 0.13671875 0.439453125
0 0.89453125 0.220703125 0.05078125 0.1201171875
5 0.279296875 0.650390625 0.1201171875 0.1943359375
2 0.287109375 0.53125 0.0791015625 0.0771484375
3 0.19921875 0.744140625 0.3603515625 0.51171875
6 0.349609375 0.6943359375 0.0361328125 0.04296875
5 0.9345703125 0.70703125 0.130859375 0.2578125
0 0.884765625 0.8486328125 0.05078125 0.0625
0 0.9599609375 0.8798828125 0.0791015625 0.08203125
1 0.921875 0.4755859375 0.15625 0.072265625
3 0.9189453125 0.7197265625 0.162109375 0.560546875