5 0.271484375 0.060546875 0.279296875 0.1201171875
0 0.1357421875 0.15625 0.0869140625 0.072265625
0 0.4111328125 0.15625 0.0771484375 0.0625
4 0.357421875 0.3330078125 0.103515625 0.11328125
4 0.1982421875 0.333984375 0.0888671875 0.1103515625
3 0.25390625 0.1943359375 0.390625 0.388671875
4 0.9130859375 0.306640625 0.115234375 0.1494140625
3 0.8603515625 0.1943359375 0.275390625 0.388671875
5 0.345703125 0.498046875 0.20703125 0.216796875
0 0.2392578125 0.6259765625 0.08203125 0.064453125
4 0.3076171875 0.8349609375 0.123046875 0.1318359375
4 0.43359375 0.84765625 0.03125 0.1513671875
3 0.3125 0.666015625 0.2744140625 0.552734375
5 0.853515625 0.6630859375 0.29296875 0.302734375