5 0.2109375 0.083984375 0.15625 0.09765625
0 0.1298828125 0.146484375 0.037109375 0.037109375
0 0.3076171875 0.11328125 0.04296875 0.044921875
4 0.220703125 0.2470703125 0.0703125 0.076171875
4 0.3056640625 0.224609375 0.078125 0.072265625
3 0.2294921875 0.1640625 0.265625 0.27734375
3 0.7412109375 0.173828125 0.447265625 0.34765625
5 0.29296875 0.5234375 0.30078125 0.275390625
0 0.3271484375 0.6669921875 0.12890625 0.099609375
0 0.1298828125 0.6748046875 0.0703125 0.0703125
4 0.27734375 0.8603515625 0.205078125 0.15625
4 0.412109375 0.8720703125 0.16015625 0.177734375
3 0.2880859375 0.6884765625 0.509765625 0.623046875
1 0.62890625 0.5107421875 0.14453125 0.140625
1 0.8134765625 0.4228515625 0.1953125 0.19140625
0 0.8154296875 0.7001953125 0.1171875 0.169921875
0 0.8505859375 0.830078125 0.138671875 0.16015625
3 0.8447265625 0.6142578125 0.310546875 0.669921875
3 0.6806640625 0.6865234375 0.330078125 0.59765625
5 0.8798828125 0.6884765625 0.240234375 0.349609375
5 0.6904296875 0.7431640625 0.263671875 0.267578125