5 0.4892578125 0.1982421875 0.177734375 0.19140625
1 0.5302734375 0.0419921875 0.119140625 0.068359375
3 0.4580078125 0.1484375 0.259765625 0.29296875
5 0.9072265625 0.22265625 0.185546875 0.20703125
0 0.7890625 0.3125 0.056640625 0.015625
1 0.935546875 0.0673828125 0.12890625 0.060546875
3 0.8681640625 0.18359375 0.263671875 0.31640625
5 0.408203125 0.4365234375 0.166015625 0.16015625
0 0.4873046875 0.5390625 0.0546875 0.046875
0 0.306640625 0.51171875 0.041015625 0.046875
4 0.33203125 0.6455078125 0.095703125 0.083984375
4 0.416015625 0.654296875 0.07421875 0.083984375
1 0.4248046875 0.3095703125 0.10546875 0.05859375
3 0.3974609375 0.490234375 0.31640625 0.443359375
3 0.8701171875 0.5869140625 0.259765625 0.537109375
5 0.923828125 0.4990234375 0.15234375 0.208984375
4 0.86328125 0.7822265625 0.076171875 0.12109375
4 0.958984375 0.794921875 0.037109375 0.1171875
0 0.8271484375 0.6181640625 0.080078125 0.05859375