5 0.0673828125 0.0244140625 0.134765625 0.0478515625
0 0.03515625 0.078125 0.0556640625 0.0458984375
4 0.03125 0.1708984375 0.0625 0.0576171875
4 0.08203125 0.189453125 0.1103515625 0.064453125
3 0.07421875 0.1123046875 0.1484375 0.224609375
4 0.9375 0.4208984375 0.125 0.134765625
3 0.9111328125 0.2548828125 0.177734375 0.509765625
5 0.2744140625 0.646484375 0.2021484375 0.1875
0 0.1494140625 0.7666015625 0.0576171875 0.041015625
0 0.439453125 0.7431640625 0.05078125 0.0576171875
4 0.23046875 0.9423828125 0.0888671875 0.11328125
4 0.2880859375 0.90625 0.0693359375 0.09375
3 0.2900390625 0.7548828125 0.38671875 0.490234375
5 0.689453125 0.6357421875 0.1630859375 0.208984375
0 0.7861328125 0.7431640625 0.03125 0.0478515625
4 0.7548828125 0.9521484375 0.1298828125 0.095703125
4 0.625 0.9287109375 0.033203125 0.11328125
3 0.720703125 0.7548828125 0.2255859375 0.490234375