5 0.26171875 0.294921875 0.244140625 0.224609375
0 0.3955078125 0.375 0.06640625 0.064453125
0 0.197265625 0.4296875 0.06640625 0.0546875
4 0.2900390625 0.5537109375 0.091796875 0.11328125
4 0.404296875 0.5224609375 0.109375 0.1171875
1 0.2060546875 0.142578125 0.111328125 0.076171875
3 0.2724609375 0.3544921875 0.4140625 0.556640625
5 0.716796875 0.232421875 0.12890625 0.1171875
0 0.787109375 0.279296875 0.037109375 0.03515625
0 0.6669921875 0.3076171875 0.041015625 0.03515625
4 0.7685546875 0.37109375 0.0625 0.068359375
4 0.6953125 0.3798828125 0.046875 0.0546875
1 0.697265625 0.1474609375 0.0703125 0.046875
3 0.7314453125 0.2724609375 0.23828125 0.314453125
3 0.48828125 0.80078125 0.28125 0.3984375
5 0.529296875 0.875 0.203125 0.25
1 0.4853515625 0.6630859375 0.14453125 0.115234375
4 0.8857421875 0.6044921875 0.07421875 0.087890625
4 0.9287109375 0.58203125 0.056640625 0.0703125
3 0.8828125 0.572265625 0.234375 0.1953125