5 0.2607421875 0.1943359375 0.2119140625 0.189453125
0 0.4208984375 0.310546875 0.0478515625 0.0673828125
0 0.1337890625 0.3125 0.0556640625 0.052734375
4 0.2177734375 0.482421875 0.07421875 0.09375
4 0.2880859375 0.4462890625 0.072265625 0.10546875
1 0.2724609375 0.0302734375 0.1318359375 0.060546875
3 0.275390625 0.2646484375 0.373046875 0.529296875
5 0.9384765625 0.259765625 0.123046875 0.51953125
5 0.7724609375 0.2646484375 0.208984375 0.529296875
3 0.833984375 0.2646484375 0.33203125 0.529296875
3 0.923828125 0.2646484375 0.1513671875 0.529296875
6 0.9912109375 0.4677734375 0.0166015625 0.123046875
0 0.3681640625 0.7646484375 0.6005859375 0.470703125
5 0.88671875 0.73828125 0.158203125 0.10546875
1 0.7119140625 0.5888671875 0.0869140625 0.0869140625
1 0.8291015625 0.662109375 0.07421875 0.0693359375
3 0.71484375 0.7431640625 0.09375 0.3994140625
3 0.89453125 0.7431640625 0.208984375 0.23828125
3 0.9580078125 0.736328125 0.083984375 0.416015625
6 0.9794921875 0.7294921875 0.041015625 0.041015625