3 0.203125 0.203125 0.34375 0.40625
4 0.1513671875 0.345703125 0.0693359375 0.115234375
4 0.291015625 0.34375 0.09375 0.1103515625
0 0.09765625 0.185546875 0.064453125 0.0478515625
0 0.341796875 0.1767578125 0.052734375 0.0576171875
5 0.20703125 0.076171875 0.25 0.1513671875
5 0.6259765625 0.2080078125 0.2041015625 0.416015625
0 0.5830078125 0.1474609375 0.09375 0.103515625
0 0.498046875 0.2255859375 0.01953125 0.072265625
3 0.8447265625 0.259765625 0.310546875 0.51953125
3 0.6240234375 0.259765625 0.271484375 0.51953125
3 0.41015625 0.6865234375 0.15625 0.333984375
0 0.458984375 0.5615234375 0.0576171875 0.07421875
4 0.4443359375 0.7802734375 0.0869140625 0.1416015625
4 0.4150390625 0.71875 0.146484375 0.1396484375
5 0.5361328125 0.908203125 0.095703125 0.1826171875
5 0.7880859375 0.9267578125 0.1923828125 0.146484375
3 0.556640625 0.861328125 0.13671875 0.2763671875
3 0.7919921875 0.8642578125 0.21875 0.271484375
2 0.986328125 0.83984375 0.0263671875 0.1181640625