5 0.111328125 0.201171875 0.22265625 0.31640625
0 0.265625 0.345703125 0.0693359375 0.083984375
4 0.1044921875 0.5791015625 0.126953125 0.0771484375
3 0.1484375 0.30859375 0.296875 0.6171875
1 0.9873046875 0.021484375 0.025390625 0.04296875
1 0.951171875 0.2177734375 0.0556640625 0.0986328125
5 0.9873046875 0.15234375 0.025390625 0.19921875
0 0.626953125 0.2041015625 0.0263671875 0.04296875
0 0.8818359375 0.1083984375 0.0263671875 0.0693359375
3 0.640625 0.27734375 0.09375 0.5546875
3 0.927734375 0.34375 0.125 0.5478515625
3 0.986328125 0.248046875 0.0263671875 0.4951171875
5 0.392578125 0.7236328125 0.251953125 0.2119140625
0 0.2490234375 0.861328125 0.0693359375 0.0693359375
3 0.349609375 0.80859375 0.3388671875 0.3818359375
3 0.703125 0.806640625 0.21875 0.376953125
3 0.88671875 0.80859375 0.2255859375 0.3818359375
3 0.9541015625 0.80859375 0.091796875 0.3818359375