5 0.4814453125 0.1953125 0.140625 0.17578125
0 0.3828125 0.306640625 0.052734375 0.052734375
1 0.50390625 0.0400390625 0.1015625 0.05859375
3 0.443359375 0.205078125 0.22265625 0.41015625
5 0.9052734375 0.294921875 0.189453125 0.18359375
5 0.8984375 0.046875 0.203125 0.07421875
3 0.5908203125 0.2392578125 0.09765625 0.2890625
3 0.888671875 0.248046875 0.22265625 0.3046875
3 0.888671875 0.0546875 0.22265625 0.08984375
2 0.94921875 0.1611328125 0.1015625 0.091796875
2 0.923828125 0.4140625 0.115234375 0.0234375
5 0.375 0.6455078125 0.16796875 0.154296875
0 0.48046875 0.7353515625 0.0390625 0.044921875
0 0.287109375 0.7373046875 0.046875 0.044921875
4 0.357421875 0.875 0.060546875 0.08984375
4 0.3916015625 0.853515625 0.048828125 0.07421875
1 0.380859375 0.5126953125 0.099609375 0.044921875
3 0.380859375 0.708984375 0.27734375 0.447265625
3 0.65625 0.705078125 0.26953125 0.58984375
5 0.6572265625 0.5927734375 0.251953125 0.283203125
0 0.6201171875 0.775390625 0.1015625 0.078125
4 0.6259765625 0.95703125 0.173828125 0.0859375
4 0.595703125 0.931640625 0.1484375 0.13671875