5 0.2763671875 0.251953125 0.23828125 0.208984375
0 0.3916015625 0.37890625 0.056640625 0.052734375
0 0.169921875 0.3623046875 0.068359375 0.048828125
4 0.224609375 0.51953125 0.087890625 0.11328125
4 0.353515625 0.5322265625 0.109375 0.1171875
1 0.271484375 0.0771484375 0.125 0.064453125
3 0.2724609375 0.32421875 0.3828125 0.578125
5 0.78125 0.4267578125 0.294921875 0.486328125
4 0.4326171875 0.68359375 0.08984375 0.060546875
4 0.5625 0.662109375 0.0625 0.052734375
0 0.3984375 0.8515625 0.173828125 0.150390625
0 0.4931640625 0.830078125 0.15234375 0.119140625
3 0.435546875 0.7783203125 0.359375 0.33984375
5 0.7890625 0.822265625 0.38671875 0.35546875
6 0.63671875 0.953125 0.08203125 0.09375