3 0.0390625 0.251953125 0.078125 0.50390625
4 0.033203125 0.38671875 0.06640625 0.10546875
5 0.83984375 0.232421875 0.2666015625 0.2568359375
0 0.8759765625 0.400390625 0.123046875 0.072265625
1 0.828125 0.015625 0.208984375 0.03125
3 0.8125 0.2548828125 0.375 0.509765625
0 0.0634765625 0.515625 0.060546875 0.01171875
4 0.134765625 0.64453125 0.0791015625 0.103515625
4 0.2548828125 0.642578125 0.0869140625 0.1005859375
3 0.1611328125 0.603515625 0.322265625 0.1875
5 0.5576171875 0.7548828125 0.3994140625 0.490234375
3 0.603515625 0.7548828125 0.490234375 0.490234375
6 0.431640625 0.9697265625 0.146484375 0.060546875
5 0.931640625 0.671875 0.13671875 0.2666015625
6 0.703125 0.978515625 0.0888671875 0.04296875