5 0.08203125 0.1865234375 0.1640625 0.154296875
0 0.0166015625 0.2890625 0.033203125 0.04296875
0 0.19140625 0.2578125 0.048828125 0.046875
4 0.0625 0.3974609375 0.0625 0.0859375
4 0.1611328125 0.38671875 0.080078125 0.083984375
1 0.0556640625 0.0712890625 0.099609375 0.029296875
3 0.1279296875 0.2490234375 0.255859375 0.416015625
1 0.734375 0.1669921875 0.23828125 0.27734375
1 0.6025390625 0.16015625 0.068359375 0.13671875
0 0.646484375 0.3798828125 0.07421875 0.05859375
5 0.873046875 0.26171875 0.220703125 0.236328125
3 0.771484375 0.2041015625 0.421875 0.408203125
0 0.3779296875 0.6865234375 0.11328125 0.12890625
0 0.259765625 0.646484375 0.078125 0.107421875
3 0.419921875 0.7041015625 0.57421875 0.591796875
5 0.736328125 0.494140625 0.23828125 0.236328125
0 0.66796875 0.6640625 0.033203125 0.08203125
0 0.876953125 0.578125 0.064453125 0.083984375
4 0.8447265625 0.818359375 0.2109375 0.173828125
4 0.728515625 0.8740234375 0.099609375 0.17578125
3 0.8017578125 0.66796875 0.369140625 0.607421875