3 0.2666015625 0.298828125 0.33203125 0.458984375
5 0.279296875 0.302734375 0.248046875 0.21875
0 0.4169921875 0.4326171875 0.060546875 0.052734375
0 0.16796875 0.451171875 0.0869140625 0.0478515625
1 0.265625 0.1025390625 0.146484375 0.064453125
3 0.306640625 0.736328125 0.3388671875 0.416015625
5 0.306640625 0.568359375 0.30078125 0.0791015625
0 0.3193359375 0.6494140625 0.0888671875 0.0693359375
4 0.3388671875 0.86328125 0.20703125 0.146484375
4 0.2587890625 0.8056640625 0.1826171875 0.13671875
5 0.8037109375 0.708984375 0.1708984375 0.3603515625