5 0.3056640625 0.0859375 0.408203125 0.171875
0 0.501953125 0.173828125 0.060546875 0.087890625
0 0.2734375 0.208984375 0.12890625 0.09375
4 0.2646484375 0.4208984375 0.216796875 0.16796875
4 0.3994140625 0.4033203125 0.240234375 0.169921875
3 0.3115234375 0.2646484375 0.544921875 0.529296875
5 0.701171875 0.2607421875 0.166015625 0.283203125
0 0.642578125 0.42578125 0.0703125 0.076171875
3 0.72265625 0.296875 0.26171875 0.55078125
5 0.2568359375 0.603515625 0.21484375 0.25
5 0.51171875 0.638671875 0.162109375 0.23046875
3 0.2529296875 0.7041015625 0.3515625 0.462890625
3 0.462890625 0.6884765625 0.259765625 0.35546875
5 0.853515625 0.9375 0.1796875 0.125
2 0.8876953125 0.802734375 0.18359375 0.328125
3 0.8603515625 0.818359375 0.240234375 0.36328125