5 0.1845703125 0.150390625 0.28515625 0.248046875
0 0.337890625 0.2685546875 0.076171875 0.068359375
0 0.0966796875 0.3095703125 0.080078125 0.0703125
4 0.3125 0.44921875 0.11328125 0.12890625
4 0.1728515625 0.47265625 0.10546875 0.125
3 0.20703125 0.283203125 0.4140625 0.52734375
5 0.72265625 0.23046875 0.39453125 0.4609375
3 0.685546875 0.2421875 0.609375 0.484375
6 0.4345703125 0.0517578125 0.107421875 0.103515625
6 0.8671875 0.279296875 0.11328125 0.1171875
0 0.2783203125 0.8359375 0.494140625 0.328125
5 0.5908203125 0.5126953125 0.078125 0.10546875
1 0.9853515625 0.44921875 0.029296875 0.0703125
0 0.9423828125 0.5 0.064453125 0.0859375
5 0.638671875 0.642578125 0.138671875 0.259765625
5 0.95703125 0.5966796875 0.08203125 0.154296875
5 0.9814453125 0.58984375 0.037109375 0.14453125
5 0.9619140625 0.7275390625 0.076171875 0.404296875
3 0.6552734375 0.7177734375 0.2109375 0.53515625