5 0.40625 0.30859375 0.23046875 0.30859375
0 0.3154296875 0.482421875 0.07421875 0.07421875
1 0.392578125 0.05078125 0.169921875 0.1015625
3 0.37109375 0.3134765625 0.33984375 0.626953125
0 0.5947265625 0.3330078125 0.22265625 0.458984375
4 0.6748046875 0.4775390625 0.142578125 0.212890625
4 0.875 0.515625 0.109375 0.0859375
5 0.1748046875 0.67578125 0.267578125 0.103515625
0 0.044921875 0.7392578125 0.046875 0.07421875
0 0.2470703125 0.7529296875 0.111328125 0.0859375
4 0.2470703125 0.9462890625 0.162109375 0.107421875
4 0.134765625 0.9326171875 0.18359375 0.134765625
3 0.2236328125 0.806640625 0.416015625 0.38671875
1 0.8671875 0.740234375 0.265625 0.28125
3 0.80078125 0.78125 0.3984375 0.40625