5 0.2548828125 0.1484375 0.259765625 0.25
0 0.3583984375 0.3056640625 0.076171875 0.064453125
0 0.12109375 0.2646484375 0.072265625 0.064453125
4 0.2646484375 0.4658203125 0.10546875 0.140625
4 0.12890625 0.4404296875 0.09375 0.125
3 0.2568359375 0.28125 0.451171875 0.5625
0 0.8125 0.419921875 0.18359375 0.130859375
5 0.759765625 0.248046875 0.48046875 0.484375
3 0.744140625 0.361328125 0.51171875 0.7109375
1 0.29296875 0.90234375 0.048828125 0.05078125
1 0.1240234375 0.9033203125 0.03125 0.046875
5 0.041015625 0.8232421875 0.08203125 0.236328125
5 0.2001953125 0.90625 0.119140625 0.123046875
2 0.2177734375 0.8173828125 0.060546875 0.103515625
2 0.0712890625 0.66796875 0.095703125 0.140625
3 0.0859375 0.7666015625 0.171875 0.369140625
3 0.2177734375 0.861328125 0.177734375 0.22265625
3 0.1240234375 0.9150390625 0.052734375 0.080078125
0 0.6748046875 0.7314453125 0.056640625 0.111328125
5 0.7353515625 0.900390625 0.197265625 0.19921875
1 0.75 0.71484375 0.1015625 0.0703125
3 0.7060546875 0.83203125 0.310546875 0.3359375