5 0.20703125 0.1650390625 0.228515625 0.208984375
0 0.076171875 0.2744140625 0.068359375 0.052734375
0 0.3330078125 0.2919921875 0.048828125 0.056640625
4 0.1435546875 0.435546875 0.1015625 0.12109375
4 0.2158203125 0.4248046875 0.080078125 0.099609375
1 0.224609375 0.0126953125 0.13671875 0.025390625
3 0.2001953125 0.259765625 0.400390625 0.51953125
5 0.681640625 0.2294921875 0.236328125 0.333984375
3 0.3896484375 0.634765625 0.306640625 0.251953125
4 0.345703125 0.671875 0.1015625 0.125
4 0.482421875 0.6875 0.09765625 0.126953125
0 0.310546875 0.5224609375 0.064453125 0.021484375
0 0.576171875 0.6669921875 0.115234375 0.173828125
0 0.6494140625 0.6005859375 0.08984375 0.095703125
4 0.6318359375 0.953125 0.166015625 0.09375
3 0.6318359375 0.771484375 0.294921875 0.45703125