5 0.3232421875 0.076171875 0.23046875 0.140625
0 0.349609375 0.177734375 0.109375 0.0859375
0 0.2509765625 0.171875 0.0625 0.060546875
4 0.3173828125 0.408203125 0.20703125 0.1640625
4 0.43359375 0.3388671875 0.095703125 0.125
3 0.3203125 0.2548828125 0.345703125 0.49609375
1 0.560546875 0.169921875 0.099609375 0.10546875
0 0.50390625 0.2470703125 0.0859375 0.123046875
0 0.6513671875 0.21875 0.08984375 0.115234375
5 0.6171875 0.3701171875 0.193359375 0.244140625
3 0.6044921875 0.3056640625 0.318359375 0.388671875
5 0.443359375 0.64453125 0.189453125 0.240234375
0 0.3515625 0.8076171875 0.078125 0.072265625
4 0.43359375 0.943359375 0.09765625 0.10546875
4 0.5546875 0.953125 0.046875 0.091796875
3 0.41796875 0.75 0.3203125 0.5
5 0.58984375 0.6083984375 0.181640625 0.263671875
0 0.6904296875 0.748046875 0.091796875 0.08203125
4 0.6513671875 0.93359375 0.119140625 0.111328125
3 0.6435546875 0.73046875 0.287109375 0.52734375