5 0.1962890625 0.13671875 0.302734375 0.2734375
0 0.248046875 0.337890625 0.1181640625 0.0771484375
3 0.18359375 0.224609375 0.3291015625 0.44921875
5 0.87109375 0.1787109375 0.2568359375 0.2763671875
0 0.7490234375 0.3076171875 0.0576171875 0.0693359375
0 0.841796875 0.361328125 0.103515625 0.08203125
3 0.8408203125 0.224609375 0.318359375 0.44921875
5 0.279296875 0.5634765625 0.1396484375 0.21875
0 0.208984375 0.69921875 0.064453125 0.0556640625
4 0.2412109375 0.873046875 0.0771484375 0.115234375
3 0.251953125 0.703125 0.1923828125 0.5068359375
0 0.673828125 0.724609375 0.6513671875 0.55078125