3 0.46484375 0.2275390625 0.228515625 0.4541015625
5 0.4833984375 0.07421875 0.189453125 0.1484375
0 0.3955078125 0.1708984375 0.0673828125 0.0556640625
4 0.56640625 0.3857421875 0.0263671875 0.13671875
4 0.48046875 0.35546875 0.1318359375 0.1181640625
3 0.6240234375 0.2392578125 0.0888671875 0.478515625
4 0.61328125 0.3701171875 0.0673828125 0.1103515625
5 0.45703125 0.8916015625 0.2451171875 0.216796875
1 0.5009765625 0.611328125 0.15625 0.1083984375
3 0.4150390625 0.7783203125 0.326171875 0.443359375
4 0.802734375 0.66796875 0.0791015625 0.10546875
4 0.931640625 0.66796875 0.0986328125 0.1083984375
3 0.8291015625 0.650390625 0.3271484375 0.185546875