5 0.1396484375 0.1982421875 0.25 0.2734375
0 0.1181640625 0.3681640625 0.1015625 0.078125
1 0.1357421875 0.0068359375 0.189453125 0.013671875
3 0.2109375 0.2138671875 0.40625 0.427734375
5 0.7373046875 0.126953125 0.3203125 0.240234375
0 0.9033203125 0.2646484375 0.0703125 0.08203125
0 0.6083984375 0.2705078125 0.1015625 0.076171875
4 0.6513671875 0.427734375 0.115234375 0.060546875
4 0.8232421875 0.4384765625 0.16015625 0.07421875
3 0.7529296875 0.2412109375 0.4375 0.47265625
0 0.0224609375 0.876953125 0.044921875 0.16796875
0 0.4443359375 0.8203125 0.125 0.1484375
3 0.2666015625 0.697265625 0.533203125 0.60546875
0 0.90625 0.859375 0.060546875 0.087890625