5 0.1611328125 0.119140625 0.279296875 0.23828125
0 0.181640625 0.2744140625 0.123046875 0.072265625
4 0.1455078125 0.4931640625 0.158203125 0.158203125
4 0.0712890625 0.4375 0.142578125 0.13671875
3 0.1796875 0.2998046875 0.359375 0.599609375
5 0.6953125 0.62109375 0.095703125 0.080078125
5 0.525390625 0.623046875 0.0703125 0.04296875
2 0.5263671875 0.5830078125 0.048828125 0.0390625
2 0.703125 0.5712890625 0.046875 0.046875
0 0.1884765625 0.7919921875 0.376953125 0.392578125
1 0.5234375 0.6884765625 0.30859375 0.1171875
0 0.779296875 0.978515625 0.359375 0.04296875
3 0.6650390625 0.814453125 0.638671875 0.37109375