4 0.28515625 0.150390625 0.16015625 0.16796875
3 0.283203125 0.1474609375 0.263671875 0.2578125
5 0.7919921875 0.142578125 0.314453125 0.28515625
0 0.478515625 0.0771484375 0.08203125 0.1171875
0 0.9326171875 0.1865234375 0.03515625 0.09375
3 0.689453125 0.1669921875 0.5234375 0.333984375
5 0.4140625 0.5859375 0.220703125 0.3046875
0 0.412109375 0.783203125 0.115234375 0.08984375
4 0.5068359375 0.9384765625 0.142578125 0.123046875
3 0.3896484375 0.673828125 0.404296875 0.65234375
3 0.7216796875 0.609375 0.556640625 0.76171875