4 0.1650390625 0.1640625 0.11328125 0.146484375
4 0.326171875 0.169921875 0.1015625 0.15234375
3 0.2255859375 0.138671875 0.396484375 0.2734375
5 0.806640625 0.29296875 0.267578125 0.185546875
1 0.796875 0.0849609375 0.201171875 0.0859375
3 0.796875 0.208984375 0.365234375 0.357421875
1 0.419921875 0.5107421875 0.017578125 0.068359375
1 0.0732421875 0.53515625 0.044921875 0.083984375
1 0.1865234375 0.5732421875 0.037109375 0.08203125
1 0.3037109375 0.599609375 0.0390625 0.052734375
5 0.068359375 0.701171875 0.09375 0.240234375
5 0.1875 0.7099609375 0.0859375 0.19140625
5 0.40625 0.7060546875 0.0546875 0.240234375
5 0.3017578125 0.7783203125 0.09765625 0.21484375
0 0.0166015625 0.798828125 0.0234375 0.052734375
0 0.3828125 0.8310546875 0.021484375 0.07421875
3 0.06640625 0.7431640625 0.1328125 0.513671875
3 0.1875 0.7646484375 0.12109375 0.470703125
3 0.298828125 0.78515625 0.12109375 0.4296875
3 0.396484375 0.7373046875 0.078125 0.525390625
5 0.89453125 0.466796875 0.2109375 0.171875
0 0.828125 0.599609375 0.09765625 0.068359375
4 0.8876953125 0.8095703125 0.11328125 0.1640625
3 0.84375 0.64453125 0.3125 0.52734375