3 0.216796875 0.330078125 0.3505859375 0.5986328125
5 0.208984375 0.26953125 0.2568359375 0.2236328125
0 0.3486328125 0.3837890625 0.0556640625 0.0576171875
0 0.14453125 0.4208984375 0.11328125 0.0478515625
4 0.1630859375 0.5732421875 0.1396484375 0.11328125
4 0.3037109375 0.5693359375 0.15625 0.11328125
1 0.197265625 0.068359375 0.15625 0.0673828125
3 0.9345703125 0.314453125 0.130859375 0.62890625
5 0.9580078125 0.2392578125 0.083984375 0.271484375
4 0.9599609375 0.572265625 0.0791015625 0.115234375
3 0.525390625 0.767578125 0.248046875 0.2763671875
0 0.470703125 0.6494140625 0.0576171875 0.0380859375
4 0.548828125 0.8193359375 0.1005859375 0.123046875
3 0.8896484375 0.8251953125 0.130859375 0.349609375
3 0.986328125 0.69921875 0.0263671875 0.1396484375
3 0.8642578125 0.7255859375 0.103515625 0.1923828125
2 0.8642578125 0.6982421875 0.0693359375 0.115234375