5 0.2431640625 0.1318359375 0.302734375 0.263671875
0 0.185546875 0.0830078125 0.1396484375 0.0693359375
0 0.31640625 0.09765625 0.123046875 0.0693359375
4 0.2177734375 0.505859375 0.1201171875 0.1494140625
4 0.3837890625 0.5537109375 0.1298828125 0.1708984375
3 0.2666015625 0.32421875 0.474609375 0.6484375
1 0.873046875 0.126953125 0.16015625 0.25390625
5 0.806640625 0.4755859375 0.3056640625 0.345703125
3 0.806640625 0.32421875 0.32421875 0.6484375
4 0.0576171875 0.9794921875 0.115234375 0.041015625
4 0.3232421875 0.9765625 0.173828125 0.046875
3 0.2236328125 0.82421875 0.447265625 0.3505859375
5 0.7197265625 0.82421875 0.30078125 0.3505859375
5 0.9267578125 0.8623046875 0.146484375 0.275390625
3 0.697265625 0.82421875 0.35546875 0.3505859375
3 0.9267578125 0.82421875 0.146484375 0.3505859375
6 0.796875 0.9716796875 0.09375 0.056640625