5 0.0693359375 0.1787109375 0.138671875 0.201171875
0 0.189453125 0.255859375 0.048828125 0.078125
4 0.0068359375 0.455078125 0.013671875 0.09765625
4 0.1201171875 0.4892578125 0.119140625 0.162109375
3 0.13671875 0.3349609375 0.2734375 0.541015625
5 0.4677734375 0.240234375 0.302734375 0.3046875
0 0.6279296875 0.306640625 0.02734375 0.05078125
0 0.5263671875 0.4228515625 0.09765625 0.076171875
4 0.6982421875 0.48828125 0.234375 0.09765625
1 0.4453125 0.029296875 0.2265625 0.05859375
3 0.5517578125 0.29296875 0.587890625 0.5859375
0 0.255859375 0.6513671875 0.09375 0.078125
4 0.2998046875 0.830078125 0.10546875 0.1484375
3 0.25 0.767578125 0.208984375 0.318359375
1 0.41015625 0.8779296875 0.146484375 0.173828125