5 0.265625 0.1904296875 0.21484375 0.193359375
0 0.423828125 0.3095703125 0.048828125 0.068359375
0 0.13671875 0.3056640625 0.056640625 0.052734375
4 0.2177734375 0.4775390625 0.076171875 0.095703125
4 0.2890625 0.4423828125 0.07421875 0.107421875
1 0.279296875 0.0283203125 0.1328125 0.056640625
3 0.279296875 0.263671875 0.3828125 0.52734375
5 0.9375 0.2666015625 0.125 0.521484375
5 0.7763671875 0.26953125 0.21875 0.533203125
3 0.8330078125 0.26953125 0.333984375 0.53515625
3 0.923828125 0.271484375 0.15234375 0.53125
6 0.990234375 0.4755859375 0.01953125 0.123046875
0 0.36328125 0.7607421875 0.609375 0.478515625
5 0.8828125 0.7451171875 0.16015625 0.107421875
1 0.7099609375 0.5927734375 0.087890625 0.087890625
1 0.826171875 0.66796875 0.076171875 0.0703125
3 0.7109375 0.7470703125 0.1015625 0.400390625
3 0.890625 0.75 0.212890625 0.2421875
3 0.9541015625 0.744140625 0.091796875 0.41796875
6 0.9755859375 0.73828125 0.041015625 0.041015625