5 0.2041015625 0.212890625 0.314453125 0.267578125
0 0.36328125 0.3779296875 0.0703125 0.0703125
0 0.07421875 0.375 0.099609375 0.07421875
3 0.22265625 0.232421875 0.44140625 0.46484375
5 0.7919921875 0.1357421875 0.220703125 0.251953125
0 0.8603515625 0.2998046875 0.099609375 0.080078125
4 0.705078125 0.4462890625 0.0703125 0.0703125
4 0.810546875 0.4638671875 0.1015625 0.048828125
3 0.8349609375 0.251953125 0.330078125 0.484375
5 0.2744140625 0.7001953125 0.431640625 0.505859375
2 0.232421875 0.5029296875 0.197265625 0.10546875
6 0.267578125 0.7529296875 0.15234375 0.201171875
6 0.498046875 0.841796875 0.080078125 0.103515625
3 0.85546875 0.7470703125 0.2890625 0.505859375
5 0.9091796875 0.80078125 0.1640625 0.27734375
0 0.81640625 0.9697265625 0.1015625 0.060546875
1 0.9453125 0.5556640625 0.109375 0.099609375