3 0.39453125 0.2490234375 0.255859375 0.4921875
5 0.4130859375 0.1748046875 0.150390625 0.23046875
0 0.37890625 0.3212890625 0.068359375 0.064453125
4 0.4697265625 0.4462890625 0.1015625 0.0703125
5 0.826171875 0.0869140625 0.21484375 0.173828125
0 0.7265625 0.205078125 0.064453125 0.056640625
4 0.9072265625 0.3310546875 0.091796875 0.126953125
4 0.787109375 0.3173828125 0.072265625 0.0859375
3 0.8115234375 0.2138671875 0.349609375 0.427734375
5 0.279296875 0.845703125 0.4609375 0.30859375
3 0.2802734375 0.736328125 0.556640625 0.52734375
3 0.8857421875 0.7001953125 0.228515625 0.490234375
5 0.91796875 0.67578125 0.1640625 0.21484375
0 0.8828125 0.8134765625 0.060546875 0.056640625
4 0.9658203125 0.91015625 0.068359375 0.0390625
1 0.9140625 0.5 0.1328125 0.07421875