5 0.3818359375 0.0810546875 0.298828125 0.162109375
0 0.357421875 0.1728515625 0.111328125 0.083984375
4 0.30859375 0.388671875 0.208984375 0.181640625
4 0.2412109375 0.3134765625 0.1875 0.16015625
3 0.3310546875 0.25 0.470703125 0.5
5 0.7763671875 0.421875 0.31640625 0.30078125
0 0.5791015625 0.5361328125 0.0859375 0.07421875
0 0.95703125 0.603515625 0.080078125 0.08984375
1 0.8359375 0.20703125 0.17578125 0.115234375
3 0.7578125 0.3994140625 0.484375 0.595703125
1 0.3154296875 0.7001953125 0.083984375 0.087890625
1 0.1494140625 0.7607421875 0.0546875 0.08203125
1 0.24609375 0.8017578125 0.0390625 0.056640625
1 0.380859375 0.8447265625 0.04296875 0.0390625
5 0.3623046875 0.9296875 0.083984375 0.111328125
5 0.126953125 0.857421875 0.111328125 0.142578125
5 0.2548828125 0.884765625 0.177734375 0.166015625
3 0.1357421875 0.818359375 0.15625 0.224609375
3 0.2841796875 0.8037109375 0.26953125 0.345703125
3 0.373046875 0.904296875 0.109375 0.16796875
5 0.8076171875 0.8203125 0.314453125 0.359375
3 0.7197265625 0.7998046875 0.490234375 0.400390625