5 0.45703125 0.302734375 0.1826171875 0.1875
0 0.3544921875 0.427734375 0.060546875 0.0458984375
4 0.48828125 0.5166015625 0.0576171875 0.0244140625
1 0.4599609375 0.1337890625 0.1318359375 0.0625
3 0.423828125 0.30859375 0.248046875 0.439453125
3 0.8603515625 0.18359375 0.279296875 0.3671875
5 0.8876953125 0.0595703125 0.224609375 0.119140625
4 0.8349609375 0.310546875 0.0693359375 0.115234375
4 0.9609375 0.3017578125 0.078125 0.115234375
0 0.7822265625 0.1513671875 0.0693359375 0.0458984375
3 0.3212890625 0.7646484375 0.3486328125 0.470703125
5 0.330078125 0.646484375 0.2353515625 0.20703125
4 0.271484375 0.939453125 0.0771484375 0.1201171875
4 0.412109375 0.9365234375 0.1103515625 0.11328125
0 0.216796875 0.78125 0.083984375 0.052734375
0 0.466796875 0.767578125 0.060546875 0.0576171875