5 0.328125 0.1962890625 0.177734375 0.171875
0 0.4345703125 0.26953125 0.05859375 0.05078125
0 0.2548828125 0.30078125 0.044921875 0.048828125
4 0.3193359375 0.419921875 0.1015625 0.091796875
4 0.4033203125 0.4013671875 0.08203125 0.08984375
1 0.3037109375 0.0712890625 0.107421875 0.068359375
3 0.3349609375 0.2509765625 0.35546875 0.46484375
5 0.396484375 0.69140625 0.216796875 0.11328125
0 0.5166015625 0.724609375 0.06640625 0.064453125
0 0.3173828125 0.7724609375 0.064453125 0.0546875
4 0.4052734375 0.8994140625 0.087890625 0.111328125
4 0.5205078125 0.873046875 0.107421875 0.115234375
3 0.416015625 0.80078125 0.357421875 0.349609375
3 0.93359375 0.7197265625 0.1328125 0.392578125
5 0.966796875 0.7412109375 0.06640625 0.259765625
0 0.978515625 0.8798828125 0.04296875 0.064453125