0 0.015625 0.0634765625 0.03125 0.0458984375
0 0.2919921875 0.0400390625 0.05078125 0.060546875
4 0.0927734375 0.2451171875 0.095703125 0.125
4 0.1357421875 0.189453125 0.060546875 0.09375
3 0.166015625 0.16015625 0.33203125 0.3193359375
3 0.6318359375 0.169921875 0.3369140625 0.3388671875
5 0.650390625 0.21875 0.2958984375 0.240234375
1 0.6259765625 0.0107421875 0.2138671875 0.021484375
3 0.3583984375 0.61328125 0.1396484375 0.5478515625
5 0.37890625 0.47265625 0.0986328125 0.23828125
0 0.3369140625 0.6162109375 0.0556640625 0.0556640625
4 0.3955078125 0.7958984375 0.064453125 0.125
5 0.6806640625 0.6826171875 0.333984375 0.5673828125
5 0.484375 0.759765625 0.11328125 0.48046875
3 0.4931640625 0.6689453125 0.130859375 0.662109375
3 0.6953125 0.6689453125 0.390625 0.662109375