4 0.453125 0.0244140625 0.08203125 0.048828125
4 0.3916015625 0.0146484375 0.064453125 0.029296875
5 0.791015625 0.2021484375 0.193359375 0.181640625
0 0.8759765625 0.3125 0.046875 0.05078125
0 0.69140625 0.275390625 0.044921875 0.05078125
4 0.7294921875 0.4248046875 0.076171875 0.09765625
4 0.767578125 0.41015625 0.060546875 0.080078125
1 0.8212890625 0.0771484375 0.103515625 0.052734375
3 0.794921875 0.2734375 0.328125 0.46875
4 0.3525390625 0.5234375 0.12109375 0.1015625
4 0.232421875 0.48046875 0.07421875 0.07421875
3 0.291015625 0.5107421875 0.28515625 0.154296875
3 0.7099609375 0.9052734375 0.388671875 0.189453125