3 0.197265625 0.263671875 0.39453125 0.4765625
5 0.1689453125 0.220703125 0.314453125 0.271484375
0 0.140625 0.380859375 0.095703125 0.072265625
0 0.33984375 0.306640625 0.056640625 0.0625
3 0.7431640625 0.1611328125 0.392578125 0.322265625
5 0.728515625 0.021484375 0.2578125 0.04296875
0 0.8759765625 0.0224609375 0.072265625 0.044921875
0 0.6357421875 0.078125 0.09375 0.064453125
4 0.705078125 0.2431640625 0.109375 0.138671875
4 0.8515625 0.205078125 0.15234375 0.1484375
5 0.2724609375 0.7099609375 0.16796875 0.1484375
0 0.208984375 0.80078125 0.041015625 0.037109375
0 0.3818359375 0.765625 0.04296875 0.048828125
4 0.287109375 0.900390625 0.0703125 0.08203125
4 0.359375 0.876953125 0.06640625 0.0703125
1 0.2421875 0.6015625 0.1015625 0.060546875
3 0.291015625 0.7548828125 0.291015625 0.40625
5 0.8916015625 0.380859375 0.197265625 0.11328125
0 0.787109375 0.470703125 0.05859375 0.05859375
4 0.8564453125 0.595703125 0.09375 0.1015625
4 0.95703125 0.5830078125 0.0859375 0.111328125
3 0.8603515625 0.49609375 0.279296875 0.34765625