5 0.3974609375 0.3212890625 0.1806640625 0.271484375
1 0.4130859375 0.068359375 0.1494140625 0.0986328125
3 0.384765625 0.2646484375 0.20703125 0.490234375
0 0.306640625 0.4619140625 0.07421875 0.07421875
5 0.587890625 0.22265625 0.19921875 0.228515625
0 0.69140625 0.37109375 0.0673828125 0.0576171875
1 0.56640625 0.03125 0.146484375 0.0625
3 0.6103515625 0.2548828125 0.2451171875 0.509765625
3 0.380859375 0.7548828125 0.2138671875 0.490234375
5 0.404296875 0.69921875 0.16796875 0.2119140625
4 0.3837890625 0.974609375 0.123046875 0.05078125
0 0.369140625 0.84375 0.0556640625 0.05078125
1 0.423828125 0.5205078125 0.126953125 0.021484375
1 0.607421875 0.7255859375 0.10546875 0.125
1 0.7451171875 0.62890625 0.115234375 0.125
1 0.9375 0.6728515625 0.115234375 0.1201171875
5 0.6103515625 0.9384765625 0.16796875 0.123046875
5 0.7529296875 0.8984375 0.205078125 0.203125
5 0.927734375 0.9140625 0.14453125 0.171875
3 0.630859375 0.830078125 0.19921875 0.3388671875
3 0.759765625 0.7822265625 0.216796875 0.435546875
3 0.931640625 0.806640625 0.13671875 0.38671875