5 0.5107421875 0.087890625 0.330078125 0.17578125
0 0.298828125 0.142578125 0.125 0.103515625
4 0.3115234375 0.3857421875 0.203125 0.181640625
4 0.4326171875 0.3896484375 0.20703125 0.197265625
3 0.443359375 0.2685546875 0.578125 0.537109375
0 0.6533203125 0.4619140625 0.09375 0.1484375
1 0.3935546875 0.5380859375 0.18359375 0.1484375
5 0.2587890625 0.78125 0.380859375 0.400390625
3 0.279296875 0.705078125 0.439453125 0.556640625
1 0.71875 0.6416015625 0.306640625 0.208984375
0 0.5537109375 0.8271484375 0.138671875 0.328125
3 0.7060546875 0.7685546875 0.462890625 0.462890625