5 0.240234375 0.109375 0.31640625 0.21875
0 0.3828125 0.2529296875 0.08984375 0.07421875
0 0.103515625 0.2373046875 0.09375 0.07421875
4 0.1474609375 0.4228515625 0.1171875 0.119140625
4 0.306640625 0.4365234375 0.126953125 0.12109375
3 0.2314453125 0.2509765625 0.462890625 0.501953125
5 0.9404296875 0.37109375 0.119140625 0.36328125
1 0.978515625 0.0791015625 0.04296875 0.080078125
3 0.93359375 0.29296875 0.1328125 0.51953125
3 0.85546875 0.2861328125 0.2890625 0.533203125
0 0.09765625 0.4912109375 0.0546875 0.037109375
4 0.07421875 0.603515625 0.109375 0.0859375
4 0.01171875 0.5908203125 0.0234375 0.076171875
3 0.0791015625 0.5625 0.158203125 0.1953125
5 0.62109375 0.734375 0.16015625 0.234375
0 0.7578125 0.890625 0.068359375 0.080078125
1 0.6318359375 0.5419921875 0.1328125 0.052734375
3 0.685546875 0.7578125 0.3203125 0.484375