0 0.380859375 0.4052734375 0.08203125 0.091796875
3 0.2939453125 0.2939453125 0.296875 0.529296875
0 0.7587890625 0.0146484375 0.087890625 0.029296875
0 0.4833984375 0.0625 0.095703125 0.0859375
4 0.7578125 0.2041015625 0.142578125 0.171875
4 0.599609375 0.244140625 0.140625 0.1640625
3 0.634765625 0.1767578125 0.5 0.353515625
5 0.2236328125 0.7470703125 0.2578125 0.228515625
0 0.1591796875 0.88671875 0.072265625 0.060546875
0 0.3671875 0.82421875 0.0625 0.06640625
4 0.3876953125 0.9580078125 0.115234375 0.083984375
4 0.271484375 0.9736328125 0.1015625 0.052734375
1 0.1572265625 0.60546875 0.12109375 0.064453125
3 0.2451171875 0.76953125 0.439453125 0.4609375
5 0.55859375 0.7841796875 0.15625 0.27734375
0 0.6533203125 0.923828125 0.05859375 0.103515625
1 0.4619140625 0.546875 0.041015625 0.076171875