3 0.390625 0.1142578125 0.2763671875 0.228515625
5 0.4287109375 0.0634765625 0.19921875 0.126953125
0 0.3349609375 0.154296875 0.0693359375 0.0576171875
3 0.181640625 0.53125 0.3583984375 0.60546875
5 0.1884765625 0.3896484375 0.2666015625 0.2646484375
0 0.236328125 0.560546875 0.0986328125 0.0625
0 0.0537109375 0.5263671875 0.064453125 0.064453125
4 0.234375 0.7744140625 0.146484375 0.14453125
4 0.134765625 0.728515625 0.1708984375 0.1318359375
5 0.7080078125 0.486328125 0.1513671875 0.1416015625
0 0.798828125 0.578125 0.05078125 0.0380859375
0 0.60546875 0.5693359375 0.0380859375 0.041015625
4 0.646484375 0.673828125 0.0791015625 0.0693359375
4 0.7412109375 0.703125 0.0625 0.08203125
1 0.7080078125 0.359375 0.10546875 0.041015625
3 0.705078125 0.5419921875 0.25 0.408203125