5 0.376953125 0.240234375 0.2021484375 0.2880859375
0 0.322265625 0.443359375 0.0986328125 0.0673828125
3 0.31640625 0.294921875 0.32421875 0.5888671875
5 0.630859375 0.13671875 0.29296875 0.2734375
0 0.80078125 0.2802734375 0.0478515625 0.0791015625
0 0.5400390625 0.330078125 0.1103515625 0.0693359375
4 0.5693359375 0.525390625 0.14453125 0.126953125
4 0.724609375 0.5048828125 0.185546875 0.1513671875
3 0.67578125 0.294921875 0.39453125 0.5888671875
5 0.125 0.75390625 0.25 0.2666015625
0 0.220703125 0.93359375 0.0986328125 0.0693359375
3 0.1669921875 0.7939453125 0.333984375 0.412109375
3 0.5693359375 0.7548828125 0.1396484375 0.33203125
3 0.705078125 0.76953125 0.15625 0.3603515625
3 0.8662109375 0.779296875 0.13671875 0.3798828125
6 0.771484375 0.6259765625 0.029296875 0.0556640625
6 0.9072265625 0.64453125 0.0380859375 0.0771484375
6 0.5107421875 0.59765625 0.03125 0.0166015625
6 0.638671875 0.61328125 0.0361328125 0.0478515625