5 0.4853515625 0.16796875 0.2861328125 0.2763671875
0 0.6083984375 0.3427734375 0.0625 0.064453125
0 0.3369140625 0.3291015625 0.072265625 0.0625
4 0.40625 0.53125 0.134765625 0.134765625
4 0.5634765625 0.5361328125 0.0888671875 0.125
3 0.4580078125 0.298828125 0.361328125 0.59765625
5 0.7275390625 0.4228515625 0.17578125 0.3505859375
1 0.703125 0.0615234375 0.126953125 0.123046875
3 0.779296875 0.298828125 0.28125 0.59765625
6 0.783203125 0.5830078125 0.10546875 0.03125
5 0.365234375 0.916015625 0.2880859375 0.16796875
1 0.3662109375 0.720703125 0.1708984375 0.0791015625
3 0.36328125 0.8388671875 0.45703125 0.322265625
0 0.7294921875 0.7705078125 0.083984375 0.0673828125
4 0.68359375 0.953125 0.0888671875 0.09375
3 0.7138671875 0.798828125 0.1494140625 0.4013671875