0 0.060546875 0.2861328125 0.0546875 0.08203125
4 0.0830078125 0.52734375 0.166015625 0.171875
3 0.1083984375 0.39453125 0.216796875 0.609375
1 0.50390625 0.0927734375 0.3515625 0.185546875
0 0.9482421875 0.4609375 0.103515625 0.16796875
3 0.6396484375 0.333984375 0.720703125 0.66796875
4 0.28125 0.7705078125 0.15234375 0.150390625
4 0.4267578125 0.771484375 0.111328125 0.18359375
1 0.2998046875 0.8095703125 0.376953125 0.283203125
5 0.8251953125 0.7373046875 0.349609375 0.431640625
3 0.80859375 0.744140625 0.3828125 0.44140625