3 0.4599609375 0.12890625 0.2763671875 0.2568359375
0 0.4599609375 0.0205078125 0.0888671875 0.041015625
4 0.46875 0.185546875 0.1611328125 0.125
4 0.5517578125 0.150390625 0.09375 0.1083984375
1 0.75390625 0.044921875 0.0986328125 0.0888671875
5 0.626953125 0.25390625 0.0576171875 0.28125
5 0.7607421875 0.2431640625 0.1611328125 0.302734375
0 0.703125 0.3291015625 0.0576171875 0.07421875
0 0.9150390625 0.3330078125 0.1083984375 0.10546875
3 0.9267578125 0.2294921875 0.146484375 0.458984375
3 0.7587890625 0.2294921875 0.1806640625 0.458984375
3 0.6337890625 0.236328125 0.0693359375 0.4443359375
1 0.05859375 0.716796875 0.0380859375 0.0458984375
1 0.17578125 0.6884765625 0.033203125 0.0361328125
1 0.275390625 0.69921875 0.033203125 0.0380859375
1 0.359375 0.6962890625 0.0361328125 0.0478515625
1 0.41796875 0.689453125 0.052734375 0.052734375
3 0.0673828125 0.8388671875 0.134765625 0.322265625
3 0.1923828125 0.830078125 0.125 0.3388671875
3 0.2900390625 0.8330078125 0.0986328125 0.333984375
3 0.443359375 0.8203125 0.125 0.359375
3 0.369140625 0.8349609375 0.0986328125 0.3291015625
6 0.45703125 0.9365234375 0.0458984375 0.0576171875
6 0.19140625 0.83203125 0.0263671875 0.0263671875
6 0.203125 0.849609375 0.0244140625 0.033203125
6 0.0263671875 0.9052734375 0.029296875 0.041015625
6 0.095703125 0.888671875 0.0166015625 0.0361328125
6 0.3193359375 0.8681640625 0.0244140625 0.0361328125
6 0.34765625 0.9052734375 0.021484375 0.0380859375
3 0.642578125 0.716796875 0.0888671875 0.5146484375
4 0.6240234375 0.89453125 0.05078125 0.1201171875
0 0.66015625 0.7138671875 0.0673828125 0.064453125