5 0.1591796875 0.2109375 0.173828125 0.171875
0 0.0517578125 0.2763671875 0.04296875 0.046875
0 0.2431640625 0.3154296875 0.0546875 0.048828125
1 0.1875 0.0849609375 0.103515625 0.05078125
3 0.16796875 0.2216796875 0.298828125 0.359375
3 0.80859375 0.216796875 0.3828125 0.3828125
0 0.97265625 0.142578125 0.0546875 0.08203125
0 0.744140625 0.0947265625 0.0703125 0.068359375
4 0.939453125 0.318359375 0.1171875 0.14453125
4 0.798828125 0.2822265625 0.123046875 0.140625
5 0.3642578125 0.48046875 0.150390625 0.138671875
0 0.2919921875 0.548828125 0.052734375 0.05078125
4 0.3076171875 0.67578125 0.078125 0.09375
4 0.376953125 0.6953125 0.0390625 0.087890625
3 0.322265625 0.5751953125 0.232421875 0.341796875
3 0.6796875 0.857421875 0.21484375 0.28515625
5 0.6806640625 0.828125 0.111328125 0.107421875
4 0.6142578125 0.873046875 0.037109375 0.03515625
4 0.7431640625 0.8935546875 0.03515625 0.037109375
0 0.681640625 0.9580078125 0.060546875 0.064453125
0 0.642578125 0.958984375 0.048828125 0.0625
1 0.6953125 0.74609375 0.0625 0.0390625