5 0.2509765625 0.36328125 0.220703125 0.19921875
0 0.384765625 0.48046875 0.04296875 0.0576171875
0 0.1298828125 0.49609375 0.0625 0.0556640625
4 0.193359375 0.595703125 0.0791015625 0.0244140625
1 0.2587890625 0.1826171875 0.154296875 0.072265625
3 0.2548828125 0.376953125 0.3603515625 0.4619140625
5 0.7138671875 0.09375 0.0478515625 0.1875
4 0.984375 0.5732421875 0.03125 0.0693359375
5 0.5498046875 0.8828125 0.279296875 0.234375
5 0.2822265625 0.880859375 0.08203125 0.134765625
5 0.3603515625 0.8681640625 0.0556640625 0.1103515625
1 0.2763671875 0.7724609375 0.0361328125 0.0380859375
1 0.345703125 0.794921875 0.021484375 0.03125
3 0.5400390625 0.8037109375 0.30078125 0.3916015625
3 0.287109375 0.875 0.083984375 0.25
3 0.361328125 0.8857421875 0.060546875 0.228515625
3 0.755859375 0.796875 0.1318359375 0.376953125