3 0.40234375 0.234375 0.318359375 0.46875
5 0.376953125 0.0751953125 0.248046875 0.150390625
0 0.416015625 0.193359375 0.064453125 0.064453125
4 0.3896484375 0.3828125 0.1953125 0.140625
4 0.4638671875 0.33984375 0.15625 0.111328125
5 0.6640625 0.0771484375 0.1328125 0.154296875
0 0.7490234375 0.1708984375 0.052734375 0.05859375
4 0.62109375 0.328125 0.033203125 0.099609375
4 0.7265625 0.3232421875 0.0859375 0.095703125
3 0.6982421875 0.19140625 0.201171875 0.3828125
3 0.439453125 0.63671875 0.34765625 0.33984375
5 0.458984375 0.5107421875 0.22265625 0.0859375
4 0.3876953125 0.7421875 0.06640625 0.1171875
4 0.5263671875 0.7431640625 0.107421875 0.1171875
0 0.3310546875 0.5830078125 0.07421875 0.052734375
0 0.5810546875 0.5732421875 0.052734375 0.052734375
5 0.818359375 0.71484375 0.12109375 0.111328125
0 0.755859375 0.78515625 0.03125 0.03125
0 0.88671875 0.7724609375 0.03125 0.033203125
4 0.7900390625 0.8720703125 0.048828125 0.0625
4 0.857421875 0.8759765625 0.0625 0.06640625
1 0.8134765625 0.62109375 0.078125 0.03515625
3 0.82421875 0.755859375 0.203125 0.310546875