5 0.1904296875 0.07421875 0.185546875 0.1484375
0 0.078125 0.1708984375 0.0576171875 0.05078125
0 0.31640625 0.166015625 0.04296875 0.052734375
4 0.216796875 0.310546875 0.0869140625 0.0771484375
4 0.1044921875 0.3037109375 0.0625 0.0771484375
3 0.1884765625 0.173828125 0.306640625 0.34765625
1 0.732421875 0.1396484375 0.1083984375 0.0693359375
1 0.91796875 0.162109375 0.10546875 0.0625
5 0.68359375 0.265625 0.19921875 0.166015625
5 0.896484375 0.2861328125 0.20703125 0.125
3 0.880859375 0.2275390625 0.23828125 0.2431640625
3 0.623046875 0.173828125 0.3671875 0.34765625
6 0.4833984375 0.052734375 0.08203125 0.07421875
6 0.779296875 0.314453125 0.0673828125 0.064453125
5 0.095703125 0.685546875 0.19140625 0.5703125
3 0.1572265625 0.673828125 0.314453125 0.6513671875
6 0.048828125 0.9453125 0.09765625 0.109375
5 0.5 0.833984375 0.1201171875 0.2880859375
3 0.505859375 0.71875 0.1318359375 0.5625
2 0.4892578125 0.4931640625 0.064453125 0.103515625