5 0.3916015625 0.0615234375 0.1796875 0.123046875
0 0.3134765625 0.1494140625 0.078125 0.076171875
4 0.41015625 0.3525390625 0.1484375 0.1640625
3 0.373046875 0.240234375 0.3125 0.48046875
5 0.861328125 0.142578125 0.087890625 0.142578125
5 0.6376953125 0.2119140625 0.087890625 0.14453125
5 0.7353515625 0.2724609375 0.1171875 0.19921875
2 0.6337890625 0.1064453125 0.052734375 0.07421875
2 0.7177734375 0.142578125 0.07421875 0.099609375
2 0.8447265625 0.04296875 0.052734375 0.072265625
3 0.650390625 0.2578125 0.125 0.380859375
3 0.7412109375 0.2724609375 0.15625 0.369140625
3 0.869140625 0.193359375 0.125 0.376953125
3 0.9091796875 0.150390625 0.126953125 0.30078125
5 0.2421875 0.61328125 0.15234375 0.19140625
5 0.322265625 0.5576171875 0.115234375 0.1015625
5 0.4443359375 0.5703125 0.111328125 0.158203125
5 0.5263671875 0.568359375 0.060546875 0.13671875
3 0.248046875 0.7578125 0.23828125 0.484375
3 0.345703125 0.7109375 0.173828125 0.412109375
3 0.4638671875 0.6826171875 0.16015625 0.38671875
3 0.53125 0.63671875 0.09375 0.306640625
6 0.1396484375 0.5595703125 0.04296875 0.046875
6 0.2265625 0.7373046875 0.046875 0.068359375
6 0.3505859375 0.5537109375 0.037109375 0.046875
6 0.4208984375 0.5439453125 0.03515625 0.041015625
0 0.767578125 0.693359375 0.46484375 0.53515625