5 0.185546875 0.0732421875 0.26171875 0.12890625
0 0.3408203125 0.1240234375 0.041015625 0.083984375
0 0.0966796875 0.1865234375 0.1015625 0.07421875
4 0.138671875 0.40234375 0.1640625 0.166015625
4 0.27734375 0.353515625 0.1953125 0.146484375
3 0.203125 0.25 0.40625 0.4921875
1 0.8974609375 0.3740234375 0.197265625 0.099609375
0 0.6103515625 0.478515625 0.158203125 0.05859375
3 0.802734375 0.423828125 0.392578125 0.16015625
5 0.40234375 0.603515625 0.271484375 0.19140625
0 0.236328125 0.744140625 0.08203125 0.076171875
4 0.3623046875 0.939453125 0.107421875 0.12109375
4 0.4990234375 0.892578125 0.099609375 0.125
3 0.3642578125 0.75390625 0.380859375 0.4921875
5 0.896484375 0.5107421875 0.1875 0.052734375
0 0.7939453125 0.5615234375 0.05078125 0.05078125
4 0.8701171875 0.724609375 0.078125 0.109375
4 0.9150390625 0.6875 0.0546875 0.095703125
3 0.869140625 0.634765625 0.26171875 0.30078125