5 0.2509765625 0.2666015625 0.291015625 0.30859375
0 0.2890625 0.4453125 0.103515625 0.091796875
4 0.220703125 0.5712890625 0.189453125 0.095703125
1 0.1796875 0.07421875 0.20703125 0.0703125
3 0.251953125 0.3193359375 0.50390625 0.607421875
5 0.7177734375 0.1923828125 0.302734375 0.318359375
0 0.6455078125 0.3525390625 0.0625 0.068359375
0 0.755859375 0.3720703125 0.115234375 0.099609375
3 0.7470703125 0.24609375 0.451171875 0.4921875
1 0.6171875 0.67578125 0.150390625 0.162109375
0 0.5615234375 0.5751953125 0.08203125 0.125
3 0.4326171875 0.6357421875 0.29296875 0.23046875
3 0.57421875 0.7470703125 0.37890625 0.505859375
6 0.4296875 0.6669921875 0.064453125 0.091796875
6 0.3974609375 0.6484375 0.0625 0.115234375
1 0.9716796875 0.57421875 0.056640625 0.125
5 0.9228515625 0.6337890625 0.154296875 0.177734375
0 0.962890625 0.78125 0.0546875 0.0703125
3 0.912109375 0.7109375 0.17578125 0.40234375