5 0.373046875 0.0908203125 0.30078125 0.181640625
0 0.4873046875 0.2119140625 0.07421875 0.076171875
0 0.232421875 0.16015625 0.0859375 0.076171875
4 0.4013671875 0.3447265625 0.11328125 0.076171875
4 0.2548828125 0.3125 0.107421875 0.06640625
3 0.3544921875 0.19921875 0.501953125 0.3984375
5 0.3671875 0.4287109375 0.3046875 0.19140625
0 0.490234375 0.5576171875 0.091796875 0.08203125
0 0.220703125 0.494140625 0.09375 0.083984375
4 0.220703125 0.697265625 0.1328125 0.1640625
4 0.3828125 0.7392578125 0.142578125 0.166015625
3 0.330078125 0.5791015625 0.50390625 0.5234375
5 0.8837890625 0.8759765625 0.126953125 0.248046875
0 0.783203125 0.990234375 0.0859375 0.01953125
3 0.84375 0.7900390625 0.28125 0.419921875