5 0.4267578125 0.095703125 0.283203125 0.19140625
0 0.294921875 0.2236328125 0.0869140625 0.0673828125
0 0.556640625 0.220703125 0.0263671875 0.0673828125
4 0.5166015625 0.421875 0.10546875 0.146484375
4 0.357421875 0.419921875 0.09375 0.1416015625
3 0.38671875 0.25390625 0.365234375 0.5068359375
5 0.703125 0.126953125 0.2666015625 0.2353515625
5 0.7841796875 0.3681640625 0.431640625 0.458984375
5 0.306640625 0.9375 0.17578125 0.125
2 0.3017578125 0.8017578125 0.0888671875 0.158203125
3 0.302734375 0.8603515625 0.23046875 0.279296875
5 0.9169921875 0.8720703125 0.162109375 0.255859375
2 0.921875 0.6943359375 0.09375 0.115234375
3 0.8740234375 0.8173828125 0.251953125 0.365234375