0 0.107421875 0.1435546875 0.08203125 0.07421875
4 0.0439453125 0.3447265625 0.072265625 0.15625
3 0.1103515625 0.2216796875 0.208984375 0.443359375
5 0.7509765625 0.29296875 0.21484375 0.201171875
0 0.6279296875 0.3798828125 0.05859375 0.052734375
0 0.85546875 0.4150390625 0.052734375 0.064453125
4 0.71484375 0.541015625 0.083984375 0.107421875
4 0.6279296875 0.529296875 0.08203125 0.10546875
1 0.79296875 0.1376953125 0.107421875 0.06640625
3 0.73828125 0.359375 0.4296875 0.5625
4 0.1513671875 0.763671875 0.302734375 0.390625
5 0.7880859375 0.8916015625 0.310546875 0.216796875
3 0.763671875 0.84375 0.390625 0.3125