3 0.3955078125 0.24609375 0.32421875 0.42578125
5 0.4208984375 0.28125 0.2578125 0.2265625
0 0.537109375 0.416015625 0.041015625 0.05859375
0 0.302734375 0.41796875 0.060546875 0.0546875
1 0.3916015625 0.0712890625 0.15625 0.0703125
3 0.794921875 0.259765625 0.34375 0.3984375
5 0.7958984375 0.328125 0.2578125 0.251953125
0 0.65625 0.4462890625 0.072265625 0.02734375
1 0.7724609375 0.1005859375 0.208984375 0.083984375
5 0.0947265625 0.59375 0.1328125 0.26953125
0 0.1572265625 0.5 0.0390625 0.060546875
0 0.2177734375 0.5 0.05859375 0.05078125
3 0.130859375 0.7294921875 0.248046875 0.541015625
5 0.83203125 0.8740234375 0.328125 0.251953125
3 0.8046875 0.7822265625 0.390625 0.431640625