3 0.12109375 0.2900390625 0.2421875 0.419921875
5 0.0576171875 0.181640625 0.115234375 0.16796875
0 0.1298828125 0.23828125 0.095703125 0.083984375
4 0.162109375 0.3974609375 0.11328125 0.119140625
4 0.048828125 0.4326171875 0.09765625 0.134765625
5 0.5185546875 0.2197265625 0.19140625 0.1796875
0 0.4619140625 0.3330078125 0.0546875 0.052734375
0 0.6455078125 0.267578125 0.048828125 0.052734375
1 0.46875 0.1005859375 0.107421875 0.064453125
1 0.5234375 0.205078125 0.337890625 0.3359375
5 0.3525390625 0.5458984375 0.169921875 0.16015625
0 0.3095703125 0.64453125 0.044921875 0.041015625
0 0.4423828125 0.5986328125 0.033203125 0.046875
4 0.4384765625 0.72265625 0.083984375 0.087890625
4 0.3701171875 0.7275390625 0.05859375 0.0703125
1 0.3203125 0.4365234375 0.095703125 0.05859375
3 0.3544921875 0.59765625 0.28515625 0.41015625
5 0.837890625 0.38671875 0.32421875 0.3203125
4 0.8994140625 0.8291015625 0.1796875 0.140625
3 0.8046875 0.580078125 0.390625 0.7109375