5 0.0576171875 0.0888671875 0.115234375 0.1396484375
0 0.1337890625 0.181640625 0.05078125 0.0380859375
4 0.009765625 0.27734375 0.01953125 0.0693359375
4 0.076171875 0.306640625 0.0625 0.08203125
3 0.0810546875 0.173828125 0.162109375 0.34765625
3 0.54296875 0.2490234375 0.25 0.498046875
5 0.517578125 0.1474609375 0.19921875 0.1943359375
4 0.447265625 0.43359375 0.0576171875 0.1181640625
4 0.5869140625 0.435546875 0.1005859375 0.1201171875
0 0.6416015625 0.267578125 0.0673828125 0.060546875
1 0.0693359375 0.9873046875 0.138671875 0.025390625
1 0.3447265625 0.986328125 0.1416015625 0.0263671875
4 0.7236328125 0.767578125 0.052734375 0.0166015625