3 0.404296875 0.208984375 0.1494140625 0.41796875
5 0.41796875 0.08203125 0.1201171875 0.1630859375
0 0.4287109375 0.203125 0.08203125 0.060546875
4 0.42578125 0.3662109375 0.10546875 0.103515625
5 0.568359375 0.126953125 0.18359375 0.25390625
3 0.8984375 0.1533203125 0.203125 0.306640625
3 0.6083984375 0.197265625 0.259765625 0.39453125
6 0.6826171875 0.275390625 0.0693359375 0.095703125
0 0.650390625 0.939453125 0.185546875 0.1201171875
4 0.77734375 0.5537109375 0.125 0.1494140625
3 0.677734375 0.708984375 0.3994140625 0.58203125