5 0.302734375 0.185546875 0.197265625 0.181640625
0 0.1748046875 0.296875 0.048828125 0.048828125
0 0.4609375 0.2861328125 0.052734375 0.056640625
4 0.23046875 0.4541015625 0.07421875 0.107421875
4 0.3291015625 0.439453125 0.095703125 0.095703125
1 0.3154296875 0.0283203125 0.119140625 0.056640625
3 0.31640625 0.2578125 0.37890625 0.513671875
5 0.6904296875 0.23046875 0.07421875 0.125
0 0.7314453125 0.3046875 0.037109375 0.037109375
4 0.6943359375 0.4189453125 0.064453125 0.078125
1 0.6796875 0.12890625 0.048828125 0.056640625
3 0.703125 0.287109375 0.107421875 0.380859375
5 0.2197265625 0.8388671875 0.197265625 0.291015625
5 0.453125 0.873046875 0.1796875 0.25390625
0 0.0205078125 0.9169921875 0.041015625 0.064453125
0 0.310546875 0.96875 0.044921875 0.056640625
0 0.6171875 0.923828125 0.048828125 0.060546875
3 0.4609375 0.8095703125 0.23046875 0.380859375
3 0.0302734375 0.7568359375 0.060546875 0.392578125
3 0.224609375 0.7822265625 0.2265625 0.4296875
2 0.44921875 0.6865234375 0.08203125 0.12109375