5 0.4677734375 0.03515625 0.189453125 0.0693359375
0 0.3798828125 0.095703125 0.05078125 0.041015625
0 0.57421875 0.0849609375 0.033203125 0.041015625
4 0.533203125 0.23046875 0.07421875 0.0869140625
4 0.4482421875 0.2119140625 0.0576171875 0.0791015625
3 0.4677734375 0.1416015625 0.28125 0.283203125
3 0.7822265625 0.19921875 0.185546875 0.3984375
5 0.75 0.0625 0.1201171875 0.125
0 0.828125 0.123046875 0.0556640625 0.0625
4 0.7080078125 0.3330078125 0.0361328125 0.126953125
4 0.78125 0.3017578125 0.177734375 0.1103515625
5 0.283203125 0.4755859375 0.1630859375 0.134765625
0 0.3916015625 0.556640625 0.0380859375 0.04296875
0 0.19921875 0.5634765625 0.0458984375 0.04296875
4 0.2744140625 0.69921875 0.0576171875 0.0869140625
4 0.3076171875 0.6767578125 0.0458984375 0.072265625
3 0.2919921875 0.5791015625 0.26171875 0.341796875