5 0.2607421875 0.3017578125 0.296875 0.287109375
0 0.4326171875 0.38671875 0.060546875 0.06640625
1 0.2626953125 0.060546875 0.220703125 0.095703125
3 0.2763671875 0.2294921875 0.388671875 0.447265625
1 0.6064453125 0.0634765625 0.166015625 0.126953125
1 0.80859375 0.0712890625 0.13671875 0.142578125
1 0.8876953125 0.05078125 0.130859375 0.1015625
5 0.57421875 0.3056640625 0.240234375 0.2109375
5 0.8583984375 0.30078125 0.2109375 0.1484375
3 0.572265625 0.205078125 0.29296875 0.41015625
3 0.8271484375 0.189453125 0.267578125 0.37890625
3 0.861328125 0.185546875 0.24609375 0.37109375
1 0.2548828125 0.4833984375 0.1015625 0.064453125
0 0.1845703125 0.794921875 0.0625 0.087890625
0 0.4091796875 0.7509765625 0.046875 0.076171875
5 0.2822265625 0.6611328125 0.185546875 0.216796875
4 0.3095703125 0.9833984375 0.052734375 0.033203125
3 0.2861328125 0.708984375 0.376953125 0.58203125
5 0.6708984375 0.681640625 0.291015625 0.287109375
0 0.6611328125 0.8564453125 0.095703125 0.07421875
4 0.6357421875 0.9736328125 0.123046875 0.041015625
1 0.62890625 0.4462890625 0.220703125 0.099609375
3 0.6630859375 0.6865234375 0.365234375 0.62109375