5 0.2294921875 0.2197265625 0.146484375 0.140625
0 0.3046875 0.3046875 0.044921875 0.04296875
0 0.142578125 0.2734375 0.037109375 0.0390625
1 0.2548828125 0.1240234375 0.09375 0.0546875
3 0.2314453125 0.2333984375 0.28125 0.322265625
3 0.1826171875 0.642578125 0.365234375 0.62109375
5 0.1552734375 0.6083984375 0.2734375 0.265625
0 0.025390625 0.728515625 0.05078125 0.06640625
0 0.24609375 0.7578125 0.068359375 0.068359375
4 0.03515625 0.8623046875 0.0703125 0.095703125
4 0.146484375 0.8955078125 0.138671875 0.095703125
1 0.1787109375 0.41015625 0.162109375 0.099609375
0 0.8076171875 0.56640625 0.06640625 0.0546875
4 0.833984375 0.7197265625 0.08984375 0.111328125
4 0.9306640625 0.7392578125 0.07421875 0.107421875
3 0.8525390625 0.6474609375 0.294921875 0.298828125