5 0.591796875 0.0849609375 0.32421875 0.169921875
4 0.4765625 0.310546875 0.13671875 0.1171875
4 0.630859375 0.369140625 0.123046875 0.083984375
3 0.564453125 0.2109375 0.515625 0.421875
5 0.8876953125 0.3486328125 0.224609375 0.306640625
5 0.4306640625 0.630859375 0.361328125 0.3671875
0 0.548828125 0.826171875 0.076171875 0.09375
0 0.26953125 0.7978515625 0.12109375 0.099609375
4 0.4345703125 0.96484375 0.181640625 0.0703125
1 0.4443359375 0.373046875 0.234375 0.10546875
3 0.390625 0.6455078125 0.640625 0.708984375
5 0.822265625 0.74609375 0.306640625 0.310546875
0 0.8818359375 0.9306640625 0.052734375 0.0703125
1 0.873046875 0.5146484375 0.1875 0.12109375
3 0.8056640625 0.728515625 0.388671875 0.54296875