5 0.6279296875 0.2841796875 0.408203125 0.337890625
2 0.580078125 0.0869140625 0.19921875 0.173828125
3 0.6162109375 0.234375 0.619140625 0.46875
0 0.205078125 0.91015625 0.1015625 0.1796875
3 0.12890625 0.7578125 0.2578125 0.484375
1 0.8291015625 0.4482421875 0.267578125 0.169921875
5 0.509765625 0.7666015625 0.28125 0.466796875
5 0.8701171875 0.78515625 0.259765625 0.33203125
3 0.73046875 0.6748046875 0.5390625 0.642578125
3 0.6240234375 0.6953125 0.548828125 0.609375
6 0.6181640625 0.8994140625 0.126953125 0.166015625
6 0.7890625 0.7548828125 0.162109375 0.150390625