3 0.31640625 0.125 0.2734375 0.240234375
4 0.30078125 0.171875 0.1015625 0.134765625
4 0.4140625 0.1474609375 0.076171875 0.130859375
5 0.8544921875 0.193359375 0.248046875 0.263671875
5 0.5849609375 0.2353515625 0.28125 0.25
3 0.6005859375 0.1796875 0.349609375 0.359375
3 0.818359375 0.1650390625 0.31640625 0.330078125
3 0.3896484375 0.6943359375 0.318359375 0.611328125
5 0.40625 0.6826171875 0.23828125 0.28515625
0 0.494140625 0.8466796875 0.080078125 0.080078125
0 0.3193359375 0.83203125 0.064453125 0.064453125
4 0.423828125 0.9775390625 0.16796875 0.044921875
1 0.3828125 0.44140625 0.203125 0.099609375
5 0.93359375 0.3466796875 0.109375 0.095703125
0 0.876953125 0.41796875 0.052734375 0.041015625
4 0.9443359375 0.517578125 0.068359375 0.076171875
4 0.98046875 0.49609375 0.0390625 0.0703125
3 0.9189453125 0.4326171875 0.162109375 0.267578125