5 0.283203125 0.294921875 0.26171875 0.27734375
0 0.3193359375 0.4814453125 0.107421875 0.076171875
1 0.2431640625 0.056640625 0.212890625 0.09375
3 0.279296875 0.279296875 0.404296875 0.552734375
5 0.865234375 0.2841796875 0.26953125 0.451171875
0 0.7294921875 0.0419921875 0.169921875 0.083984375
3 0.7353515625 0.2646484375 0.529296875 0.529296875
5 0.16015625 0.6015625 0.314453125 0.119140625
3 0.224609375 0.767578125 0.44140625 0.46484375
1 0.6953125 0.6220703125 0.41015625 0.2265625
5 0.7568359375 0.9150390625 0.486328125 0.166015625
3 0.7451171875 0.7490234375 0.509765625 0.501953125