5 0.140625 0.115234375 0.203125 0.169921875
0 0.041015625 0.224609375 0.0625 0.056640625
0 0.27734375 0.1904296875 0.048828125 0.056640625
4 0.1962890625 0.3466796875 0.095703125 0.087890625
4 0.083984375 0.353515625 0.072265625 0.083984375
3 0.162109375 0.212890625 0.32421875 0.3828125
1 0.6865234375 0.1142578125 0.115234375 0.08203125
1 0.8740234375 0.11328125 0.111328125 0.07421875
5 0.6533203125 0.2451171875 0.21875 0.189453125
5 0.8671875 0.2392578125 0.220703125 0.1484375
3 0.8447265625 0.18359375 0.265625 0.26953125
3 0.58203125 0.177734375 0.40625 0.35546875
6 0.4287109375 0.0576171875 0.08984375 0.083984375
6 0.7548828125 0.2822265625 0.07421875 0.072265625
5 0.125 0.71875 0.25 0.5625
3 0.1875 0.685546875 0.375 0.62890625
6 0.10546875 0.9677734375 0.109375 0.064453125
5 0.541015625 0.8310546875 0.154296875 0.30078125
3 0.53125 0.71484375 0.19921875 0.5703125
2 0.48828125 0.494140625 0.076171875 0.111328125