5 0.1005859375 0.34375 0.201171875 0.25
1 0.078125 0.109375 0.15625 0.0791015625
3 0.1103515625 0.26171875 0.220703125 0.4130859375
5 0.5986328125 0.181640625 0.2353515625 0.259765625
0 0.5927734375 0.3642578125 0.0888671875 0.072265625
4 0.498046875 0.45703125 0.177734375 0.0244140625
3 0.5947265625 0.234375 0.373046875 0.46875
5 0.341796875 0.5849609375 0.134765625 0.2333984375
0 0.3525390625 0.5146484375 0.11328125 0.072265625
4 0.3818359375 0.931640625 0.052734375 0.13671875
3 0.3232421875 0.734375 0.1708984375 0.53125
5 0.830078125 0.658203125 0.25 0.2568359375
0 0.798828125 0.826171875 0.0869140625 0.0625
4 0.818359375 0.984375 0.189453125 0.03125
4 0.7646484375 0.9599609375 0.134765625 0.0791015625
3 0.826171875 0.734375 0.310546875 0.53125