5 0.1064453125 0.37890625 0.212890625 0.32421875
1 0.03515625 0.1396484375 0.0703125 0.080078125
3 0.142578125 0.3046875 0.28515625 0.47265625
5 0.4306640625 0.08203125 0.318359375 0.1640625
3 0.517578125 0.21875 0.4921875 0.4375
1 0.2958984375 0.728515625 0.1171875 0.154296875
5 0.4189453125 0.720703125 0.12109375 0.21875
3 0.337890625 0.703125 0.294921875 0.373046875
5 0.6240234375 0.419921875 0.30078125 0.1640625
0 0.7783203125 0.4677734375 0.1015625 0.083984375
0 0.5 0.52734375 0.0859375 0.080078125
4 0.6220703125 0.7109375 0.16796875 0.17578125
4 0.7783203125 0.6865234375 0.126953125 0.177734375
3 0.681640625 0.5810546875 0.53515625 0.53125