5 0.3740234375 0.2646484375 0.1875 0.177734375
0 0.2802734375 0.375 0.052734375 0.04296875
0 0.490234375 0.37109375 0.0576171875 0.0478515625
4 0.4599609375 0.5166015625 0.08203125 0.1005859375
4 0.3447265625 0.51953125 0.08203125 0.095703125
1 0.3583984375 0.103515625 0.115234375 0.05078125
3 0.380859375 0.3232421875 0.3173828125 0.5
4 0.869140625 0.23828125 0.09375 0.05078125
3 0.8759765625 0.15625 0.19921875 0.3125
5 0.1767578125 0.798828125 0.353515625 0.4013671875
3 0.7333984375 0.8544921875 0.3271484375 0.291015625
5 0.7099609375 0.91796875 0.2763671875 0.1630859375
1 0.6982421875 0.7490234375 0.15625 0.072265625