5 0.287109375 0.173828125 0.208984375 0.197265625
0 0.1640625 0.294921875 0.05859375 0.048828125
0 0.4365234375 0.28125 0.044921875 0.056640625
4 0.3095703125 0.41015625 0.091796875 0.068359375
4 0.2373046875 0.421875 0.095703125 0.041015625
1 0.2861328125 0.017578125 0.130859375 0.03515625
3 0.2958984375 0.2236328125 0.357421875 0.447265625
5 0.908203125 0.2236328125 0.18359375 0.255859375
0 0.8310546875 0.384765625 0.07421875 0.064453125
1 0.923828125 0.0263671875 0.15234375 0.029296875
3 0.873046875 0.236328125 0.25390625 0.45703125
5 0.4716796875 0.6796875 0.12890625 0.171875
0 0.3955078125 0.7861328125 0.052734375 0.044921875
4 0.4990234375 0.9306640625 0.0546875 0.09765625
4 0.41796875 0.9345703125 0.06640625 0.09765625
1 0.50390625 0.5205078125 0.068359375 0.048828125
3 0.4287109375 0.744140625 0.216796875 0.51171875
5 0.8955078125 0.5439453125 0.208984375 0.169921875
0 0.8232421875 0.669921875 0.10546875 0.072265625
4 0.8671875 0.892578125 0.134765625 0.162109375
4 0.9677734375 0.8623046875 0.04296875 0.150390625
3 0.8388671875 0.7109375 0.322265625 0.51171875