5 0.1416015625 0.080078125 0.134765625 0.16015625
0 0.1943359375 0.19140625 0.048828125 0.05859375
4 0.0693359375 0.2900390625 0.07421875 0.068359375
3 0.1640625 0.173828125 0.26171875 0.34765625
1 0.6455078125 0.1376953125 0.130859375 0.125
1 0.8525390625 0.20703125 0.111328125 0.109375
5 0.5673828125 0.337890625 0.216796875 0.240234375
5 0.8515625 0.3857421875 0.2578125 0.291015625
0 0.7978515625 0.423828125 0.115234375 0.123046875
0 0.6962890625 0.4580078125 0.03515625 0.037109375
3 0.5908203125 0.2470703125 0.353515625 0.4453125
3 0.94140625 0.328125 0.1171875 0.4453125
3 0.8359375 0.330078125 0.328125 0.4140625
1 0.0673828125 0.427734375 0.134765625 0.23828125
3 0.203125 0.6396484375 0.40625 0.634765625
6 0.017578125 0.6865234375 0.03515625 0.123046875
3 0.671875 0.72265625 0.4609375 0.5546875
5 0.6748046875 0.6650390625 0.294921875 0.271484375
0 0.6298828125 0.810546875 0.09765625 0.072265625
0 0.7890625 0.8037109375 0.07421875 0.078125
4 0.5859375 0.947265625 0.1953125 0.10546875
4 0.6875 0.9453125 0.19140625 0.109375