5 0.2509765625 0.4013671875 0.1328125 0.125
0 0.2109375 0.4755859375 0.044921875 0.04296875
0 0.3408203125 0.43359375 0.03515625 0.033203125
4 0.3046875 0.5400390625 0.060546875 0.064453125
4 0.2509765625 0.5537109375 0.052734375 0.064453125
1 0.2314453125 0.3154296875 0.0625 0.041015625
3 0.2666015625 0.4375 0.244140625 0.318359375
1 0.51953125 0.232421875 0.048828125 0.0546875
1 0.6240234375 0.1728515625 0.041015625 0.04296875
1 0.72265625 0.15625 0.04296875 0.044921875
1 0.802734375 0.1298828125 0.048828125 0.056640625
1 0.857421875 0.1064453125 0.064453125 0.064453125
4 0.611328125 0.580078125 0.03125 0.041015625
4 0.634765625 0.552734375 0.04296875 0.03125
4 0.7392578125 0.4892578125 0.02734375 0.02734375
4 0.7802734375 0.48046875 0.033203125 0.03515625
4 0.8330078125 0.5029296875 0.0390625 0.033203125
4 0.869140625 0.509765625 0.029296875 0.03515625
4 0.9189453125 0.5009765625 0.046875 0.03125
4 0.955078125 0.513671875 0.03125 0.03125
3 0.56640625 0.4052734375 0.271484375 0.462890625
3 0.6845703125 0.328125 0.23046875 0.412109375
3 0.7880859375 0.3291015625 0.21484375 0.443359375
3 0.9052734375 0.306640625 0.189453125 0.51953125
3 0.869140625 0.3203125 0.21875 0.4609375
6 0.5419921875 0.4228515625 0.029296875 0.041015625
6 0.603515625 0.390625 0.029296875 0.041015625
6 0.9580078125 0.3369140625 0.041015625 0.052734375
6 0.6787109375 0.30859375 0.02734375 0.03125
6 0.69140625 0.3212890625 0.033203125 0.033203125
6 0.80859375 0.30859375 0.03515625 0.04296875
6 0.7548828125 0.3203125 0.0234375 0.029296875
6 0.84765625 0.3349609375 0.02734375 0.044921875
1 0.158203125 0.896484375 0.17578125 0.20703125
1 0.2783203125 0.8671875 0.353515625 0.265625
1 0.4072265625 0.89453125 0.228515625 0.2109375
5 0.7509765625 0.845703125 0.150390625 0.1640625
0 0.8203125 0.9150390625 0.06640625 0.041015625
1 0.71875 0.7177734375 0.109375 0.068359375
3 0.7421875 0.81640625 0.28515625 0.30859375