5 0.4873046875 0.078125 0.185546875 0.15625
0 0.3876953125 0.1474609375 0.052734375 0.048828125
0 0.5810546875 0.171875 0.044921875 0.048828125
4 0.412109375 0.2666015625 0.072265625 0.091796875
4 0.501953125 0.291015625 0.08203125 0.08984375
1 0.4736328125 0.171875 0.318359375 0.34375
5 0.744140625 0.107421875 0.19921875 0.16796875
5 0.919921875 0.1435546875 0.16015625 0.162109375
4 0.685546875 0.330078125 0.1171875 0.111328125
4 0.720703125 0.3828125 0.109375 0.109375
4 0.841796875 0.3974609375 0.103515625 0.08984375
4 0.87890625 0.4345703125 0.111328125 0.08984375
4 0.986328125 0.4521484375 0.02734375 0.087890625
0 0.6982421875 0.1298828125 0.078125 0.10546875
0 0.875 0.13671875 0.0703125 0.083984375
3 0.888671875 0.271484375 0.22265625 0.42578125
3 0.72265625 0.23046875 0.263671875 0.416015625
0 0.2646484375 0.36328125 0.041015625 0.029296875
4 0.291015625 0.4609375 0.056640625 0.072265625
4 0.3583984375 0.4794921875 0.072265625 0.078125
3 0.3173828125 0.4384765625 0.248046875 0.19140625
5 0.8408203125 0.58203125 0.203125 0.185546875
0 0.7333984375 0.671875 0.060546875 0.056640625
0 0.9404296875 0.69140625 0.0390625 0.0546875
4 0.865234375 0.84375 0.1015625 0.115234375
4 0.7607421875 0.7978515625 0.083984375 0.10546875
1 0.8701171875 0.4833984375 0.11328125 0.05078125
3 0.8232421875 0.67578125 0.353515625 0.47265625