5 0.46484375 0.07421875 0.10546875 0.1484375
0 0.4267578125 0.154296875 0.052734375 0.05859375
0 0.494140625 0.2021484375 0.03515625 0.078125
4 0.435546875 0.41796875 0.138671875 0.13671875
3 0.4296875 0.24609375 0.17578125 0.4921875
1 0.7236328125 0.4091796875 0.037109375 0.0546875
1 0.9609375 0.423828125 0.0390625 0.048828125
5 0.6875 0.4716796875 0.060546875 0.1015625
5 0.9375 0.501953125 0.072265625 0.125
3 0.701171875 0.4560546875 0.091796875 0.16015625
3 0.9423828125 0.4814453125 0.115234375 0.166015625
5 0.3828125 0.6005859375 0.228515625 0.12109375
0 0.244140625 0.6748046875 0.0625 0.0703125
4 0.2998046875 0.919921875 0.115234375 0.150390625
4 0.4404296875 0.888671875 0.095703125 0.130859375
3 0.3447265625 0.7685546875 0.306640625 0.462890625
5 0.8134765625 0.6318359375 0.349609375 0.158203125
3 0.82421875 0.7763671875 0.34765625 0.447265625
6 0.9482421875 0.724609375 0.091796875 0.09375
6 0.6640625 0.6982421875 0.076171875 0.05859375
4 0.8125 0.9501953125 0.25390625 0.099609375