3 0.1728515625 0.14453125 0.255859375 0.2890625
5 0.1708984375 0.0146484375 0.138671875 0.029296875
4 0.1455078125 0.205078125 0.12890625 0.134765625
0 0.228515625 0.05078125 0.0625 0.05859375
5 0.626953125 0.2470703125 0.140625 0.154296875
0 0.6806640625 0.341796875 0.029296875 0.041015625
3 0.65234375 0.2509765625 0.22265625 0.302734375
1 0.6494140625 0.1357421875 0.087890625 0.052734375
5 0.087890625 0.6728515625 0.17578125 0.482421875
3 0.6416015625 0.6591796875 0.421875 0.5859375
5 0.6552734375 0.4990234375 0.287109375 0.26171875
0 0.6572265625 0.654296875 0.07421875 0.07421875
4 0.5859375 0.8310546875 0.21875 0.17578125
4 0.6689453125 0.8076171875 0.173828125 0.140625