5 0.4306640625 0.1201171875 0.248046875 0.240234375
0 0.3232421875 0.2646484375 0.076171875 0.072265625
4 0.3701171875 0.4306640625 0.09765625 0.0859375
4 0.50390625 0.4384765625 0.060546875 0.08203125
3 0.390625 0.240234375 0.328125 0.48046875
0 0.2763671875 0.720703125 0.091796875 0.16015625
5 0.2138671875 0.724609375 0.36328125 0.5390625
3 0.240234375 0.7255859375 0.48046875 0.544921875
5 0.7822265625 0.6640625 0.30078125 0.29296875
0 0.595703125 0.796875 0.056640625 0.0703125
0 0.81640625 0.8564453125 0.109375 0.083984375
4 0.73046875 0.98828125 0.1796875 0.0234375
4 0.65625 0.966796875 0.1796875 0.06640625
3 0.7666015625 0.7412109375 0.443359375 0.517578125