5 0.240234375 0.2958984375 0.2041015625 0.1875
0 0.1142578125 0.40625 0.0556640625 0.0244140625
0 0.4052734375 0.390625 0.05078125 0.0556640625
1 0.23828125 0.1337890625 0.1298828125 0.0625
3 0.255859375 0.2548828125 0.38671875 0.3271484375
4 0.7607421875 0.01953125 0.0888671875 0.0380859375
4 0.8681640625 0.01953125 0.1103515625 0.0380859375
5 0.134765625 0.638671875 0.2119140625 0.439453125
3 0.1552734375 0.6943359375 0.310546875 0.552734375
5 0.7021484375 0.787109375 0.3603515625 0.42578125
3 0.734375 0.708984375 0.4931640625 0.58203125