5 0.388671875 0.130859375 0.171875 0.259765625
0 0.3232421875 0.291015625 0.08203125 0.064453125
4 0.3720703125 0.4697265625 0.126953125 0.080078125
3 0.3583984375 0.2568359375 0.259765625 0.51171875
5 0.7294921875 0.25 0.537109375 0.5
1 0.0439453125 0.8935546875 0.033203125 0.04296875
1 0.1337890625 0.8779296875 0.03125 0.033203125
1 0.3134765625 0.6494140625 0.0390625 0.0546875
1 0.3125 0.8896484375 0.033203125 0.0390625
1 0.3984375 0.9052734375 0.0234375 0.044921875
5 0.28125 0.71484375 0.0625 0.103515625
5 0.3720703125 0.91796875 0.0546875 0.1328125
3 0.29296875 0.6982421875 0.095703125 0.16015625
3 0.3876953125 0.888671875 0.103515625 0.22265625
2 0.376953125 0.8359375 0.03125 0.0546875
6 0.421875 0.80078125 0.021484375 0.03125
5 0.912109375 0.6123046875 0.17578125 0.279296875
0 0.7978515625 0.806640625 0.109375 0.08203125
3 0.8564453125 0.7314453125 0.287109375 0.513671875