4 0.3818359375 0.0283203125 0.076171875 0.056640625
3 0.3955078125 0.0654296875 0.193359375 0.130859375
5 0.59375 0.2333984375 0.2109375 0.1953125
0 0.4833984375 0.3037109375 0.05859375 0.041015625
0 0.6845703125 0.3466796875 0.0390625 0.056640625
1 0.634765625 0.12109375 0.125 0.09375
3 0.6064453125 0.2138671875 0.3515625 0.333984375
0 0.251953125 0.3564453125 0.126953125 0.173828125
0 0.2275390625 0.4873046875 0.146484375 0.166015625
3 0.2294921875 0.59765625 0.35546875 0.697265625
3 0.1298828125 0.5546875 0.259765625 0.703125
5 0.294921875 0.400390625 0.22265625 0.2890625
5 0.130859375 0.3427734375 0.255859375 0.2734375
5 0.82421875 0.595703125 0.140625 0.13671875
0 0.744140625 0.6484375 0.041015625 0.03515625
0 0.87109375 0.6767578125 0.041015625 0.03515625
4 0.7431640625 0.736328125 0.056640625 0.06640625
4 0.8095703125 0.7666015625 0.068359375 0.078125
1 0.8525390625 0.5068359375 0.0859375 0.0546875
3 0.806640625 0.6455078125 0.2578125 0.36328125