5 0.2861328125 0.1826171875 0.328125 0.34375
0 0.4736328125 0.314453125 0.05859375 0.083984375
0 0.224609375 0.40234375 0.1171875 0.087890625
4 0.2822265625 0.5927734375 0.166015625 0.15625
4 0.43359375 0.55078125 0.203125 0.169921875
3 0.279296875 0.34375 0.55078125 0.6875
5 0.84765625 0.2783203125 0.283203125 0.287109375
0 0.7587890625 0.4658203125 0.109375 0.08203125
1 0.833984375 0.044921875 0.203125 0.08984375
3 0.794921875 0.3037109375 0.41015625 0.607421875
3 0.4072265625 0.8115234375 0.390625 0.376953125
5 0.3984375 0.6875 0.244140625 0.115234375
4 0.361328125 0.9248046875 0.087890625 0.12890625
4 0.5029296875 0.90625 0.115234375 0.123046875
0 0.5322265625 0.732421875 0.048828125 0.052734375
0 0.287109375 0.7734375 0.0625 0.0625
0 0.77734375 0.7734375 0.4453125 0.4296875