3 0.21875 0.2236328125 0.41015625 0.447265625
5 0.2041015625 0.1533203125 0.267578125 0.24609375
4 0.0986328125 0.3837890625 0.080078125 0.05078125
4 0.2412109375 0.4140625 0.123046875 0.060546875
0 0.0732421875 0.26171875 0.072265625 0.072265625
0 0.3173828125 0.2958984375 0.072265625 0.07421875
5 0.740234375 0.2412109375 0.2578125 0.423828125
3 0.71484375 0.2841796875 0.466796875 0.5546875
0 0.240234375 0.6328125 0.48046875 0.49609375
0 0.216796875 0.7958984375 0.43359375 0.376953125
5 0.681640625 0.810546875 0.5625 0.37890625
2 0.775390625 0.6240234375 0.302734375 0.208984375
3 0.68359375 0.7412109375 0.6171875 0.517578125