5 0.1337890625 0.216796875 0.267578125 0.3125
0 0.0986328125 0.189453125 0.197265625 0.15625
4 0.109375 0.5556640625 0.14453125 0.140625
4 0.27734375 0.53125 0.130859375 0.1015625
3 0.1767578125 0.34765625 0.353515625 0.58203125
2 0.8623046875 0.09765625 0.138671875 0.1953125
3 0.7998046875 0.2216796875 0.369140625 0.443359375
5 0.0673828125 0.6796875 0.09375 0.1171875
3 0.1328125 0.8046875 0.2265625 0.390625
6 0.1103515625 0.6689453125 0.046875 0.05078125
1 0.6240234375 0.6806640625 0.162109375 0.181640625
3 0.6201171875 0.7802734375 0.466796875 0.439453125