3 0.4443359375 0.306640625 0.25 0.42578125
5 0.4736328125 0.30859375 0.19140625 0.1953125
0 0.3701171875 0.4365234375 0.06640625 0.046875
1 0.486328125 0.123046875 0.1328125 0.05859375
5 0.822265625 0.080078125 0.21875 0.16015625
0 0.9521484375 0.18359375 0.052734375 0.046875
0 0.7294921875 0.19140625 0.064453125 0.04296875
4 0.80078125 0.341796875 0.078125 0.10546875
4 0.9287109375 0.341796875 0.09765625 0.109375
3 0.8271484375 0.2080078125 0.328125 0.416015625
5 0.33203125 0.57421875 0.24609375 0.109375
0 0.224609375 0.6669921875 0.09765625 0.060546875
4 0.2021484375 0.81640625 0.2109375 0.109375
4 0.3525390625 0.85546875 0.203125 0.12109375
3 0.30078125 0.7138671875 0.44140625 0.390625
5 0.88671875 0.740234375 0.2265625 0.33203125
3 0.8544921875 0.759765625 0.291015625 0.48046875