5 0.3857421875 0.265625 0.166015625 0.203125
0 0.2900390625 0.41015625 0.064453125 0.06640625
1 0.4130859375 0.0888671875 0.109375 0.06640625
3 0.357421875 0.2802734375 0.22265625 0.458984375
5 0.7666015625 0.318359375 0.251953125 0.234375
0 0.96484375 0.470703125 0.05859375 0.078125
0 0.5869140625 0.46875 0.064453125 0.0703125
1 0.779296875 0.103515625 0.171875 0.078125
3 0.7666015625 0.2861328125 0.466796875 0.447265625
1 0.02734375 0.638671875 0.0546875 0.11328125
1 0.2138671875 0.96484375 0.12109375 0.0703125
0 0.1865234375 0.888671875 0.0546875 0.115234375
3 0.087890625 0.791015625 0.17578125 0.41796875
3 0.1669921875 0.916015625 0.296875 0.16796875
6 0.0361328125 0.9462890625 0.046875 0.083984375
6 0.013671875 0.919921875 0.02734375 0.109375
5 0.8330078125 0.630859375 0.2421875 0.2421875
0 0.712890625 0.83203125 0.1328125 0.083984375
0 0.978515625 0.7333984375 0.04296875 0.072265625
4 0.8447265625 0.9609375 0.134765625 0.078125
3 0.7919921875 0.7548828125 0.416015625 0.490234375