0 0.4267578125 0.001953125 0.068359375 0.00390625
4 0.494140625 0.1416015625 0.08984375 0.111328125
4 0.5517578125 0.1142578125 0.05859375 0.0859375
3 0.517578125 0.109375 0.33203125 0.21875
3 0.7861328125 0.287109375 0.271484375 0.41796875
5 0.76171875 0.3310546875 0.21484375 0.236328125
0 0.673828125 0.4638671875 0.044921875 0.03515625
0 0.8583984375 0.453125 0.052734375 0.064453125
1 0.7412109375 0.12109375 0.134765625 0.076171875
3 0.201171875 0.5771484375 0.185546875 0.267578125
5 0.1982421875 0.541015625 0.1015625 0.09765625
4 0.1376953125 0.59375 0.033203125 0.03125
4 0.267578125 0.5986328125 0.029296875 0.033203125
0 0.21484375 0.6689453125 0.0546875 0.05859375
0 0.17578125 0.67578125 0.041015625 0.05859375
1 0.2001953125 0.4580078125 0.056640625 0.025390625
3 0.7861328125 0.6806640625 0.32421875 0.40234375
5 0.77734375 0.5439453125 0.267578125 0.12890625
0 0.7158203125 0.6337890625 0.1015625 0.0625
0 0.916015625 0.6142578125 0.064453125 0.06640625
4 0.724609375 0.8037109375 0.14453125 0.140625
4 0.85546875 0.7900390625 0.17578125 0.126953125