5 0.3544921875 0.216796875 0.19921875 0.12109375
1 0.3935546875 0.107421875 0.109375 0.068359375
3 0.3662109375 0.16796875 0.37109375 0.25390625
5 0.9404296875 0.1884765625 0.119140625 0.208984375
0 0.791015625 0.234375 0.0859375 0.076171875
3 0.8544921875 0.2333984375 0.291015625 0.365234375
5 0.2626953125 0.8408203125 0.525390625 0.318359375
2 0.33984375 0.517578125 0.384765625 0.55859375
3 0.3447265625 0.5947265625 0.689453125 0.810546875
0 0.650390625 0.89453125 0.060546875 0.076171875
3 0.6513671875 0.787109375 0.236328125 0.42578125