0 0.48828125 0.1669921875 0.0390625 0.041015625
4 0.4833984375 0.2587890625 0.025390625 0.05859375
3 0.4951171875 0.1435546875 0.126953125 0.287109375
5 0.923828125 0.4375 0.15234375 0.4453125
5 0.7890625 0.298828125 0.2421875 0.328125
2 0.951171875 0.181640625 0.09765625 0.1640625
2 0.666015625 0.1650390625 0.1953125 0.26953125
3 0.603515625 0.3037109375 0.376953125 0.591796875
3 0.8095703125 0.2880859375 0.375 0.486328125
3 0.892578125 0.3916015625 0.21484375 0.587890625
0 0.1171875 0.6708984375 0.234375 0.490234375
5 0.84375 0.7216796875 0.240234375 0.185546875
0 0.6982421875 0.77734375 0.068359375 0.064453125
4 0.732421875 0.9541015625 0.10546875 0.091796875
4 0.8125 0.9423828125 0.09765625 0.115234375
3 0.77734375 0.8056640625 0.3828125 0.388671875