0 0.3408203125 0.2958984375 0.0546875 0.056640625
3 0.328125 0.2021484375 0.142578125 0.28515625
3 0.5322265625 0.1630859375 0.408203125 0.326171875
5 0.5302734375 0.0966796875 0.267578125 0.193359375
0 0.451171875 0.2294921875 0.078125 0.06640625
0 0.6748046875 0.1552734375 0.072265625 0.0703125
3 0.16015625 0.6416015625 0.3203125 0.544921875
5 0.111328125 0.505859375 0.22265625 0.2578125
0 0.1220703125 0.6630859375 0.099609375 0.078125
4 0.1572265625 0.83984375 0.203125 0.16796875
4 0.224609375 0.7861328125 0.16015625 0.138671875
5 0.658203125 0.345703125 0.130859375 0.123046875
0 0.611328125 0.419921875 0.04296875 0.044921875
0 0.75 0.3798828125 0.037109375 0.03515625
4 0.703125 0.4833984375 0.060546875 0.06640625
4 0.6689453125 0.5 0.078125 0.078125
1 0.638671875 0.2744140625 0.06640625 0.021484375
3 0.67578125 0.3974609375 0.24609375 0.30078125