4 0.3818359375 0.064453125 0.07421875 0.10546875
3 0.056640625 0.568359375 0.11328125 0.521484375
5 0.0361328125 0.4150390625 0.072265625 0.2138671875
0 0.01953125 0.572265625 0.0380859375 0.052734375
4 0.0244140625 0.7568359375 0.0478515625 0.125
4 0.044921875 0.712890625 0.0888671875 0.1083984375
1 0.83203125 0.3505859375 0.1630859375 0.0869140625
0 0.9833984375 0.359375 0.033203125 0.103515625
4 0.8916015625 0.87109375 0.064453125 0.095703125
4 0.6201171875 0.9609375 0.107421875 0.078125
4 0.880859375 0.9580078125 0.1611328125 0.083984375
0 0.884765625 0.66015625 0.1005859375 0.185546875
3 0.765625 0.6533203125 0.375 0.693359375
3 0.9375 0.6103515625 0.125 0.60546875
6 0.8056640625 0.7900390625 0.0576171875 0.1181640625