0 0.291015625 0.0283203125 0.0546875 0.044921875
4 0.4140625 0.166015625 0.05078125 0.09765625
4 0.322265625 0.1474609375 0.0625 0.083984375
3 0.345703125 0.115234375 0.1875 0.2265625
3 0.7421875 0.30859375 0.373046875 0.435546875
5 0.74609375 0.3173828125 0.251953125 0.2109375
0 0.87890625 0.439453125 0.072265625 0.064453125
0 0.625 0.455078125 0.064453125 0.052734375
1 0.7177734375 0.12890625 0.158203125 0.072265625
3 0.13671875 0.7685546875 0.26953125 0.462890625
5 0.1025390625 0.716796875 0.197265625 0.224609375
0 0.05078125 0.8681640625 0.078125 0.0546875
0 0.21875 0.8203125 0.05859375 0.064453125
4 0.0693359375 0.9853515625 0.107421875 0.029296875
4 0.177734375 0.9697265625 0.1796875 0.060546875
5 0.845703125 0.564453125 0.18359375 0.099609375
0 0.74609375 0.6416015625 0.0546875 0.048828125
0 0.97265625 0.6220703125 0.0390625 0.048828125
4 0.8134765625 0.7998046875 0.072265625 0.11328125
4 0.8671875 0.7705078125 0.060546875 0.095703125
3 0.8447265625 0.6923828125 0.310546875 0.361328125