3 0.1005859375 0.2080078125 0.181640625 0.416015625
4 0.0673828125 0.2919921875 0.0859375 0.1171875
5 0.865234375 0.3076171875 0.26953125 0.306640625
0 0.888671875 0.48046875 0.134765625 0.095703125
1 0.908203125 0.09375 0.18359375 0.07421875
3 0.8095703125 0.3251953125 0.380859375 0.576171875
0 0.0693359375 0.4248046875 0.0625 0.0234375
4 0.1123046875 0.5654296875 0.099609375 0.1171875
4 0.23046875 0.5888671875 0.10546875 0.1171875
3 0.162109375 0.53125 0.32421875 0.25
5 0.501953125 0.740234375 0.4921875 0.51953125
3 0.546875 0.7392578125 0.58203125 0.521484375
6 0.3359375 0.9453125 0.15625 0.08984375
5 0.88671875 0.7578125 0.189453125 0.2890625
6 0.5986328125 0.990234375 0.095703125 0.01953125