5 0.2001953125 0.25390625 0.326171875 0.33203125
0 0.044921875 0.4765625 0.08984375 0.0859375
0 0.4541015625 0.388671875 0.080078125 0.09375
4 0.1259765625 0.6669921875 0.177734375 0.083984375
4 0.240234375 0.6376953125 0.1796875 0.123046875
3 0.265625 0.35546875 0.53125 0.7109375
5 0.8681640625 0.10546875 0.212890625 0.2109375
0 0.91796875 0.263671875 0.1015625 0.0703125
4 0.9140625 0.4365234375 0.171875 0.150390625
4 0.9560546875 0.3828125 0.080078125 0.130859375
3 0.8740234375 0.2607421875 0.251953125 0.521484375
5 0.419921875 0.7626953125 0.2421875 0.19140625
0 0.3046875 0.90234375 0.0703125 0.072265625
0 0.5830078125 0.85546875 0.048828125 0.06640625
3 0.43359375 0.830078125 0.38671875 0.33984375
1 0.810546875 0.8056640625 0.37890625 0.365234375
3 0.810546875 0.8056640625 0.37890625 0.365234375