5 0.3916015625 0.1904296875 0.2265625 0.212890625
0 0.2734375 0.3427734375 0.076171875 0.068359375
1 0.408203125 0.021484375 0.142578125 0.041015625
3 0.361328125 0.2109375 0.29296875 0.421875
5 0.810546875 0.2265625 0.375 0.376953125
3 0.6259765625 0.208984375 0.251953125 0.41796875
3 0.806640625 0.20703125 0.3828125 0.4140625
1 0.052734375 0.43359375 0.060546875 0.015625
3 0.1748046875 0.658203125 0.2421875 0.47265625
3 0.091796875 0.640625 0.18359375 0.43359375
6 0.005859375 0.4462890625 0.01171875 0.041015625
5 0.6474609375 0.6123046875 0.212890625 0.24609375
0 0.5673828125 0.787109375 0.095703125 0.0625
0 0.7802734375 0.7275390625 0.0546875 0.068359375
4 0.6103515625 0.9501953125 0.16796875 0.09765625
4 0.6708984375 0.9296875 0.12109375 0.115234375
3 0.6611328125 0.7060546875 0.306640625 0.587890625