3 0.234375 0.248046875 0.3671875 0.466796875
5 0.23828125 0.083984375 0.26953125 0.138671875
0 0.26953125 0.173828125 0.09765625 0.0859375
0 0.1240234375 0.154296875 0.05859375 0.05859375
4 0.296875 0.3857421875 0.1953125 0.1640625
4 0.22265625 0.337890625 0.236328125 0.16796875
5 0.8359375 0.0390625 0.20703125 0.078125
0 0.724609375 0.1044921875 0.064453125 0.060546875
4 0.8203125 0.2763671875 0.091796875 0.13671875
4 0.8857421875 0.2255859375 0.0859375 0.109375
3 0.826171875 0.18359375 0.30859375 0.3671875
5 0.10546875 0.6279296875 0.197265625 0.1484375
0 0.2255859375 0.6962890625 0.068359375 0.064453125
4 0.2421875 0.8837890625 0.126953125 0.14453125
4 0.103515625 0.890625 0.0859375 0.126953125
1 0.16796875 0.7568359375 0.32421875 0.4296875
0 0.6259765625 0.7958984375 0.361328125 0.408203125
0 0.7421875 0.720703125 0.515625 0.5546875