5 0.13671875 0.06640625 0.1923828125 0.1318359375
0 0.037109375 0.1513671875 0.052734375 0.05078125
0 0.2490234375 0.15234375 0.052734375 0.0458984375
4 0.0712890625 0.2958984375 0.0986328125 0.1083984375
4 0.1884765625 0.296875 0.1005859375 0.1103515625
3 0.1494140625 0.1806640625 0.2978515625 0.3603515625
5 0.806640625 0.150390625 0.2880859375 0.2548828125
0 0.9462890625 0.3115234375 0.0888671875 0.0673828125
0 0.6708984375 0.314453125 0.0869140625 0.0693359375
4 0.73046875 0.515625 0.095703125 0.14453125
4 0.8857421875 0.5166015625 0.103515625 0.146484375
3 0.7890625 0.298828125 0.421875 0.59765625
5 0.6103515625 0.814453125 0.1630859375 0.3701171875
5 0.875 0.8203125 0.234375 0.359375
2 0.8330078125 0.658203125 0.09375 0.0576171875
3 0.634765625 0.814453125 0.2119140625 0.3701171875
3 0.876953125 0.814453125 0.2451171875 0.3701171875