5 0.193359375 0.28125 0.28125 0.251953125
0 0.341796875 0.4423828125 0.083984375 0.0673828125
0 0.05859375 0.439453125 0.083984375 0.072265625
4 0.1162109375 0.638671875 0.1005859375 0.14453125
4 0.28125 0.6416015625 0.10546875 0.1494140625
1 0.201171875 0.044921875 0.1728515625 0.0791015625
3 0.2021484375 0.3642578125 0.404296875 0.7236328125
5 0.763671875 0.21875 0.146484375 0.2646484375
0 0.841796875 0.390625 0.07421875 0.0625
4 0.7861328125 0.59765625 0.10546875 0.15625
1 0.7978515625 0.3388671875 0.216796875 0.677734375
0 0.525390625 0.9560546875 0.21875 0.087890625
3 0.3896484375 0.8935546875 0.525390625 0.212890625
0 0.76171875 0.8544921875 0.14453125 0.1318359375
3 0.8447265625 0.892578125 0.310546875 0.208984375