3 0.4462890625 0.2744140625 0.326171875 0.439453125
5 0.4423828125 0.3212890625 0.283203125 0.2734375
0 0.4365234375 0.466796875 0.0859375 0.033203125
1 0.4677734375 0.1142578125 0.205078125 0.109375
5 0.7099609375 0.3359375 0.16015625 0.142578125
0 0.611328125 0.4013671875 0.052734375 0.04296875
0 0.7763671875 0.421875 0.044921875 0.048828125
4 0.6494140625 0.4970703125 0.0625 0.04296875
4 0.7060546875 0.5 0.068359375 0.05859375
1 0.7197265625 0.232421875 0.103515625 0.064453125
3 0.7041015625 0.365234375 0.271484375 0.345703125
5 0.0947265625 0.6767578125 0.189453125 0.228515625
0 0.1640625 0.8212890625 0.0703125 0.0625
1 0.0732421875 0.494140625 0.146484375 0.078125
3 0.1337890625 0.701171875 0.267578125 0.50390625
5 0.7607421875 0.7587890625 0.181640625 0.162109375
0 0.8232421875 0.8544921875 0.05859375 0.046875
0 0.646484375 0.828125 0.044921875 0.044921875
4 0.6962890625 0.9580078125 0.083984375 0.083984375
4 0.7744140625 0.9658203125 0.080078125 0.068359375
1 0.767578125 0.630859375 0.095703125 0.05078125
3 0.751953125 0.7919921875 0.3125 0.416015625