3 0.40625 0.2978515625 0.232421875 0.595703125
5 0.4384765625 0.212890625 0.142578125 0.2109375
0 0.380859375 0.3544921875 0.076171875 0.056640625
4 0.443359375 0.5244140625 0.10546875 0.130859375
1 0.447265625 0.0234375 0.095703125 0.046875
5 0.7666015625 0.1162109375 0.197265625 0.166015625
0 0.6826171875 0.2236328125 0.052734375 0.04296875
0 0.876953125 0.2021484375 0.03515625 0.04296875
4 0.8427734375 0.349609375 0.078125 0.08984375
4 0.7578125 0.3349609375 0.064453125 0.08203125
3 0.7685546875 0.2060546875 0.302734375 0.412109375
4 0.0595703125 0.6640625 0.0625 0.048828125