5 0.296875 0.125 0.3359375 0.25
0 0.24609375 0.04296875 0.1484375 0.0859375
0 0.3740234375 0.076171875 0.130859375 0.0859375
4 0.2197265625 0.466796875 0.140625 0.1640625
4 0.3779296875 0.537109375 0.15234375 0.1875
3 0.2919921875 0.3232421875 0.560546875 0.646484375
1 0.912109375 0.181640625 0.17578125 0.2734375
5 0.806640625 0.5185546875 0.3515625 0.384765625
3 0.810546875 0.3671875 0.37890625 0.6875
4 0.02734375 0.9130859375 0.0546875 0.056640625
4 0.2587890625 0.947265625 0.177734375 0.0703125
3 0.2138671875 0.78125 0.427734375 0.41015625
5 0.6728515625 0.828125 0.345703125 0.34375
5 0.87109375 0.8857421875 0.18359375 0.228515625
3 0.6494140625 0.8251953125 0.400390625 0.349609375
3 0.8779296875 0.8486328125 0.193359375 0.302734375
6 0.728515625 0.9873046875 0.1015625 0.025390625