3 0.0791015625 0.2626953125 0.158203125 0.384765625
5 0.0244140625 0.14453125 0.048828125 0.125
4 0.05859375 0.3740234375 0.1171875 0.130859375
0 0.0693359375 0.19921875 0.060546875 0.056640625
5 0.5126953125 0.216796875 0.13671875 0.150390625
0 0.6005859375 0.2822265625 0.029296875 0.041015625
3 0.5380859375 0.2099609375 0.21484375 0.298828125
1 0.48828125 0.1064453125 0.087890625 0.05078125
5 0.1484375 0.802734375 0.26171875 0.39453125
3 0.6943359375 0.587890625 0.40625 0.578125
5 0.6416015625 0.435546875 0.28125 0.25390625
0 0.7060546875 0.5771484375 0.07421875 0.07421875
4 0.712890625 0.767578125 0.21484375 0.171875
4 0.779296875 0.7119140625 0.171875 0.13671875