3 0.26953125 0.3037109375 0.23828125 0.607421875
5 0.333984375 0.2763671875 0.1103515625 0.2548828125
0 0.20703125 0.41015625 0.064453125 0.0673828125
4 0.3212890625 0.5830078125 0.13671875 0.05078125
1 0.3291015625 0.04296875 0.1201171875 0.0771484375
5 0.732421875 0.078125 0.1416015625 0.1201171875
0 0.6455078125 0.16015625 0.0478515625 0.0361328125
0 0.8115234375 0.1513671875 0.0380859375 0.04296875
4 0.701171875 0.265625 0.060546875 0.0693359375
4 0.7568359375 0.25 0.0625 0.0673828125
3 0.7294921875 0.15234375 0.220703125 0.3046875
5 0.3076171875 0.69921875 0.1630859375 0.1826171875
0 0.20703125 0.845703125 0.1103515625 0.0673828125
3 0.251953125 0.8037109375 0.2744140625 0.3916015625
3 0.5 0.8876953125 0.125 0.224609375
2 0.494140625 0.822265625 0.052734375 0.0888671875