3 0.7666015625 0.208984375 0.384765625 0.41796875
5 0.755859375 0.1708984375 0.2568359375 0.228515625
0 0.8916015625 0.310546875 0.0791015625 0.0576171875
0 0.6455078125 0.3115234375 0.0576171875 0.0556640625
3 0.1455078125 0.7216796875 0.291015625 0.556640625
5 0.1142578125 0.66015625 0.228515625 0.208984375
4 0.05078125 0.94921875 0.072265625 0.1005859375
4 0.197265625 0.947265625 0.10546875 0.10546875
0 0.015625 0.7958984375 0.03125 0.052734375
0 0.2451171875 0.78125 0.052734375 0.0478515625
1 0.091796875 0.4755859375 0.1318359375 0.0576171875
0 0.798828125 0.4365234375 0.0888671875 0.0361328125
0 0.8740234375 0.4365234375 0.0791015625 0.0361328125
4 0.875 0.9072265625 0.0986328125 0.095703125
4 0.6806640625 0.9150390625 0.0673828125 0.095703125
4 0.669921875 0.9794921875 0.1611328125 0.041015625
0 0.6728515625 0.703125 0.1005859375 0.185546875
3 0.6005859375 0.708984375 0.283203125 0.58203125
3 0.8017578125 0.6875 0.2763671875 0.5380859375
6 0.5947265625 0.837890625 0.060546875 0.1005859375