3 0.2939453125 0.2587890625 0.41015625 0.505859375
5 0.2734375 0.1396484375 0.26171875 0.232421875
4 0.2509765625 0.4296875 0.10546875 0.126953125
4 0.3916015625 0.4072265625 0.109375 0.130859375
0 0.1748046875 0.2802734375 0.0703125 0.056640625
0 0.41796875 0.2353515625 0.064453125 0.060546875
3 0.724609375 0.15234375 0.390625 0.3046875
0 0.572265625 0.0146484375 0.06640625 0.029296875
0 0.7763671875 0.0185546875 0.103515625 0.037109375
4 0.681640625 0.1748046875 0.1640625 0.140625
4 0.794921875 0.1962890625 0.1484375 0.150390625
5 0.326171875 0.8935546875 0.29296875 0.212890625
1 0.3154296875 0.7041015625 0.25390625 0.140625
3 0.2919921875 0.8095703125 0.494140625 0.380859375
1 0.6953125 0.8974609375 0.11328125 0.140625
1 0.80078125 0.7958984375 0.03515625 0.04296875
1 0.9951171875 0.794921875 0.009765625 0.03515625
1 0.9521484375 0.771484375 0.029296875 0.029296875
5 0.939453125 0.837890625 0.064453125 0.111328125
3 0.6787109375 0.900390625 0.2109375 0.1796875
3 0.7939453125 0.8603515625 0.15625 0.2109375
3 0.9482421875 0.845703125 0.087890625 0.185546875
3 0.98828125 0.8408203125 0.0234375 0.169921875