5 0.0712890625 0.318359375 0.1416015625 0.146484375
0 0.16796875 0.4072265625 0.0380859375 0.04296875
4 0.046875 0.5419921875 0.064453125 0.0869140625
4 0.087890625 0.51953125 0.05078125 0.0771484375
1 0.0712890625 0.18359375 0.103515625 0.04296875
3 0.1005859375 0.373046875 0.201171875 0.4296875
5 0.556640625 0.462890625 0.2431640625 0.4306640625
5 0.837890625 0.470703125 0.2568359375 0.4130859375
3 0.5625 0.3642578125 0.3271484375 0.626953125
3 0.8203125 0.357421875 0.359375 0.640625
5 0.6083984375 0.8388671875 0.41796875 0.322265625