5 0.322265625 0.126953125 0.171875 0.169921875
0 0.2109375 0.1953125 0.052734375 0.048828125
0 0.4072265625 0.2294921875 0.0546875 0.048828125
4 0.3056640625 0.3330078125 0.07421875 0.0859375
4 0.216796875 0.3193359375 0.064453125 0.08203125
1 0.3466796875 0.013671875 0.103515625 0.02734375
3 0.314453125 0.1923828125 0.32421875 0.384765625
3 0.95703125 0.287109375 0.0859375 0.41796875
5 0.24609375 0.41796875 0.162109375 0.1328125
0 0.1455078125 0.4638671875 0.03515625 0.03515625
0 0.322265625 0.498046875 0.04296875 0.04296875
4 0.193359375 0.5908203125 0.072265625 0.076171875
4 0.28125 0.6005859375 0.076171875 0.072265625
3 0.2353515625 0.5 0.267578125 0.30859375
5 0.958984375 0.572265625 0.08203125 0.171875
0 0.8994140625 0.6767578125 0.0703125 0.056640625
4 0.931640625 0.8349609375 0.052734375 0.115234375
3 0.9033203125 0.685546875 0.193359375 0.42578125