4 0.2587890625 0.0576171875 0.0576171875 0.08203125
3 0.279296875 0.078125 0.158203125 0.15625
5 0.521484375 0.2177734375 0.177734375 0.154296875
0 0.4326171875 0.314453125 0.052734375 0.029296875
0 0.638671875 0.3037109375 0.0263671875 0.05078125
1 0.5322265625 0.0986328125 0.1103515625 0.0673828125
3 0.529296875 0.1962890625 0.29296875 0.2666015625
0 0.2236328125 0.42578125 0.0888671875 0.15625
0 0.2333984375 0.55859375 0.11328125 0.1416015625
3 0.263671875 0.6640625 0.1875 0.671875
3 0.103515625 0.6640625 0.20703125 0.671875
5 0.2763671875 0.45703125 0.1630859375 0.2548828125
5 0.1025390625 0.443359375 0.2041015625 0.228515625
5 0.837890625 0.5087890625 0.115234375 0.1103515625
0 0.7744140625 0.580078125 0.0361328125 0.0263671875
0 0.904296875 0.57421875 0.0361328125 0.0263671875
4 0.7958984375 0.6650390625 0.04296875 0.0576171875
4 0.8681640625 0.677734375 0.052734375 0.0673828125
1 0.841796875 0.4150390625 0.0791015625 0.0361328125
3 0.833984375 0.5615234375 0.177734375 0.3291015625