3 0.2568359375 0.3583984375 0.40234375 0.68359375
5 0.22265625 0.2841796875 0.279296875 0.25390625
0 0.2470703125 0.431640625 0.080078125 0.060546875
4 0.2734375 0.6083984375 0.181640625 0.150390625
4 0.3369140625 0.5615234375 0.140625 0.130859375
1 0.1943359375 0.080078125 0.169921875 0.09375
0 0.375 0.3681640625 0.05078125 0.0703125
5 0.818359375 0.12109375 0.158203125 0.15234375
0 0.916015625 0.185546875 0.02734375 0.041015625
0 0.7587890625 0.2099609375 0.052734375 0.044921875
4 0.8017578125 0.3056640625 0.0625 0.07421875
4 0.8681640625 0.3134765625 0.068359375 0.08203125
3 0.822265625 0.193359375 0.30859375 0.38671875
1 0.810546875 0.015625 0.0859375 0.03125
5 0.28515625 0.9541015625 0.33984375 0.091796875
3 0.279296875 0.8623046875 0.48046875 0.275390625
5 0.970703125 0.8701171875 0.05859375 0.126953125
1 0.9716796875 0.7734375 0.056640625 0.0625
3 0.9453125 0.8408203125 0.109375 0.197265625