5 0.326171875 0.2646484375 0.185546875 0.1875
0 0.23046875 0.3955078125 0.064453125 0.0576171875
4 0.3056640625 0.544921875 0.08203125 0.1083984375
4 0.392578125 0.548828125 0.05078125 0.1083984375
1 0.34375 0.09375 0.1318359375 0.0625
3 0.302734375 0.337890625 0.23046875 0.5556640625
5 0.54296875 0.3896484375 0.25 0.3173828125
0 0.43359375 0.6142578125 0.03125 0.083984375
0 0.7099609375 0.533203125 0.0693359375 0.083984375
1 0.5380859375 0.08984375 0.240234375 0.0986328125
3 0.580078125 0.3642578125 0.32421875 0.6513671875
5 0.048828125 0.8447265625 0.09765625 0.310546875
5 0.23828125 0.736328125 0.1630859375 0.09375
3 0.1044921875 0.8447265625 0.208984375 0.310546875
3 0.2607421875 0.8447265625 0.21875 0.310546875
3 0.369140625 0.8447265625 0.0986328125 0.310546875
6 0.18359375 0.9580078125 0.0556640625 0.083984375
6 0.3818359375 0.837890625 0.0673828125 0.103515625
1 0.9228515625 0.87890625 0.154296875 0.189453125
3 0.8544921875 0.890625 0.291015625 0.21875