4 0.4541015625 0.0634765625 0.13671875 0.123046875
4 0.330078125 0.083984375 0.09375 0.11328125
3 0.3837890625 0.0732421875 0.357421875 0.146484375
3 0.6875 0.1357421875 0.2109375 0.271484375
5 0.6728515625 0.1357421875 0.181640625 0.271484375
1 0.3154296875 0.529296875 0.041015625 0.048828125
1 0.4296875 0.494140625 0.03515625 0.0390625
1 0.5302734375 0.498046875 0.03515625 0.041015625
1 0.6064453125 0.4873046875 0.025390625 0.048828125
4 0.3330078125 0.888671875 0.021484375 0.037109375
4 0.3623046875 0.8681640625 0.0390625 0.0234375
4 0.4765625 0.826171875 0.0234375 0.0234375
4 0.517578125 0.828125 0.029296875 0.033203125
4 0.56640625 0.8603515625 0.03515625 0.02734375
4 0.599609375 0.875 0.0234375 0.033203125
4 0.6357421875 0.8759765625 0.017578125 0.021484375
3 0.3251953125 0.708984375 0.19140625 0.4453125
3 0.458984375 0.6611328125 0.154296875 0.400390625
3 0.55859375 0.6796875 0.12890625 0.4375
3 0.609375 0.6904296875 0.07421875 0.453125
6 0.4560546875 0.6357421875 0.025390625 0.02734375
6 0.46875 0.6533203125 0.02734375 0.03515625
6 0.2958984375 0.7197265625 0.03125 0.04296875
6 0.3642578125 0.6982421875 0.021484375 0.037109375
6 0.5859375 0.662109375 0.02734375 0.03515625
6 0.6162109375 0.697265625 0.0234375 0.04296875
5 0.9736328125 0.505859375 0.052734375 0.09765625
0 0.94921875 0.5693359375 0.037109375 0.02734375
4 0.96484375 0.64453125 0.048828125 0.05078125
1 0.98046875 0.4208984375 0.033203125 0.03125
3 0.9560546875 0.546875 0.087890625 0.2890625