0 0.0576171875 0.521484375 0.068359375 0.08203125
3 0.0517578125 0.3037109375 0.103515625 0.517578125
5 0.6904296875 0.28125 0.302734375 0.486328125
3 0.6806640625 0.263671875 0.412109375 0.52734375
6 0.529296875 0.1904296875 0.078125 0.189453125
5 0.1650390625 0.6337890625 0.302734375 0.18359375
0 0.154296875 0.5849609375 0.21484375 0.076171875
4 0.1123046875 0.9345703125 0.130859375 0.130859375
4 0.2802734375 0.9462890625 0.123046875 0.107421875
3 0.1904296875 0.76953125 0.373046875 0.4609375
5 0.38671875 0.6904296875 0.064453125 0.197265625
3 0.3994140625 0.767578125 0.099609375 0.46484375