5 0.1865234375 0.1005859375 0.125 0.115234375
0 0.283203125 0.1728515625 0.04296875 0.0380859375
0 0.109375 0.177734375 0.0361328125 0.0361328125
4 0.1669921875 0.2822265625 0.052734375 0.0791015625
4 0.2041015625 0.2646484375 0.04296875 0.060546875
1 0.185546875 0.0068359375 0.09375 0.013671875
3 0.1923828125 0.1630859375 0.224609375 0.326171875
5 0.7978515625 0.15234375 0.287109375 0.3046875
1 0.791015625 0.40625 0.158203125 0.064453125
5 0.779296875 0.541015625 0.279296875 0.0771484375
3 0.7958984375 0.1767578125 0.3125 0.353515625
3 0.802734375 0.47265625 0.3271484375 0.2138671875
6 0.658203125 0.291015625 0.0380859375 0.0673828125
5 0.1865234375 0.7255859375 0.125 0.1181640625
0 0.291015625 0.7958984375 0.0263671875 0.029296875
0 0.1103515625 0.8017578125 0.033203125 0.0361328125
4 0.1416015625 0.90625 0.0478515625 0.0625
4 0.1416015625 0.90625 0.0478515625 0.0625
4 0.2236328125 0.90625 0.0625 0.0693359375
1 0.185546875 0.6201171875 0.0869140625 0.0380859375
3 0.193359375 0.7724609375 0.23046875 0.3505859375
3 0.7236328125 0.8251953125 0.169921875 0.349609375
5 0.70703125 0.8935546875 0.13671875 0.212890625
1 0.685546875 0.6875 0.091796875 0.0673828125