0 0.3740234375 0.126953125 0.0234375 0.068359375
3 0.7275390625 0.19921875 0.38671875 0.390625
4 0.728515625 0.2978515625 0.216796875 0.16015625
0 0.7236328125 0.0791015625 0.111328125 0.08984375
4 0.705078125 0.2314453125 0.234375 0.16015625
5 0.0283203125 0.470703125 0.056640625 0.11328125
0 0.05859375 0.5419921875 0.037109375 0.029296875
4 0.021484375 0.642578125 0.04296875 0.0703125
3 0.0439453125 0.5419921875 0.087890625 0.298828125
5 0.658203125 0.71484375 0.53125 0.5703125
3 0.6611328125 0.708984375 0.677734375 0.58203125