5 0.1494140625 0.068359375 0.25 0.13671875
0 0.119140625 0.1767578125 0.0869140625 0.0625
4 0.138671875 0.3642578125 0.189453125 0.0888671875
4 0.083984375 0.330078125 0.134765625 0.115234375
3 0.1494140625 0.2041015625 0.2978515625 0.408203125
5 0.61328125 0.2041015625 0.6298828125 0.408203125
1 0.033203125 0.419921875 0.06640625 0.0234375
0 0.1357421875 0.515625 0.04296875 0.10546875
5 0.044921875 0.677734375 0.0888671875 0.3271484375
3 0.0849609375 0.7041015625 0.169921875 0.591796875
3 0.720703125 0.7041015625 0.5576171875 0.591796875