0 0.056640625 0.2236328125 0.056640625 0.048828125
4 0.0478515625 0.337890625 0.07421875 0.08203125
3 0.0751953125 0.1982421875 0.130859375 0.396484375
5 0.9287109375 0.1572265625 0.142578125 0.173828125
0 0.8369140625 0.2412109375 0.05078125 0.046875
4 0.9033203125 0.380859375 0.087890625 0.095703125
4 0.9765625 0.376953125 0.046875 0.07421875
3 0.8876953125 0.236328125 0.224609375 0.41015625
5 0.369140625 0.7841796875 0.236328125 0.3515625
2 0.408203125 0.5439453125 0.173828125 0.166015625
3 0.337890625 0.71875 0.330078125 0.556640625
5 0.62109375 0.498046875 0.248046875 0.1171875
0 0.5068359375 0.568359375 0.033203125 0.064453125
0 0.724609375 0.5654296875 0.041015625 0.046875
4 0.6416015625 0.7958984375 0.138671875 0.158203125
4 0.5087890625 0.71484375 0.07421875 0.119140625
3 0.623046875 0.6591796875 0.318359375 0.4375