5 0.0751953125 0.39453125 0.150390625 0.2734375
0 0.1875 0.55078125 0.068359375 0.078125
1 0.072265625 0.1513671875 0.103515625 0.091796875
3 0.12890625 0.38671875 0.2578125 0.5859375
5 0.5673828125 0.2021484375 0.228515625 0.22265625
0 0.6953125 0.3427734375 0.052734375 0.0703125
4 0.6064453125 0.5537109375 0.109375 0.1484375
4 0.478515625 0.4873046875 0.080078125 0.1171875
1 0.5751953125 0.0283203125 0.14453125 0.056640625
3 0.5927734375 0.3212890625 0.326171875 0.642578125
1 0.16796875 0.9169921875 0.169921875 0.080078125
3 0.1728515625 0.9248046875 0.345703125 0.126953125
5 0.4931640625 0.8466796875 0.177734375 0.306640625
5 0.8876953125 0.8623046875 0.193359375 0.275390625
5 0.576171875 0.828125 0.07421875 0.23828125
0 0.486328125 0.712890625 0.0703125 0.03125
0 0.7939453125 0.974609375 0.072265625 0.05078125
0 0.5966796875 0.9794921875 0.044921875 0.041015625
3 0.4931640625 0.8466796875 0.177734375 0.306640625
3 0.8525390625 0.8583984375 0.263671875 0.283203125
3 0.560546875 0.849609375 0.15234375 0.30078125