5 0.4541015625 0.177734375 0.427734375 0.35546875
0 0.6337890625 0.3486328125 0.064453125 0.08984375
0 0.4091796875 0.3837890625 0.12109375 0.08984375
3 0.474609375 0.236328125 0.5 0.47265625
5 0.8125 0.1328125 0.228515625 0.20703125
0 0.9033203125 0.2626953125 0.08203125 0.078125
4 0.828125 0.439453125 0.12890625 0.138671875
4 0.6953125 0.419921875 0.080078125 0.126953125
3 0.8271484375 0.2734375 0.345703125 0.48828125
5 0.41015625 0.767578125 0.44921875 0.46484375
2 0.40234375 0.5615234375 0.228515625 0.279296875
6 0.3994140625 0.890625 0.169921875 0.216796875
3 0.7978515625 0.77734375 0.384765625 0.4453125