1 0.3818359375 0.0361328125 0.052734375 0.072265625
3 0.33984375 0.1728515625 0.13671875 0.345703125
5 0.5732421875 0.1630859375 0.193359375 0.326171875
0 0.62890625 0.0380859375 0.052734375 0.0546875
3 0.5849609375 0.1962890625 0.318359375 0.392578125
1 0.1708984375 0.328125 0.029296875 0.01953125
1 0.060546875 0.5546875 0.033203125 0.0390625
1 0.13671875 0.6591796875 0.0234375 0.0390625
1 0.0927734375 0.7705078125 0.03515625 0.044921875
1 0.169921875 0.865234375 0.03515625 0.033203125
5 0.1572265625 0.9189453125 0.048828125 0.078125
0 0.1787109375 0.43359375 0.017578125 0.025390625
0 0.0771484375 0.6201171875 0.025390625 0.029296875
0 0.05078125 0.8212890625 0.01953125 0.021484375
3 0.091796875 0.3359375 0.099609375 0.064453125
3 0.1572265625 0.419921875 0.095703125 0.208984375
3 0.0576171875 0.646484375 0.091796875 0.236328125
3 0.0830078125 0.8359375 0.119140625 0.228515625
3 0.146484375 0.8994140625 0.080078125 0.119140625
1 0.421875 0.4091796875 0.154296875 0.125
5 0.6904296875 0.7490234375 0.337890625 0.501953125
3 0.4111328125 0.6728515625 0.28125 0.65234375
3 0.6865234375 0.689453125 0.376953125 0.62109375
6 0.4189453125 0.845703125 0.0703125 0.1015625