5 0.103515625 0.3046875 0.20703125 0.32421875
0 0.072265625 0.2998046875 0.14453125 0.130859375
1 0.05859375 0.091796875 0.1171875 0.07421875
3 0.1357421875 0.333984375 0.271484375 0.58203125
5 0.90234375 0.1513671875 0.140625 0.302734375
0 0.8427734375 0.435546875 0.0703125 0.12109375
3 0.8681640625 0.248046875 0.263671875 0.49609375
5 0.2470703125 0.7041015625 0.19921875 0.251953125
3 0.2685546875 0.7802734375 0.423828125 0.439453125
5 0.9130859375 0.80859375 0.173828125 0.27734375
5 0.591796875 0.8564453125 0.091796875 0.271484375
2 0.54296875 0.6630859375 0.03125 0.111328125
3 0.587890625 0.794921875 0.123046875 0.396484375