5 0.5107421875 0.060546875 0.236328125 0.12109375
0 0.494140625 0.14453125 0.11328125 0.095703125
0 0.40625 0.0986328125 0.068359375 0.064453125
4 0.3701171875 0.341796875 0.216796875 0.1796875
4 0.5048828125 0.3251953125 0.10546875 0.130859375
3 0.435546875 0.23046875 0.38671875 0.4609375
1 0.689453125 0.2236328125 0.107421875 0.11328125
0 0.60546875 0.2705078125 0.095703125 0.126953125
0 0.7529296875 0.3046875 0.099609375 0.12109375
5 0.66015625 0.4287109375 0.212890625 0.255859375
3 0.6748046875 0.365234375 0.34765625 0.408203125
5 0.3896484375 0.609375 0.20703125 0.251953125
0 0.2392578125 0.720703125 0.083984375 0.078125
4 0.2587890625 0.8779296875 0.10546875 0.111328125
4 0.3662109375 0.9365234375 0.0546875 0.09375
3 0.31640625 0.7099609375 0.365234375 0.546875
5 0.5380859375 0.6357421875 0.203125 0.271484375
0 0.5732421875 0.8037109375 0.09765625 0.087890625
4 0.4619140625 0.94921875 0.126953125 0.1015625
3 0.5361328125 0.75 0.333984375 0.5