4 0.5224609375 0.109375 0.08984375 0.09375
3 0.4697265625 0.1025390625 0.205078125 0.205078125
5 0.884765625 0.1650390625 0.23046875 0.283203125
0 0.8134765625 0.3369140625 0.111328125 0.076171875
4 0.85546875 0.490234375 0.123046875 0.048828125
3 0.8408203125 0.26953125 0.318359375 0.50390625
5 0.04296875 0.517578125 0.0859375 0.16796875
5 0.162109375 0.515625 0.109375 0.140625
5 0.28125 0.5146484375 0.095703125 0.1171875
5 0.400390625 0.5654296875 0.1171875 0.201171875
0 0.1083984375 0.5595703125 0.025390625 0.044921875
0 0.490234375 0.61328125 0.029296875 0.068359375
3 0.0517578125 0.69921875 0.103515625 0.52734375
3 0.1435546875 0.6435546875 0.169921875 0.40234375
3 0.267578125 0.634765625 0.1484375 0.359375
3 0.390625 0.654296875 0.15625 0.37890625
3 0.4892578125 0.6943359375 0.083984375 0.435546875
0 0.7548828125 0.7509765625 0.486328125 0.498046875