5 0.3583984375 0.078125 0.26953125 0.15625
0 0.26171875 0.201171875 0.10546875 0.0703125
4 0.3173828125 0.4208984375 0.1328125 0.158203125
4 0.447265625 0.3857421875 0.103515625 0.150390625
3 0.3115234375 0.248046875 0.376953125 0.49609375
0 0.5322265625 0.4658203125 0.0703125 0.19921875
0 0.5888671875 0.5 0.181640625 0.17578125
5 0.66796875 0.37109375 0.345703125 0.435546875
1 0.60546875 0.046875 0.23046875 0.09375
3 0.740234375 0.294921875 0.5 0.58984375
5 0.2529296875 0.6376953125 0.31640625 0.09375
3 0.25390625 0.7939453125 0.5078125 0.412109375
5 0.6923828125 0.677734375 0.3828125 0.189453125
0 0.6826171875 0.830078125 0.119140625 0.076171875
0 0.9111328125 0.7646484375 0.052734375 0.07421875
4 0.845703125 0.96484375 0.205078125 0.060546875
3 0.7392578125 0.7900390625 0.4765625 0.419921875