5 0.1630859375 0.150390625 0.326171875 0.30078125
0 0.1552734375 0.36328125 0.1103515625 0.07421875
4 0.1708984375 0.56640625 0.216796875 0.103515625
4 0.2744140625 0.53515625 0.228515625 0.126953125
3 0.2255859375 0.30859375 0.451171875 0.6171875
0 0.8544921875 0.271484375 0.291015625 0.54296875
0 0.66015625 0.326171875 0.28125 0.583984375
2 0.498046875 0.994140625 0.04296875 0.01171875
5 0.958984375 0.6943359375 0.08203125 0.154296875
0 0.892578125 0.794921875 0.04296875 0.0458984375
4 0.947265625 0.9169921875 0.0791015625 0.07421875
3 0.9287109375 0.8076171875 0.1416015625 0.3798828125