3 0.0576171875 0.2158203125 0.115234375 0.322265625
5 0.0185546875 0.1357421875 0.037109375 0.146484375
4 0.03125 0.3486328125 0.0625 0.056640625
0 0.05078125 0.2158203125 0.06640625 0.060546875
3 0.42578125 0.6572265625 0.1875 0.685546875
0 0.4287109375 0.7412109375 0.064453125 0.064453125
4 0.484375 0.9375 0.06640625 0.125
5 0.8193359375 0.5400390625 0.216796875 0.205078125
0 0.9755859375 0.6220703125 0.048828125 0.064453125
0 0.7138671875 0.6728515625 0.068359375 0.056640625
4 0.7919921875 0.81640625 0.083984375 0.1171875
4 0.869140625 0.794921875 0.091796875 0.111328125
1 0.80078125 0.384765625 0.134765625 0.078125
3 0.8154296875 0.607421875 0.369140625 0.5703125