5 0.109375 0.0771484375 0.21875 0.154296875
0 0.2744140625 0.173828125 0.05078125 0.05859375
4 0.150390625 0.318359375 0.0703125 0.08984375
4 0.068359375 0.3603515625 0.083984375 0.125
3 0.15234375 0.2109375 0.3046875 0.421875
5 0.6533203125 0.2685546875 0.693359375 0.537109375
5 0.154296875 0.908203125 0.12109375 0.18359375
2 0.162109375 0.7958984375 0.078125 0.078125
3 0.126953125 0.8759765625 0.25390625 0.248046875
6 0.224609375 0.958984375 0.03515625 0.04296875
5 0.857421875 0.615234375 0.27734375 0.154296875
0 0.6708984375 0.701171875 0.06640625 0.078125
0 0.978515625 0.73828125 0.04296875 0.06640625
4 0.873046875 0.927734375 0.16796875 0.1328125
4 0.6728515625 0.9345703125 0.177734375 0.130859375
3 0.7861328125 0.7685546875 0.427734375 0.462890625