5 0.3583984375 0.154296875 0.251953125 0.21875
0 0.240234375 0.25390625 0.0703125 0.056640625
0 0.4560546875 0.2841796875 0.060546875 0.064453125
4 0.4111328125 0.4306640625 0.111328125 0.115234375
4 0.29296875 0.4111328125 0.09765625 0.1171875
1 0.3583984375 0.013671875 0.123046875 0.02734375
3 0.3505859375 0.251953125 0.419921875 0.50390625
5 0.865234375 0.2841796875 0.26953125 0.322265625
0 0.724609375 0.4140625 0.080078125 0.076171875
0 0.9736328125 0.4775390625 0.052734375 0.068359375
4 0.8984375 0.6728515625 0.126953125 0.169921875
4 0.7470703125 0.62890625 0.1484375 0.16796875
3 0.80078125 0.4072265625 0.3984375 0.744140625
5 0.275390625 0.8720703125 0.43359375 0.255859375
3 0.3154296875 0.8173828125 0.541015625 0.365234375
1 0.90625 0.81640625 0.08984375 0.0625
3 0.8369140625 0.8837890625 0.228515625 0.232421875