0 0.2861328125 0.0888671875 0.09375 0.080078125
0 0.03125 0.16015625 0.0625 0.08203125
4 0.11328125 0.34375 0.12109375 0.158203125
4 0.2724609375 0.302734375 0.142578125 0.16796875
3 0.2060546875 0.2431640625 0.412109375 0.431640625
5 0.8310546875 0.0947265625 0.197265625 0.189453125
0 0.7861328125 0.2333984375 0.08203125 0.083984375
3 0.80859375 0.1494140625 0.2890625 0.298828125
5 0.3359375 0.6962890625 0.3671875 0.330078125
0 0.5126953125 0.8125 0.04296875 0.07421875
0 0.2607421875 0.892578125 0.107421875 0.08984375
4 0.5087890625 0.9736328125 0.126953125 0.052734375
1 0.25390625 0.458984375 0.18359375 0.103515625
3 0.3115234375 0.69140625 0.521484375 0.6171875
5 0.8955078125 0.3623046875 0.20703125 0.22265625
0 0.845703125 0.505859375 0.0859375 0.080078125
4 0.9501953125 0.685546875 0.099609375 0.16015625
3 0.8603515625 0.529296875 0.279296875 0.55859375