5 0.1982421875 0.208984375 0.234375 0.19921875
0 0.125 0.333984375 0.06640625 0.048828125
0 0.3271484375 0.3037109375 0.0625 0.05859375
4 0.208984375 0.4677734375 0.08984375 0.111328125
4 0.328125 0.4541015625 0.09765625 0.109375
1 0.150390625 0.056640625 0.119140625 0.056640625
3 0.2138671875 0.2734375 0.373046875 0.521484375
3 0.7939453125 0.248046875 0.294921875 0.49609375
5 0.763671875 0.08203125 0.234375 0.1640625
0 0.74609375 0.197265625 0.09375 0.08203125
4 0.7939453125 0.4130859375 0.20703125 0.16015625
4 0.755859375 0.3544921875 0.154296875 0.154296875
5 0.3515625 0.884765625 0.36328125 0.23046875
1 0.3154296875 0.5830078125 0.181640625 0.107421875
5 0.87890625 0.5390625 0.212890625 0.138671875
4 0.9794921875 0.796875 0.041015625 0.10546875
3 0.849609375 0.6748046875 0.30078125 0.419921875