5 0.1142578125 0.365234375 0.228515625 0.2978515625
0 0.330078125 0.5166015625 0.07421875 0.0625
1 0.0986328125 0.087890625 0.197265625 0.09375
3 0.1943359375 0.287109375 0.388671875 0.51953125
1 0.845703125 0.2744140625 0.125 0.07421875
5 0.87890625 0.4306640625 0.1875 0.1875
3 0.8623046875 0.3876953125 0.275390625 0.318359375
6 0.986328125 0.291015625 0.0263671875 0.0625
5 0.345703125 0.8740234375 0.2255859375 0.208984375
1 0.365234375 0.689453125 0.1416015625 0.0693359375
3 0.314453125 0.828125 0.2880859375 0.34375
5 0.693359375 0.5869140625 0.2666015625 0.0771484375
0 0.853515625 0.607421875 0.052734375 0.0673828125
0 0.6884765625 0.6875 0.095703125 0.0625
4 0.677734375 0.8603515625 0.1728515625 0.13671875
4 0.763671875 0.810546875 0.1611328125 0.125
3 0.716796875 0.7412109375 0.341796875 0.38671875