0 0.6279296875 0.037109375 0.029296875 0.046875
0 0.3642578125 0.013671875 0.103515625 0.02734375
4 0.3837890625 0.19140625 0.119140625 0.162109375
4 0.5458984375 0.212890625 0.142578125 0.16796875
3 0.435546875 0.1572265625 0.4140625 0.314453125
5 0.615234375 0.353515625 0.1171875 0.240234375
3 0.6806640625 0.2802734375 0.248046875 0.42578125
5 0.423828125 0.5166015625 0.265625 0.205078125
0 0.2880859375 0.607421875 0.08984375 0.078125
4 0.3125 0.8193359375 0.134765625 0.158203125
4 0.451171875 0.8544921875 0.0859375 0.16015625
3 0.359375 0.6748046875 0.39453125 0.546875
5 0.9013671875 0.69921875 0.185546875 0.29296875
0 0.810546875 0.8408203125 0.08203125 0.08203125
4 0.8349609375 0.986328125 0.154296875 0.02734375
3 0.857421875 0.7548828125 0.28515625 0.490234375