5 0.5517578125 0.1259765625 0.38671875 0.251953125
0 0.76953125 0.244140625 0.0380859375 0.07421875
0 0.546875 0.310546875 0.1005859375 0.072265625
3 0.587890625 0.2197265625 0.48828125 0.439453125
0 0.0419921875 0.71484375 0.052734375 0.05078125
4 0.015625 0.87109375 0.03125 0.0986328125
3 0.0458984375 0.689453125 0.091796875 0.5
5 0.818359375 0.5537109375 0.2861328125 0.228515625
0 0.93359375 0.70703125 0.095703125 0.07421875
0 0.6826171875 0.6884765625 0.0693359375 0.0693359375
4 0.74609375 0.896484375 0.146484375 0.1396484375
4 0.8916015625 0.9248046875 0.099609375 0.150390625
3 0.814453125 0.7197265625 0.3701171875 0.560546875