5 0.029296875 0.1943359375 0.05859375 0.220703125
0 0.076171875 0.3134765625 0.091796875 0.083984375
4 0.046875 0.4609375 0.09375 0.05078125
3 0.0712890625 0.2802734375 0.142578125 0.412109375
0 0.72265625 0.009765625 0.11328125 0.01953125
0 0.384765625 0.02734375 0.064453125 0.037109375
4 0.4951171875 0.2412109375 0.138671875 0.1796875
4 0.65625 0.166015625 0.177734375 0.15234375
3 0.5927734375 0.16796875 0.498046875 0.3359375
5 0.6484375 0.7119140625 0.318359375 0.3203125
0 0.681640625 0.890625 0.111328125 0.087890625
1 0.5849609375 0.47265625 0.224609375 0.119140625
3 0.6376953125 0.693359375 0.423828125 0.61328125