3 0.35546875 0.2412109375 0.15625 0.482421875
5 0.8876953125 0.34765625 0.224609375 0.328125
1 0.9443359375 0.0498046875 0.111328125 0.060546875
3 0.8466796875 0.26171875 0.306640625 0.50390625
5 0.365234375 0.7216796875 0.076171875 0.251953125
0 0.3037109375 0.880859375 0.091796875 0.06640625
3 0.32421875 0.7353515625 0.171875 0.51953125
5 0.87109375 0.6123046875 0.208984375 0.19140625
0 0.76953125 0.7216796875 0.0546875 0.048828125
0 0.9677734375 0.7255859375 0.044921875 0.052734375
4 0.814453125 0.8662109375 0.080078125 0.1015625
4 0.935546875 0.8740234375 0.083984375 0.10546875
3 0.8603515625 0.716796875 0.279296875 0.431640625