0 0.380859375 0.189453125 0.033203125 0.03515625
4 0.40625 0.27734375 0.015625 0.05859375
3 0.376953125 0.16015625 0.07421875 0.298828125
5 0.919921875 0.2890625 0.16015625 0.43359375
5 0.7080078125 0.21484375 0.193359375 0.3046875
2 0.8623046875 0.0537109375 0.162109375 0.107421875
2 0.5478515625 0.1298828125 0.154296875 0.251953125
3 0.533203125 0.28125 0.28125 0.5625
3 0.7236328125 0.2109375 0.302734375 0.421875
3 0.8876953125 0.2685546875 0.224609375 0.537109375
0 0.1396484375 0.787109375 0.271484375 0.42578125
5 0.8935546875 0.59765625 0.212890625 0.1484375
0 0.7783203125 0.6982421875 0.05859375 0.056640625
4 0.8759765625 0.87890625 0.083984375 0.134765625
4 0.94140625 0.8193359375 0.080078125 0.109375
3 0.8603515625 0.744140625 0.279296875 0.4453125