5 0.52734375 0.0947265625 0.2890625 0.189453125
0 0.3671875 0.1484375 0.064453125 0.080078125
0 0.5478515625 0.21875 0.12109375 0.087890625
4 0.4970703125 0.439453125 0.177734375 0.169921875
4 0.39453125 0.3701171875 0.19921875 0.1640625
3 0.4951171875 0.271484375 0.466796875 0.54296875
5 0.8681640625 0.1328125 0.263671875 0.1875
0 0.9716796875 0.25390625 0.056640625 0.08203125
4 0.73046875 0.431640625 0.1015625 0.171875
4 0.892578125 0.4541015625 0.162109375 0.166015625
3 0.837890625 0.3076171875 0.32421875 0.541015625
5 0.501953125 0.6943359375 0.328125 0.326171875
0 0.333984375 0.83203125 0.083984375 0.083984375
0 0.5849609375 0.890625 0.064453125 0.080078125
3 0.46484375 0.7548828125 0.40625 0.490234375
5 0.900390625 0.896484375 0.10546875 0.20703125