5 0.33203125 0.09765625 0.3203125 0.1953125
0 0.1708984375 0.255859375 0.119140625 0.095703125
4 0.28125 0.47265625 0.193359375 0.166015625
4 0.3935546875 0.4267578125 0.1953125 0.18359375
3 0.33984375 0.2822265625 0.53515625 0.564453125
0 0.625 0.4033203125 0.08203125 0.14453125
1 0.41796875 0.578125 0.17578125 0.134765625
5 0.3935546875 0.8330078125 0.353515625 0.333984375
3 0.3818359375 0.75390625 0.396484375 0.4921875
1 0.7578125 0.5400390625 0.298828125 0.18359375
0 0.6826171875 0.7763671875 0.107421875 0.330078125
3 0.8037109375 0.70703125 0.392578125 0.5390625