5 0.326171875 0.25 0.248046875 0.2666015625
0 0.216796875 0.3994140625 0.095703125 0.01953125
1 0.333984375 0.0244140625 0.1923828125 0.0478515625
3 0.29296875 0.2041015625 0.4423828125 0.408203125
4 0.59375 0.208984375 0.1103515625 0.2880859375
4 0.9501953125 0.240234375 0.099609375 0.1171875
3 0.7685546875 0.1875 0.462890625 0.375
3 0.142578125 0.7138671875 0.28515625 0.568359375
5 0.11328125 0.671875 0.2255859375 0.2333984375
0 0.2236328125 0.814453125 0.0693359375 0.060546875
0 0.0087890625 0.8115234375 0.0166015625 0.0556640625
4 0.2041015625 0.96875 0.0869140625 0.0625
4 0.072265625 0.96484375 0.1103515625 0.0693359375
1 0.078125 0.466796875 0.15625 0.0673828125
5 0.7666015625 0.45703125 0.1923828125 0.095703125
0 0.6318359375 0.5224609375 0.0458984375 0.0478515625
0 0.88671875 0.51953125 0.052734375 0.0478515625
4 0.724609375 0.646484375 0.0869140625 0.08203125
4 0.8544921875 0.673828125 0.1103515625 0.0986328125
3 0.7509765625 0.5732421875 0.3193359375 0.3291015625