0 0.037109375 0.1708984375 0.0546875 0.05859375
3 0.8779296875 0.0908203125 0.244140625 0.166015625
4 0.8837890625 0.09765625 0.14453125 0.1484375
4 0.970703125 0.0791015625 0.05859375 0.115234375
1 0.0361328125 0.36328125 0.06640625 0.107421875
1 0.2763671875 0.38671875 0.103515625 0.091796875
1 0.46875 0.3994140625 0.072265625 0.091796875
5 0.0693359375 0.5693359375 0.138671875 0.326171875
5 0.28515625 0.576171875 0.173828125 0.322265625
5 0.44921875 0.5859375 0.10546875 0.28515625
4 0.052734375 0.9365234375 0.08203125 0.09765625
4 0.2333984375 0.9013671875 0.111328125 0.109375
4 0.291015625 0.9296875 0.107421875 0.119140625
4 0.44921875 0.88671875 0.078125 0.095703125
4 0.4716796875 0.931640625 0.029296875 0.095703125
0 0.0263671875 0.7333984375 0.052734375 0.107421875
0 0.248046875 0.7041015625 0.068359375 0.095703125
0 0.4443359375 0.6875 0.06640625 0.09765625
3 0.4423828125 0.6611328125 0.125 0.6328125
3 0.263671875 0.654296875 0.21484375 0.650390625
3 0.0654296875 0.646484375 0.130859375 0.6796875
5 0.7021484375 0.5 0.41796875 0.388671875
4 0.533203125 0.970703125 0.1015625 0.05859375
4 0.703125 0.98046875 0.1953125 0.0390625
3 0.7138671875 0.6298828125 0.462890625 0.740234375