5 0.2958984375 0.0576171875 0.302734375 0.115234375
0 0.4658203125 0.1376953125 0.0703125 0.076171875
0 0.173828125 0.1552734375 0.109375 0.07421875
4 0.2119140625 0.3583984375 0.10546875 0.15625
4 0.388671875 0.3544921875 0.15625 0.158203125
3 0.2705078125 0.2236328125 0.490234375 0.447265625
0 0.8232421875 0.0322265625 0.064453125 0.03515625
4 0.8779296875 0.228515625 0.154296875 0.146484375
4 0.9794921875 0.2646484375 0.041015625 0.158203125
3 0.8720703125 0.1796875 0.255859375 0.3359375
1 0.1884765625 0.638671875 0.376953125 0.4296875
0 0.0830078125 0.900390625 0.166015625 0.1640625
0 0.3642578125 0.87890625 0.337890625 0.2421875
5 0.6806640625 0.6611328125 0.263671875 0.2734375
0 0.6865234375 0.8427734375 0.107421875 0.0703125
4 0.669921875 0.986328125 0.171875 0.02734375
4 0.603515625 0.96484375 0.1640625 0.0703125
3 0.693359375 0.7255859375 0.34375 0.548828125