3 0.21484375 0.1962890625 0.3193359375 0.3916015625
5 0.2080078125 0.083984375 0.208984375 0.16796875
0 0.1240234375 0.1982421875 0.0576171875 0.0458984375
0 0.3330078125 0.1865234375 0.0576171875 0.05078125
4 0.3173828125 0.337890625 0.083984375 0.0986328125
4 0.1982421875 0.337890625 0.0791015625 0.09375
0 0.8173828125 0.626953125 0.283203125 0.1826171875
0 0.83984375 0.6513671875 0.3193359375 0.134765625
5 0.8828125 0.521484375 0.234375 0.390625
1 0.890625 0.130859375 0.21875 0.26171875
3 0.787109375 0.359375 0.42578125 0.71875
1 0.46875 0.7568359375 0.08203125 0.0771484375
3 0.4072265625 0.859375 0.2041015625 0.28125
5 0.6455078125 0.90234375 0.271484375 0.1943359375
1 0.6474609375 0.732421875 0.1806640625 0.0263671875
3 0.6875 0.859375 0.35546875 0.28125