5 0.1416015625 0.3642578125 0.27734375 0.248046875
0 0.0712890625 0.5126953125 0.08203125 0.068359375
0 0.298828125 0.4501953125 0.072265625 0.06640625
1 0.078125 0.19140625 0.1484375 0.08984375
3 0.1796875 0.34765625 0.359375 0.47265625
4 0.865234375 0.109375 0.12109375 0.14453125
5 0.2451171875 0.755859375 0.2734375 0.25
0 0.1728515625 0.9072265625 0.0703125 0.0625
0 0.3935546875 0.8408203125 0.076171875 0.072265625
4 0.4150390625 0.9736328125 0.107421875 0.052734375
1 0.1796875 0.587890625 0.140625 0.091796875
3 0.267578125 0.75 0.484375 0.5
0 0.7060546875 0.4326171875 0.07421875 0.072265625
4 0.724609375 0.61328125 0.0859375 0.130859375