5 0.1943359375 0.296875 0.3671875 0.349609375
0 0.35546875 0.4951171875 0.080078125 0.06640625
1 0.2734375 0.0537109375 0.2265625 0.107421875
3 0.2724609375 0.2685546875 0.541015625 0.537109375
5 0.869140625 0.265625 0.26171875 0.3359375
0 0.880859375 0.205078125 0.142578125 0.099609375
0 0.9658203125 0.251953125 0.068359375 0.1015625
4 0.8251953125 0.6015625 0.126953125 0.11328125
3 0.8203125 0.3720703125 0.359375 0.626953125
1 0.2626953125 0.640625 0.1640625 0.17578125
1 0.458984375 0.8388671875 0.03515625 0.064453125
5 0.185546875 0.8740234375 0.275390625 0.177734375
5 0.416015625 0.9365234375 0.078125 0.123046875
3 0.2177734375 0.7451171875 0.408203125 0.451171875
0 0.638671875 0.66015625 0.05859375 0.078125
4 0.4951171875 0.8173828125 0.068359375 0.125
3 0.5654296875 0.7744140625 0.244140625 0.40625