5 0.228515625 0.2880859375 0.28125 0.287109375
0 0.2177734375 0.3037109375 0.15234375 0.08203125
0 0.3134765625 0.3330078125 0.1015625 0.076171875
1 0.24609375 0.076171875 0.185546875 0.12109375
3 0.212890625 0.3037109375 0.34375 0.57421875
1 0.91015625 0.1103515625 0.119140625 0.166015625
5 0.5771484375 0.271484375 0.087890625 0.16015625
1 0.5185546875 0.2939453125 0.0703125 0.076171875
5 0.533203125 0.4580078125 0.130859375 0.18359375
5 0.9189453125 0.396484375 0.162109375 0.2265625
3 0.5439453125 0.3681640625 0.208984375 0.3671875
3 0.900390625 0.263671875 0.19921875 0.49609375
0 0.3515625 0.5830078125 0.060546875 0.04296875
0 0.892578125 0.6025390625 0.109375 0.07421875
4 0.9052734375 0.8095703125 0.185546875 0.158203125
4 0.8310546875 0.767578125 0.185546875 0.140625
3 0.8427734375 0.6962890625 0.314453125 0.404296875