0 0.515625 0.001953125 0.03515625 0.00390625
4 0.3603515625 0.080078125 0.07421875 0.09375
4 0.41015625 0.07421875 0.05078125 0.076171875
3 0.3974609375 0.0810546875 0.302734375 0.162109375
5 0.6962890625 0.2607421875 0.271484375 0.35546875
0 0.791015625 0.435546875 0.052734375 0.080078125
0 0.5791015625 0.4580078125 0.07421875 0.083984375
3 0.7353515625 0.2880859375 0.390625 0.5390625
5 0.4404296875 0.5537109375 0.19921875 0.185546875
0 0.3115234375 0.64453125 0.080078125 0.08203125
4 0.3681640625 0.8623046875 0.146484375 0.16796875
3 0.3720703125 0.705078125 0.333984375 0.517578125
4 0.75 0.576171875 0.05859375 0.078125
4 0.8125 0.5859375 0.076171875 0.07421875
3 0.8056640625 0.5947265625 0.240234375 0.126953125