5 0.33203125 0.1533203125 0.20703125 0.279296875
0 0.2919921875 0.3212890625 0.08984375 0.076171875
4 0.369140625 0.490234375 0.13671875 0.09765625
3 0.322265625 0.2822265625 0.33203125 0.537109375
5 0.685546875 0.2509765625 0.60546875 0.501953125
1 0.111328125 0.9599609375 0.0390625 0.046875
1 0.197265625 0.9306640625 0.03515625 0.037109375
1 0.3388671875 0.6767578125 0.046875 0.05859375
1 0.375 0.9140625 0.0390625 0.04296875
1 0.462890625 0.916015625 0.029296875 0.046875
5 0.3173828125 0.74609375 0.078125 0.111328125
5 0.439453125 0.9326171875 0.07421875 0.134765625
3 0.3271484375 0.728515625 0.1171875 0.171875
3 0.451171875 0.892578125 0.13671875 0.21484375
2 0.4306640625 0.8515625 0.0390625 0.05859375
6 0.4697265625 0.80859375 0.025390625 0.033203125
5 0.908203125 0.544921875 0.18359375 0.30078125
0 0.841796875 0.7568359375 0.119140625 0.09765625
3 0.853515625 0.6708984375 0.29296875 0.548828125