5 0.5234375 0.18359375 0.302734375 0.306640625
0 0.353515625 0.3173828125 0.09765625 0.0859375
4 0.4580078125 0.576171875 0.197265625 0.16796875
4 0.38671875 0.494140625 0.08984375 0.134765625
3 0.447265625 0.330078125 0.48046875 0.66015625
5 0.7783203125 0.3447265625 0.443359375 0.587890625
3 0.7646484375 0.396484375 0.470703125 0.73046875
6 0.7236328125 0.6533203125 0.20703125 0.150390625
5 0.3349609375 0.75 0.392578125 0.33984375
3 0.2841796875 0.779296875 0.494140625 0.44140625
3 0.7216796875 0.798828125 0.169921875 0.203125
3 0.853515625 0.849609375 0.19140625 0.23828125