0 0.330078125 0.046875 0.0458984375 0.0380859375
4 0.3837890625 0.169921875 0.0380859375 0.072265625
4 0.41796875 0.162109375 0.01953125 0.0693359375
3 0.3642578125 0.1083984375 0.126953125 0.216796875
5 0.7177734375 0.20703125 0.3681640625 0.4130859375
3 0.720703125 0.28515625 0.5380859375 0.5693359375
1 0.2744140625 0.595703125 0.14453125 0.052734375
5 0.2705078125 0.767578125 0.240234375 0.25
3 0.2587890625 0.7841796875 0.337890625 0.431640625
4 0.5673828125 0.5830078125 0.0869140625 0.0263671875
4 0.697265625 0.6005859375 0.1103515625 0.0625