0 0.0087890625 0.177734375 0.0166015625 0.04296875
1 0.8291015625 0.015625 0.0673828125 0.03125
1 0.98046875 0.0361328125 0.0380859375 0.072265625
5 0.6513671875 0.14453125 0.1103515625 0.2880859375
5 0.80859375 0.14453125 0.11328125 0.2880859375
5 0.5830078125 0.18359375 0.0458984375 0.208984375
5 0.4599609375 0.14453125 0.185546875 0.2880859375
5 0.7119140625 0.208984375 0.021484375 0.1396484375
5 0.744140625 0.228515625 0.041015625 0.1201171875
5 0.85546875 0.236328125 0.0244140625 0.103515625
5 0.9169921875 0.23046875 0.060546875 0.115234375
5 0.94921875 0.1962890625 0.1005859375 0.185546875
3 0.474609375 0.14453125 0.21875 0.2880859375
3 0.654296875 0.14453125 0.1298828125 0.2880859375
3 0.8017578125 0.14453125 0.146484375 0.2880859375
3 0.939453125 0.14453125 0.1201171875 0.2880859375
3 0.0478515625 0.6435546875 0.095703125 0.712890625
5 0.6669921875 0.423828125 0.40625 0.271484375
4 0.6962890625 0.865234375 0.20703125 0.16796875
4 0.814453125 0.8037109375 0.2236328125 0.134765625
0 0.6806640625 0.626953125 0.115234375 0.07421875
0 0.8857421875 0.5576171875 0.04296875 0.083984375
3 0.697265625 0.6142578125 0.4951171875 0.6513671875