5 0.1884765625 0.2763671875 0.234375 0.1953125
0 0.0830078125 0.4013671875 0.072265625 0.05078125
0 0.318359375 0.3994140625 0.060546875 0.052734375
1 0.1728515625 0.0927734375 0.140625 0.0546875
3 0.193359375 0.2607421875 0.34375 0.396484375
4 0.9541015625 0.216796875 0.091796875 0.125
5 0.1875 0.681640625 0.23046875 0.197265625
0 0.0791015625 0.80859375 0.060546875 0.046875
0 0.30859375 0.8017578125 0.0625 0.05859375
4 0.146484375 0.9580078125 0.08203125 0.083984375
4 0.2900390625 0.958984375 0.08984375 0.08203125
1 0.16796875 0.501953125 0.12890625 0.060546875
3 0.1982421875 0.7333984375 0.359375 0.533203125
0 0.716796875 0.48828125 0.060546875 0.05859375
4 0.6875 0.66796875 0.05859375 0.12109375