5 0.3359375 0.296875 0.12890625 0.23828125
1 0.314453125 0.0634765625 0.1171875 0.087890625
3 0.2998046875 0.2236328125 0.201171875 0.3984375
3 0.6005859375 0.1591796875 0.259765625 0.318359375
3 0.51171875 0.1435546875 0.2109375 0.287109375
0 0.2802734375 0.435546875 0.05859375 0.041015625
5 0.34765625 0.5654296875 0.15234375 0.26171875
3 0.3154296875 0.703125 0.271484375 0.59375
5 0.7744140625 0.4716796875 0.263671875 0.21484375
0 0.7919921875 0.61328125 0.1015625 0.080078125
4 0.736328125 0.7705078125 0.1953125 0.130859375
4 0.90625 0.7900390625 0.1875 0.146484375
3 0.796875 0.6201171875 0.40625 0.529296875