5 0.09765625 0.21875 0.1943359375 0.26953125
0 0.2177734375 0.375 0.0673828125 0.07421875
3 0.140625 0.259765625 0.28125 0.51953125
3 0.8583984375 0.296875 0.283203125 0.4443359375
5 0.8955078125 0.30078125 0.208984375 0.2021484375
0 0.787109375 0.4384765625 0.0693359375 0.0478515625
1 0.8916015625 0.1083984375 0.13671875 0.0625
1 0.0693359375 0.625 0.138671875 0.14453125
1 0.4072265625 0.619140625 0.103515625 0.1513671875
5 0.09765625 0.896484375 0.1943359375 0.20703125
5 0.38671875 0.8974609375 0.14453125 0.2041015625
3 0.337890625 0.765625 0.2431640625 0.46875
3 0.1064453125 0.7626953125 0.212890625 0.474609375
5 0.783203125 0.6884765625 0.2646484375 0.26171875
0 0.7900390625 0.8603515625 0.0986328125 0.0625
4 0.708984375 0.9814453125 0.16015625 0.037109375
3 0.775390625 0.759765625 0.3583984375 0.48046875