3 0.203125 0.353515625 0.2978515625 0.6494140625
5 0.1884765625 0.279296875 0.26171875 0.2255859375
0 0.201171875 0.4423828125 0.0888671875 0.0576171875
4 0.1962890625 0.62109375 0.177734375 0.1318359375
4 0.2724609375 0.583984375 0.1396484375 0.1103515625
1 0.185546875 0.06640625 0.177734375 0.0673828125
1 0.556640625 0.33984375 0.0166015625 0.0458984375
1 0.611328125 0.361328125 0.041015625 0.04296875
1 0.6943359375 0.32421875 0.041015625 0.04296875
1 0.7353515625 0.361328125 0.0478515625 0.0693359375
1 0.87109375 0.396484375 0.0693359375 0.07421875
3 0.8818359375 0.5458984375 0.1494140625 0.408203125
3 0.728515625 0.5380859375 0.0869140625 0.4228515625
3 0.6875 0.5244140625 0.0771484375 0.4521484375
3 0.6201171875 0.541015625 0.091796875 0.41796875
3 0.5673828125 0.525390625 0.0380859375 0.44921875
5 0.2236328125 0.9052734375 0.345703125 0.189453125
3 0.2353515625 0.875 0.470703125 0.25
0 0.9326171875 0.826171875 0.134765625 0.1513671875
3 0.7734375 0.875 0.453125 0.25