4 0.2216796875 0.1044921875 0.083984375 0.11328125
4 0.341796875 0.0908203125 0.09765625 0.111328125
3 0.2431640625 0.0888671875 0.328125 0.162109375
3 0.8720703125 0.1728515625 0.220703125 0.345703125
0 0.8583984375 0.2421875 0.068359375 0.0546875
5 0.89453125 0.107421875 0.15234375 0.20703125
5 0.1728515625 0.4736328125 0.19921875 0.138671875
0 0.0791015625 0.56640625 0.0625 0.052734375
0 0.28515625 0.544921875 0.056640625 0.056640625
4 0.240234375 0.7001953125 0.078125 0.10546875
4 0.123046875 0.7099609375 0.080078125 0.10546875
3 0.1796875 0.58203125 0.341796875 0.3671875
5 0.8447265625 0.8115234375 0.310546875 0.333984375
3 0.806640625 0.7255859375 0.38671875 0.517578125