5 0.30859375 0.3212890625 0.21875 0.2666015625
0 0.341796875 0.5009765625 0.1005859375 0.0693359375
1 0.2666015625 0.078125 0.197265625 0.0771484375
3 0.2490234375 0.310546875 0.3388671875 0.5771484375
5 0.7490234375 0.232421875 0.333984375 0.2880859375
0 0.5517578125 0.4326171875 0.095703125 0.08203125
0 0.98046875 0.40625 0.0380859375 0.0869140625
4 0.59765625 0.580078125 0.103515625 0.0361328125
3 0.7353515625 0.298828125 0.525390625 0.59765625
1 0.248046875 0.830078125 0.158203125 0.1630859375
3 0.2353515625 0.861328125 0.365234375 0.2763671875
5 0.7236328125 0.634765625 0.2880859375 0.072265625
0 0.875 0.705078125 0.08203125 0.0693359375
0 0.591796875 0.7080078125 0.09375 0.064453125
4 0.64453125 0.904296875 0.1005859375 0.146484375
4 0.8056640625 0.91015625 0.1103515625 0.1513671875
3 0.720703125 0.79296875 0.45703125 0.3896484375