5 0.251953125 0.2763671875 0.220703125 0.1875
0 0.3798828125 0.390625 0.052734375 0.0478515625
0 0.1572265625 0.3974609375 0.064453125 0.04296875
4 0.228515625 0.5478515625 0.0771484375 0.10546875
4 0.357421875 0.5478515625 0.0986328125 0.1083984375
1 0.228515625 0.103515625 0.1201171875 0.052734375
3 0.2548828125 0.3486328125 0.3271484375 0.5478515625
5 0.7724609375 0.3974609375 0.248046875 0.4638671875
4 0.4521484375 0.689453125 0.083984375 0.052734375
4 0.5791015625 0.654296875 0.0576171875 0.0478515625
0 0.435546875 0.8603515625 0.1611328125 0.134765625
0 0.52734375 0.8291015625 0.1416015625 0.10546875
3 0.46484375 0.783203125 0.3291015625 0.3076171875
5 0.82421875 0.814453125 0.3505859375 0.3701171875
6 0.685546875 0.947265625 0.072265625 0.10546875