5 0.3037109375 0.0478515625 0.240234375 0.095703125
0 0.1962890625 0.11328125 0.07421875 0.0546875
0 0.431640625 0.123046875 0.0625 0.0546875
4 0.2568359375 0.2841796875 0.08984375 0.115234375
4 0.390625 0.2900390625 0.107421875 0.12109375
3 0.302734375 0.18359375 0.36328125 0.3671875
5 0.662109375 0.1884765625 0.3671875 0.376953125
3 0.7001953125 0.26953125 0.466796875 0.5390625
3 0.0751953125 0.7587890625 0.150390625 0.443359375
5 0.0517578125 0.787109375 0.103515625 0.23828125
0 0.0146484375 0.947265625 0.029296875 0.0546875
1 0.0361328125 0.5771484375 0.072265625 0.080078125
1 0.4853515625 0.8681640625 0.087890625 0.263671875
4 0.8974609375 0.693359375 0.130859375 0.15625
3 0.7197265625 0.7587890625 0.556640625 0.482421875