5 0.251953125 0.154296875 0.2568359375 0.2646484375
0 0.119140625 0.30859375 0.0888671875 0.0673828125
3 0.2294921875 0.18359375 0.353515625 0.3671875
3 0.7275390625 0.2294921875 0.314453125 0.2763671875
5 0.7041015625 0.29296875 0.259765625 0.1494140625
1 0.6826171875 0.1318359375 0.14453125 0.060546875
5 0.1826171875 0.8154296875 0.240234375 0.369140625
3 0.1865234375 0.734375 0.2958984375 0.53125
3 0.5322265625 0.7353515625 0.07421875 0.529296875
2 0.1787109375 0.548828125 0.1181640625 0.13671875
5 0.947265625 0.45703125 0.10546875 0.177734375
0 0.888671875 0.576171875 0.060546875 0.0458984375
4 0.96484375 0.751953125 0.0693359375 0.125
3 0.9169921875 0.595703125 0.166015625 0.45703125