0 0.263671875 0.0107421875 0.0625 0.021484375
3 0.2373046875 0.134765625 0.115234375 0.26953125
4 0.9345703125 0.421875 0.130859375 0.125
4 0.5732421875 0.3427734375 0.15234375 0.10546875
3 0.669921875 0.2421875 0.66015625 0.484375
5 0.048828125 0.6103515625 0.09765625 0.353515625
3 0.078125 0.7060546875 0.15625 0.548828125
1 0.6787109375 0.509765625 0.078125 0.0859375
1 0.81640625 0.603515625 0.07421875 0.130859375
1 0.9677734375 0.6650390625 0.052734375 0.1015625
5 0.6279296875 0.7626953125 0.1328125 0.423828125
5 0.7861328125 0.7861328125 0.1328125 0.330078125
5 0.5576171875 0.810546875 0.05859375 0.21875
5 0.4384765625 0.740234375 0.212890625 0.51953125
5 0.6845703125 0.8369140625 0.029296875 0.140625
5 0.7158203125 0.859375 0.046875 0.125
5 0.828125 0.87890625 0.033203125 0.1171875
5 0.8876953125 0.9013671875 0.0703125 0.1796875
5 0.923828125 0.8701171875 0.125 0.259765625
5 0.970703125 0.908203125 0.02734375 0.18359375
3 0.453125 0.7255859375 0.24609375 0.548828125
3 0.6318359375 0.7314453125 0.158203125 0.537109375
3 0.77734375 0.7646484375 0.171875 0.470703125
3 0.91796875 0.802734375 0.15234375 0.39453125