5 0.3896484375 0.3466796875 0.216796875 0.236328125
0 0.3330078125 0.5009765625 0.076171875 0.0703125
4 0.421875 0.5859375 0.0859375 0.052734375
1 0.36328125 0.1689453125 0.14453125 0.103515625
3 0.3642578125 0.375 0.349609375 0.515625
1 0.7958984375 0.0390625 0.126953125 0.078125
0 0.7978515625 0.1552734375 0.099609375 0.138671875
0 0.90234375 0.1240234375 0.0546875 0.1171875
5 0.8466796875 0.2333984375 0.20703125 0.279296875
3 0.81640625 0.2529296875 0.3671875 0.505859375
5 0.453125 0.82421875 0.390625 0.3515625
0 0.25 0.69140625 0.1796875 0.12109375
0 0.4931640625 0.6376953125 0.146484375 0.130859375
3 0.3427734375 0.78515625 0.611328125 0.4296875
5 0.734375 0.61328125 0.353515625 0.255859375
0 0.61328125 0.79296875 0.048828125 0.08203125
0 0.98046875 0.6484375 0.0390625 0.109375
4 0.818359375 0.9013671875 0.1875 0.103515625
3 0.76953125 0.7109375 0.4609375 0.53125