3 0.365234375 0.2021484375 0.37890625 0.404296875
5 0.3408203125 0.048828125 0.232421875 0.09375
0 0.44921875 0.1201171875 0.09765625 0.078125
0 0.224609375 0.1171875 0.064453125 0.060546875
4 0.4453125 0.31640625 0.1171875 0.142578125
4 0.3134765625 0.30078125 0.1484375 0.1328125
3 0.6484375 0.2734375 0.146484375 0.443359375
5 0.6162109375 0.2998046875 0.068359375 0.2265625
0 0.6630859375 0.435546875 0.068359375 0.064453125
5 0.3984375 0.7470703125 0.453125 0.505859375
3 0.376953125 0.7470703125 0.49609375 0.505859375
3 0.7578125 0.673828125 0.31640625 0.390625
5 0.73828125 0.55078125 0.2421875 0.138671875
4 0.6953125 0.8134765625 0.078125 0.119140625
4 0.8349609375 0.7998046875 0.109375 0.115234375
0 0.873046875 0.6279296875 0.0390625 0.05859375
0 0.6337890625 0.6533203125 0.05859375 0.052734375