4 0.4150390625 0.1611328125 0.1005859375 0.125
4 0.2705078125 0.1513671875 0.0791015625 0.1181640625
3 0.318359375 0.115234375 0.3818359375 0.23046875
5 0.759765625 0.2255859375 0.220703125 0.3896484375
3 0.798828125 0.2392578125 0.30078125 0.478515625
6 0.828125 0.408203125 0.1103515625 0.0693359375
5 0.091796875 0.76953125 0.154296875 0.1318359375
0 0.0146484375 0.859375 0.029296875 0.0361328125
0 0.1923828125 0.857421875 0.04296875 0.041015625
4 0.0419921875 0.9677734375 0.05078125 0.064453125
4 0.140625 0.970703125 0.0693359375 0.0576171875
1 0.0888671875 0.6396484375 0.0986328125 0.04296875
3 0.115234375 0.8095703125 0.23046875 0.380859375