5 0.3916015625 0.0087890625 0.181640625 0.017578125
0 0.4931640625 0.0400390625 0.056640625 0.056640625
0 0.3037109375 0.017578125 0.056640625 0.03515625
4 0.34375 0.1396484375 0.0859375 0.099609375
4 0.42578125 0.171875 0.087890625 0.1015625
3 0.373046875 0.1201171875 0.328125 0.240234375
0 0.9931640625 0.109375 0.013671875 0.01953125
3 0.9775390625 0.171875 0.044921875 0.1484375
5 0.400390625 0.80859375 0.201171875 0.19140625
0 0.2939453125 0.896484375 0.068359375 0.0625
1 0.4443359375 0.69140625 0.12109375 0.091796875
3 0.3720703125 0.806640625 0.296875 0.38671875
5 0.8681640625 0.5908203125 0.234375 0.140625
0 0.9609375 0.6826171875 0.029296875 0.05078125
0 0.7587890625 0.6455078125 0.072265625 0.056640625
4 0.7939453125 0.8076171875 0.1015625 0.12109375
4 0.9033203125 0.83203125 0.087890625 0.12109375
3 0.8203125 0.7109375 0.3515625 0.40234375