3 0.287109375 0.3037109375 0.421875 0.607421875
5 0.2919921875 0.1474609375 0.380859375 0.294921875
0 0.28515625 0.359375 0.1201171875 0.07421875
4 0.41015625 0.533203125 0.1806640625 0.134765625
4 0.314453125 0.5634765625 0.1923828125 0.0888671875
5 0.9267578125 0.1708984375 0.146484375 0.26953125
0 0.884765625 0.3505859375 0.095703125 0.0673828125
4 0.94140625 0.544921875 0.103515625 0.126953125
3 0.8857421875 0.3037109375 0.224609375 0.607421875
0 0.162109375 0.8037109375 0.32421875 0.3916015625
0 0.708984375 0.625 0.04296875 0.033203125
4 0.5791015625 0.802734375 0.1201171875 0.126953125
3 0.6318359375 0.7451171875 0.2646484375 0.2744140625