5 0.171875 0.2412109375 0.2666015625 0.2568359375
0 0.232421875 0.4072265625 0.1181640625 0.064453125
1 0.1494140625 0.025390625 0.20703125 0.05078125
3 0.169921875 0.2197265625 0.3388671875 0.439453125
5 0.736328125 0.2197265625 0.5166015625 0.439453125
5 0.248046875 0.50390625 0.2744140625 0.126953125
0 0.107421875 0.5712890625 0.052734375 0.0673828125
0 0.283203125 0.609375 0.1005859375 0.0693359375
4 0.271484375 0.826171875 0.146484375 0.1416015625
4 0.177734375 0.779296875 0.185546875 0.1298828125
3 0.240234375 0.6767578125 0.375 0.4736328125
0 0.69921875 0.82421875 0.4423828125 0.3505859375