5 0.41796875 0.0908203125 0.203125 0.181640625
0 0.31640625 0.205078125 0.080078125 0.0703125
3 0.380859375 0.1630859375 0.28125 0.326171875
0 0.7490234375 0.1328125 0.1171875 0.076171875
4 0.837890625 0.3212890625 0.181640625 0.1015625
3 0.8173828125 0.19921875 0.365234375 0.3671875
5 0.388671875 0.505859375 0.171875 0.162109375
0 0.296875 0.5888671875 0.0546875 0.04296875
4 0.3515625 0.7265625 0.072265625 0.09375
4 0.39453125 0.708984375 0.05859375 0.08203125
1 0.4130859375 0.3740234375 0.107421875 0.052734375
3 0.3623046875 0.5595703125 0.2421875 0.44921875
5 0.82421875 0.759765625 0.341796875 0.4453125
1 0.8759765625 0.427734375 0.166015625 0.109375
3 0.7626953125 0.67578125 0.474609375 0.6484375