5 0.103515625 0.0400390625 0.20703125 0.0791015625
0 0.2177734375 0.1005859375 0.0625 0.0556640625
0 0.0068359375 0.1083984375 0.013671875 0.052734375
4 0.203125 0.2861328125 0.1005859375 0.126953125
4 0.05859375 0.2763671875 0.0791015625 0.1181640625
3 0.1494140625 0.177734375 0.2978515625 0.35546875
3 0.8125 0.279296875 0.375 0.5576171875
5 0.869140625 0.087890625 0.26171875 0.17578125
0 0.728515625 0.2197265625 0.0986328125 0.0673828125
4 0.8642578125 0.455078125 0.16796875 0.1630859375
0 0.2744140625 0.859375 0.26953125 0.248046875
5 0.796875 0.6728515625 0.3583984375 0.23046875
0 0.828125 0.85546875 0.10546875 0.07421875
4 0.9111328125 0.978515625 0.177734375 0.04296875
3 0.8095703125 0.7783203125 0.380859375 0.443359375