0 0.05078125 0.080078125 0.09375 0.0625
4 0.076171875 0.2958984375 0.15234375 0.140625
4 0.03515625 0.240234375 0.0703125 0.125
3 0.109375 0.1884765625 0.21875 0.376953125
0 0.8037109375 0.0107421875 0.103515625 0.021484375
4 0.7861328125 0.197265625 0.1875 0.134765625
4 0.9375 0.1201171875 0.125 0.140625
3 0.8232421875 0.1318359375 0.353515625 0.263671875
1 0.390625 0.65625 0.052734375 0.060546875
5 0.380859375 0.84765625 0.1015625 0.2578125
3 0.38671875 0.8115234375 0.14453125 0.376953125
5 0.62109375 0.716796875 0.1171875 0.095703125
5 0.775390625 0.7080078125 0.11328125 0.10546875
2 0.734375 0.591796875 0.07421875 0.08984375
6 0.6455078125 0.7763671875 0.06640625 0.0625
6 0.7587890625 0.662109375 0.05078125 0.046875
2 0.517578125 0.4580078125 0.064453125 0.052734375