3 0.287109375 0.2548828125 0.353515625 0.509765625
5 0.291015625 0.0888671875 0.302734375 0.177734375
0 0.283203125 0.2255859375 0.1103515625 0.0771484375
4 0.302734375 0.4423828125 0.1875 0.134765625
4 0.255859375 0.3857421875 0.2138671875 0.13671875
3 0.884765625 0.2197265625 0.23046875 0.439453125
5 0.9091796875 0.052734375 0.181640625 0.10546875
0 0.9658203125 0.150390625 0.068359375 0.07421875
0 0.818359375 0.109375 0.064453125 0.060546875
4 0.9521484375 0.36328125 0.095703125 0.14453125
4 0.890625 0.318359375 0.17578125 0.125
3 0.4462890625 0.7548828125 0.2666015625 0.490234375
5 0.4794921875 0.75390625 0.19921875 0.2236328125
0 0.4111328125 0.9013671875 0.1181640625 0.052734375
1 0.48046875 0.546875 0.154296875 0.0673828125
5 0.9404296875 0.6826171875 0.119140625 0.119140625
0 0.865234375 0.763671875 0.029296875 0.0361328125
4 0.9306640625 0.865234375 0.0478515625 0.0693359375
4 0.9736328125 0.8544921875 0.05078125 0.0576171875
1 0.947265625 0.5888671875 0.0771484375 0.0380859375
3 0.916015625 0.734375 0.16796875 0.333984375