5 0.2607421875 0.3798828125 0.126953125 0.1171875
0 0.2138671875 0.4501953125 0.04296875 0.0390625
0 0.34765625 0.419921875 0.033203125 0.03125
4 0.302734375 0.5224609375 0.056640625 0.060546875
4 0.248046875 0.5322265625 0.048828125 0.0625
1 0.2490234375 0.29296875 0.0625 0.037109375
3 0.2734375 0.41796875 0.22265625 0.30859375
1 0.54296875 0.2353515625 0.046875 0.052734375
1 0.6513671875 0.1845703125 0.0390625 0.041015625
1 0.751953125 0.1767578125 0.0390625 0.04296875
1 0.8330078125 0.1572265625 0.044921875 0.0546875
1 0.890625 0.1396484375 0.0625 0.0625
4 0.603515625 0.5888671875 0.02734375 0.0390625
4 0.6298828125 0.564453125 0.041015625 0.029296875
4 0.7392578125 0.509765625 0.025390625 0.025390625
4 0.7802734375 0.5048828125 0.03125 0.033203125
4 0.83203125 0.5322265625 0.037109375 0.03125
4 0.8671875 0.5419921875 0.02734375 0.03515625
4 0.9169921875 0.537109375 0.046875 0.02734375
4 0.9521484375 0.5537109375 0.029296875 0.03125
3 0.57421875 0.4111328125 0.23828125 0.45703125
3 0.6982421875 0.3447265625 0.19921875 0.408203125
3 0.8017578125 0.3544921875 0.1796875 0.443359375
3 0.9228515625 0.345703125 0.154296875 0.5234375
3 0.8828125 0.3525390625 0.18359375 0.462890625
6 0.548828125 0.4267578125 0.025390625 0.0390625
6 0.61328125 0.400390625 0.025390625 0.0390625
6 0.970703125 0.3779296875 0.037109375 0.05078125
6 0.6943359375 0.3251953125 0.025390625 0.029296875
6 0.7060546875 0.3388671875 0.03125 0.03125
6 0.82421875 0.3369140625 0.033203125 0.041015625
6 0.76953125 0.3427734375 0.021484375 0.029296875
6 0.861328125 0.3662109375 0.025390625 0.044921875
1 0.1201171875 0.8818359375 0.150390625 0.236328125
1 0.2431640625 0.861328125 0.333984375 0.27734375
1 0.37109375 0.8916015625 0.2109375 0.216796875
5 0.7197265625 0.8662109375 0.142578125 0.15625
0 0.783203125 0.94140625 0.06640625 0.037109375
1 0.69921875 0.736328125 0.107421875 0.060546875
3 0.7138671875 0.8369140625 0.267578125 0.294921875