5 0.169921875 0.302734375 0.279296875 0.25
0 0.310546875 0.4619140625 0.0869140625 0.0625
0 0.0380859375 0.462890625 0.076171875 0.0625
1 0.1708984375 0.0673828125 0.1826171875 0.0791015625
3 0.1875 0.31640625 0.375 0.583984375
0 0.7646484375 0.31640625 0.1513671875 0.208984375
3 0.7724609375 0.3037109375 0.310546875 0.607421875
0 0.15625 0.9716796875 0.09375 0.056640625
0 0.0478515625 0.9462890625 0.0625 0.0986328125
3 0.240234375 0.8037109375 0.48046875 0.3916015625
2 0.259765625 0.662109375 0.134765625 0.1083984375
4 0.666015625 0.734375 0.095703125 0.1513671875
3 0.701171875 0.72265625 0.166015625 0.228515625