3 0.41796875 0.1103515625 0.3603515625 0.220703125
4 0.513671875 0.1474609375 0.091796875 0.1513671875
4 0.3798828125 0.12109375 0.1416015625 0.126953125
3 0.87890625 0.232421875 0.21875 0.376953125
5 0.87890625 0.1806640625 0.1416015625 0.1298828125
0 0.8076171875 0.2607421875 0.0458984375 0.041015625
0 0.9599609375 0.265625 0.0361328125 0.04296875
4 0.888671875 0.375 0.0673828125 0.0791015625
4 0.822265625 0.365234375 0.05078125 0.0673828125
1 0.89453125 0.0634765625 0.0869140625 0.033203125
1 0.080078125 0.51171875 0.1083984375 0.0693359375
1 0.2666015625 0.53515625 0.10546875 0.060546875
1 0.419921875 0.486328125 0.126953125 0.0625
5 0.06640625 0.6728515625 0.1318359375 0.2353515625
5 0.25 0.693359375 0.2138671875 0.189453125
5 0.490234375 0.65625 0.216796875 0.23046875
3 0.46484375 0.7138671875 0.2666015625 0.572265625
3 0.2646484375 0.7392578125 0.3076171875 0.521484375
3 0.078125 0.7138671875 0.15625 0.572265625
6 0.48828125 0.7880859375 0.0556640625 0.064453125
6 0.1259765625 0.6943359375 0.05078125 0.07421875
6 0.2724609375 0.7744140625 0.0791015625 0.0478515625
0 0.642578125 0.4599609375 0.0478515625 0.0361328125
0 0.80859375 0.4521484375 0.0380859375 0.04296875
4 0.6982421875 0.56640625 0.060546875 0.0693359375
4 0.7548828125 0.55078125 0.0625 0.0673828125
3 0.728515625 0.5166015625 0.220703125 0.177734375