4 0.48046875 0.0263671875 0.08984375 0.052734375
4 0.361328125 0.0234375 0.0859375 0.046875
0 0.7998046875 0.015625 0.0390625 0.013671875
0 0.953125 0.021484375 0.046875 0.013671875
4 0.900390625 0.1220703125 0.0703125 0.07421875
4 0.8330078125 0.10546875 0.044921875 0.0625
3 0.875 0.0888671875 0.236328125 0.16015625
5 0.2666015625 0.3583984375 0.142578125 0.078125
0 0.3525390625 0.4130859375 0.0234375 0.0390625
0 0.1923828125 0.40625 0.048828125 0.0390625
4 0.216796875 0.509765625 0.0546875 0.068359375
4 0.28125 0.5283203125 0.060546875 0.076171875
3 0.26171875 0.4501953125 0.259765625 0.267578125
1 0.685546875 0.3759765625 0.146484375 0.083984375
5 0.6748046875 0.5595703125 0.248046875 0.2578125
1 0.9443359375 0.39453125 0.111328125 0.1015625
5 0.921875 0.5546875 0.15625 0.24609375
4 0.546875 0.986328125 0.109375 0.02734375
4 0.7138671875 0.984375 0.126953125 0.03125
4 0.904296875 0.982421875 0.1171875 0.03515625
3 0.896484375 0.6689453125 0.20703125 0.662109375
3 0.666015625 0.6640625 0.34765625 0.671875