5 0.3603515625 0.3173828125 0.279296875 0.234375
1 0.31640625 0.103515625 0.2265625 0.103515625
3 0.330078125 0.244140625 0.341796875 0.392578125
4 0.923828125 0.1005859375 0.08984375 0.158203125
4 0.77734375 0.1083984375 0.138671875 0.1484375
3 0.796875 0.1025390625 0.33984375 0.205078125
5 0.2802734375 0.703125 0.560546875 0.59375
5 0.8203125 0.4765625 0.27734375 0.228515625
0 0.96484375 0.5966796875 0.0703125 0.064453125
0 0.7236328125 0.625 0.078125 0.068359375
4 0.9326171875 0.7841796875 0.109375 0.138671875
4 0.7919921875 0.798828125 0.1015625 0.134765625
3 0.8154296875 0.615234375 0.369140625 0.515625