3 0.16015625 0.2548828125 0.3193359375 0.509765625
5 0.1494140625 0.142578125 0.248046875 0.208984375
0 0.1162109375 0.287109375 0.0888671875 0.0576171875
0 0.2802734375 0.251953125 0.0556640625 0.0625
4 0.1240234375 0.4521484375 0.1611328125 0.115234375
4 0.23828125 0.42578125 0.154296875 0.1103515625
1 0.4951171875 0.0107421875 0.1103515625 0.021484375
1 0.712890625 0.0166015625 0.0888671875 0.033203125
5 0.4697265625 0.27734375 0.1728515625 0.384765625
5 0.755859375 0.263671875 0.2041015625 0.4443359375
0 0.712890625 0.21484375 0.09375 0.103515625
0 0.6240234375 0.294921875 0.029296875 0.072265625
3 0.4697265625 0.2548828125 0.2666015625 0.509765625
3 0.9091796875 0.2548828125 0.181640625 0.509765625
3 0.7451171875 0.2548828125 0.2880859375 0.509765625
5 0.021484375 0.619140625 0.04296875 0.1416015625
4 0.029296875 0.8271484375 0.0576171875 0.0625
3 0.037109375 0.685546875 0.07421875 0.3505859375
5 0.6767578125 0.8076171875 0.146484375 0.1416015625
0 0.685546875 0.90234375 0.05078125 0.04296875
4 0.60546875 0.9833984375 0.1201171875 0.033203125
4 0.70703125 0.9912109375 0.1103515625 0.0166015625
1 0.673828125 0.669921875 0.1005859375 0.04296875
3 0.658203125 0.8232421875 0.240234375 0.353515625