5 0.1083984375 0.154296875 0.216796875 0.2646484375
0 0.115234375 0.328125 0.1005859375 0.0693359375
4 0.1025390625 0.53125 0.146484375 0.115234375
4 0.05078125 0.49609375 0.1005859375 0.126953125
3 0.1298828125 0.294921875 0.259765625 0.5888671875
0 0.6826171875 0.298828125 0.384765625 0.216796875
0 0.8212890625 0.455078125 0.2958984375 0.2666015625
3 0.6943359375 0.294921875 0.552734375 0.5888671875
3 0.2822265625 0.7939453125 0.271484375 0.412109375
5 0.7919921875 0.7939453125 0.271484375 0.412109375
5 0.615234375 0.896484375 0.1005859375 0.20703125
5 0.4892578125 0.8974609375 0.1416015625 0.2041015625