3 0.189453125 0.224609375 0.365234375 0.44921875
5 0.1767578125 0.197265625 0.2451171875 0.23828125
0 0.2919921875 0.345703125 0.0888671875 0.064453125
0 0.0634765625 0.3369140625 0.060546875 0.052734375
1 0.1611328125 0.0087890625 0.1826171875 0.0166015625
5 0.7958984375 0.2353515625 0.2041015625 0.1728515625
0 0.708984375 0.3505859375 0.0556640625 0.041015625
0 0.9169921875 0.3349609375 0.05078125 0.05078125
1 0.76953125 0.0791015625 0.1083984375 0.05078125
3 0.8017578125 0.2509765625 0.30078125 0.396484375
3 0.134765625 0.6572265625 0.26953125 0.416015625
5 0.103515625 0.51171875 0.20703125 0.125
0 0.216796875 0.59765625 0.0791015625 0.0576171875
4 0.193359375 0.783203125 0.103515625 0.134765625
4 0.048828125 0.775390625 0.09765625 0.12109375
5 0.5107421875 0.6337890625 0.11328125 0.2744140625
3 0.5068359375 0.6826171875 0.134765625 0.466796875