3 0.15625 0.1787109375 0.3125 0.357421875
5 0.125 0.037109375 0.25 0.07421875
0 0.107421875 0.115234375 0.0888671875 0.0625
0 0.2724609375 0.0791015625 0.064453125 0.060546875
4 0.1142578125 0.2919921875 0.1630859375 0.125
4 0.240234375 0.2568359375 0.19921875 0.1005859375
0 0.6083984375 0.427734375 0.1728515625 0.1630859375
5 0.833984375 0.19140625 0.33203125 0.3818359375
3 0.74609375 0.2548828125 0.5068359375 0.509765625
5 0.375 0.6962890625 0.134765625 0.1201171875
0 0.4541015625 0.7568359375 0.029296875 0.033203125
0 0.3056640625 0.77734375 0.0380859375 0.033203125
4 0.349609375 0.875 0.0458984375 0.064453125
4 0.419921875 0.8798828125 0.060546875 0.0673828125
1 0.357421875 0.587890625 0.083984375 0.041015625
3 0.3642578125 0.744140625 0.208984375 0.3583984375
3 0.79296875 0.7548828125 0.2978515625 0.490234375
5 0.7880859375 0.638671875 0.2451171875 0.23046875
0 0.8173828125 0.80078125 0.08203125 0.060546875
4 0.79296875 0.958984375 0.197265625 0.08203125
4 0.8603515625 0.9423828125 0.126953125 0.115234375