3 0.26171875 0.205078125 0.37890625 0.41015625
5 0.2587890625 0.140625 0.294921875 0.24609375
0 0.1875 0.2861328125 0.091796875 0.064453125
0 0.3994140625 0.26953125 0.05078125 0.05859375
3 0.8291015625 0.201171875 0.341796875 0.375
5 0.8623046875 0.06640625 0.25390625 0.09375
0 0.9814453125 0.134765625 0.037109375 0.05859375
0 0.7470703125 0.1318359375 0.08984375 0.0546875
4 0.767578125 0.3095703125 0.09765625 0.1328125
4 0.9189453125 0.3134765625 0.140625 0.138671875
5 0.22265625 0.6396484375 0.15625 0.134765625
0 0.1376953125 0.708984375 0.0390625 0.03515625
0 0.3125 0.72265625 0.0390625 0.046875
4 0.185546875 0.826171875 0.064453125 0.076171875
4 0.2607421875 0.8232421875 0.060546875 0.064453125
1 0.224609375 0.5263671875 0.099609375 0.05078125
3 0.228515625 0.6875 0.255859375 0.388671875
5 0.90625 0.4931640625 0.1875 0.095703125
0 0.7841796875 0.5517578125 0.0546875 0.0546875
4 0.81640625 0.6904296875 0.0859375 0.095703125
4 0.927734375 0.708984375 0.099609375 0.103515625
3 0.859375 0.6015625 0.28125 0.32421875