5 0.154296875 0.306640625 0.1708984375 0.1513671875
0 0.2705078125 0.3955078125 0.03125 0.0458984375
0 0.068359375 0.4013671875 0.05078125 0.033203125
1 0.1474609375 0.1708984375 0.0986328125 0.0458984375
3 0.1630859375 0.2802734375 0.283203125 0.2763671875
5 0.8134765625 0.1962890625 0.373046875 0.3916015625
3 0.3447265625 0.685546875 0.2666015625 0.533203125
5 0.3798828125 0.576171875 0.197265625 0.19921875
4 0.3369140625 0.876953125 0.083984375 0.123046875
4 0.451171875 0.87109375 0.0556640625 0.11328125
0 0.28125 0.7099609375 0.0673828125 0.05078125
3 0.716796875 0.6552734375 0.365234375 0.4736328125
5 0.7021484375 0.501953125 0.2451171875 0.16796875
0 0.818359375 0.6181640625 0.0888671875 0.064453125
0 0.58984375 0.6083984375 0.060546875 0.052734375
4 0.8056640625 0.814453125 0.09375 0.134765625
4 0.67578125 0.7880859375 0.1298828125 0.1318359375