3 0.1240234375 0.2158203125 0.248046875 0.388671875
5 0.1044921875 0.15625 0.208984375 0.26171875
0 0.041015625 0.326171875 0.08203125 0.08203125
3 0.7001953125 0.181640625 0.396484375 0.36328125
5 0.6865234375 0.1337890625 0.265625 0.2578125
0 0.814453125 0.2724609375 0.09375 0.0703125
0 0.5859375 0.2822265625 0.064453125 0.05859375
3 0.8056640625 0.5859375 0.388671875 0.5234375
5 0.791015625 0.4482421875 0.279296875 0.234375
0 0.9287109375 0.5703125 0.08984375 0.072265625
0 0.6904296875 0.5888671875 0.060546875 0.060546875
4 0.9287109375 0.75390625 0.103515625 0.13671875
4 0.7939453125 0.755859375 0.125 0.12890625