3 0.4541015625 0.2294921875 0.244140625 0.458984375
5 0.46875 0.076171875 0.1953125 0.15234375
0 0.3837890625 0.1748046875 0.068359375 0.05859375
4 0.5625 0.3837890625 0.03125 0.13671875
4 0.4755859375 0.3564453125 0.13671875 0.123046875
3 0.615234375 0.2373046875 0.10546875 0.474609375
4 0.6083984375 0.3662109375 0.0703125 0.11328125
5 0.4697265625 0.8896484375 0.251953125 0.220703125
1 0.5048828125 0.611328125 0.16015625 0.11328125
3 0.4248046875 0.7763671875 0.341796875 0.447265625
4 0.80859375 0.6572265625 0.08203125 0.107421875
4 0.9375 0.65234375 0.1015625 0.111328125
3 0.8330078125 0.6376953125 0.333984375 0.197265625