0 0.326171875 0.0947265625 0.06640625 0.083984375
0 0.123046875 0.20703125 0.125 0.099609375
4 0.31640625 0.33203125 0.224609375 0.1875
4 0.197265625 0.3994140625 0.19140625 0.185546875
3 0.244140625 0.267578125 0.48828125 0.5078125
5 0.671875 0.185546875 0.37890625 0.37109375
0 0.830078125 0.2783203125 0.10546875 0.078125
3 0.6826171875 0.185546875 0.396484375 0.37109375
3 0.5 0.5849609375 0.365234375 0.42578125
5 0.4853515625 0.44140625 0.24609375 0.138671875
0 0.4775390625 0.53125 0.1015625 0.08203125
4 0.541015625 0.689453125 0.181640625 0.171875
4 0.60546875 0.638671875 0.12890625 0.1328125
5 0.75390625 0.5087890625 0.310546875 0.3203125
0 0.923828125 0.6416015625 0.087890625 0.080078125
4 0.919921875 0.8408203125 0.134765625 0.1484375
4 0.7734375 0.880859375 0.125 0.14453125
1 0.79296875 0.6201171875 0.4140625 0.662109375