5 0.2705078125 0.265625 0.2958984375 0.28125
0 0.09375 0.4228515625 0.060546875 0.0693359375
0 0.4267578125 0.4541015625 0.1103515625 0.0791015625
4 0.310546875 0.638671875 0.16796875 0.123046875
4 0.130859375 0.6474609375 0.146484375 0.103515625
1 0.279296875 0.0244140625 0.197265625 0.0478515625
3 0.2607421875 0.349609375 0.46875 0.69921875
5 0.6455078125 0.4228515625 0.09375 0.3076171875
0 0.783203125 0.5791015625 0.072265625 0.0869140625
1 0.638671875 0.130859375 0.0791015625 0.0888671875
3 0.7177734375 0.392578125 0.23828125 0.61328125
4 0.22265625 0.740234375 0.1181640625 0.08203125
4 0.06640625 0.71484375 0.0693359375 0.03125
4 0.90625 0.80078125 0.1103515625 0.146484375
3 0.8662109375 0.8212890625 0.2666015625 0.2431640625