5 0.025390625 0.2109375 0.05078125 0.22265625
0 0.0693359375 0.3291015625 0.091796875 0.0859375
4 0.046875 0.4765625 0.09375 0.0546875
3 0.0712890625 0.296875 0.142578125 0.4140625
0 0.369140625 0.03125 0.064453125 0.0390625
4 0.486328125 0.2412109375 0.14453125 0.181640625
4 0.64453125 0.1611328125 0.1796875 0.15625
3 0.5791015625 0.169921875 0.505859375 0.33984375
5 0.65625 0.70703125 0.326171875 0.328125
0 0.6953125 0.8837890625 0.11328125 0.08984375
1 0.583984375 0.4697265625 0.2265625 0.125
3 0.64453125 0.689453125 0.44140625 0.62109375