5 0.298828125 0.1435546875 0.19921875 0.1796875
0 0.1875 0.2587890625 0.0546875 0.046875
0 0.427734375 0.2421875 0.044921875 0.0546875
4 0.2294921875 0.3671875 0.0859375 0.06640625
4 0.3486328125 0.3701171875 0.09765625 0.05078125
3 0.302734375 0.201171875 0.328125 0.3984375
5 0.46484375 0.5517578125 0.201171875 0.18359375
0 0.3427734375 0.6689453125 0.048828125 0.048828125
0 0.6181640625 0.6435546875 0.03515625 0.056640625
4 0.40625 0.8232421875 0.076171875 0.107421875
4 0.5048828125 0.802734375 0.09765625 0.09765625
1 0.4697265625 0.4052734375 0.119140625 0.033203125
3 0.466796875 0.6328125 0.353515625 0.49609375
5 0.6494140625 0.4541015625 0.046875 0.126953125
0 0.7021484375 0.5263671875 0.037109375 0.044921875
4 0.662109375 0.6435546875 0.05859375 0.068359375
3 0.681640625 0.5361328125 0.111328125 0.30859375