3 0.3974609375 0.2568359375 0.123046875 0.513671875
5 0.4111328125 0.115234375 0.095703125 0.23046875
4 0.431640625 0.4541015625 0.0556640625 0.134765625
5 0.861328125 0.2666015625 0.2763671875 0.533203125
3 0.802734375 0.30859375 0.39453125 0.6171875
6 0.9384765625 0.5263671875 0.123046875 0.14453125
6 0.8173828125 0.50390625 0.13671875 0.126953125
4 0.3916015625 0.6416015625 0.0673828125 0.0478515625
4 0.3232421875 0.630859375 0.041015625 0.0263671875
1 0.4912109375 0.650390625 0.064453125 0.064453125
0 0.5751953125 0.9296875 0.080078125 0.140625
0 0.8974609375 0.822265625 0.0791015625 0.083984375
3 0.9267578125 0.80859375 0.146484375 0.3818359375
3 0.58203125 0.80859375 0.2451171875 0.3818359375