5 0.3349609375 0.2177734375 0.087890625 0.16015625
0 0.2890625 0.314453125 0.05859375 0.056640625
4 0.3154296875 0.44140625 0.03515625 0.0859375
1 0.3740234375 0.0859375 0.0390625 0.05078125
3 0.3017578125 0.275390625 0.185546875 0.466796875
3 0.7822265625 0.2568359375 0.376953125 0.470703125
5 0.7919921875 0.1025390625 0.275390625 0.158203125
4 0.76171875 0.3994140625 0.205078125 0.15625
4 0.837890625 0.35546875 0.17578125 0.1484375
0 0.8134765625 0.21484375 0.087890625 0.0703125
5 0.048828125 0.8193359375 0.09765625 0.220703125
3 0.5224609375 0.8544921875 0.400390625 0.291015625
5 0.5302734375 0.93359375 0.283203125 0.1328125
1 0.5380859375 0.7822265625 0.19921875 0.1015625