5 0.18359375 0.2548828125 0.3515625 0.322265625
0 0.111328125 0.216796875 0.142578125 0.095703125
0 0.2412109375 0.2041015625 0.1328125 0.095703125
4 0.228515625 0.564453125 0.115234375 0.052734375
3 0.232421875 0.31640625 0.46484375 0.59765625
1 0.3974609375 0.0283203125 0.06640625 0.046875
3 0.5166015625 0.267578125 0.306640625 0.53515625
3 0.4736328125 0.318359375 0.177734375 0.4375
1 0.306640625 0.7666015625 0.12109375 0.130859375
0 0.2978515625 0.91015625 0.091796875 0.13671875
0 0.4150390625 0.88671875 0.06640625 0.119140625
5 0.3310546875 0.92578125 0.177734375 0.1484375
3 0.30859375 0.8310546875 0.32421875 0.337890625
1 0.6533203125 0.5439453125 0.16015625 0.11328125
3 0.6513671875 0.69921875 0.37109375 0.44140625