5 0.42578125 0.287109375 0.287109375 0.3046875
0 0.26953125 0.416015625 0.0625 0.07421875
0 0.4833984375 0.4609375 0.11328125 0.044921875
1 0.4609375 0.0478515625 0.20703125 0.095703125
3 0.4482421875 0.24609375 0.466796875 0.4921875
5 0.90625 0.1826171875 0.1875 0.287109375
0 0.9482421875 0.365234375 0.103515625 0.08203125
4 0.9365234375 0.4970703125 0.126953125 0.083984375
3 0.884765625 0.287109375 0.23046875 0.50390625
5 0.384765625 0.763671875 0.3359375 0.287109375
0 0.5322265625 0.9375 0.0703125 0.076171875
0 0.2421875 0.9189453125 0.09375 0.078125
1 0.40234375 0.5234375 0.185546875 0.099609375
3 0.3818359375 0.7275390625 0.490234375 0.544921875
0 0.8525390625 0.7685546875 0.287109375 0.462890625