1 0.3173828125 0.0517578125 0.04296875 0.0791015625
3 0.294921875 0.18359375 0.0859375 0.3671875
5 0.525390625 0.1552734375 0.1513671875 0.310546875
0 0.5634765625 0.0244140625 0.0458984375 0.0478515625
3 0.541015625 0.18359375 0.26953125 0.3671875
1 0.150390625 0.3759765625 0.0263671875 0.0166015625
1 0.072265625 0.615234375 0.029296875 0.0361328125
1 0.162109375 0.7080078125 0.01953125 0.0361328125
1 0.134765625 0.82421875 0.029296875 0.041015625
1 0.2236328125 0.9072265625 0.03125 0.029296875
5 0.21875 0.962890625 0.0380859375 0.07421875
0 0.1728515625 0.478515625 0.0146484375 0.0244140625
0 0.09765625 0.677734375 0.021484375 0.0263671875
0 0.099609375 0.880859375 0.0166015625 0.01953125
3 0.0732421875 0.39453125 0.09375 0.052734375
3 0.1494140625 0.46875 0.0673828125 0.2021484375
3 0.08203125 0.70703125 0.060546875 0.23046875
3 0.1337890625 0.890625 0.0888671875 0.21875
3 0.205078125 0.9443359375 0.064453125 0.1103515625
1 0.41015625 0.4208984375 0.1416015625 0.10546875
5 0.7255859375 0.7353515625 0.271484375 0.5
3 0.4365234375 0.68359375 0.1943359375 0.6318359375
3 0.71484375 0.68359375 0.291015625 0.6318359375
6 0.4677734375 0.853515625 0.0576171875 0.09375