0 0.4072265625 0.37890625 0.064453125 0.0791015625
3 0.349609375 0.25 0.1806640625 0.5
0 0.8759765625 0.0673828125 0.07421875 0.064453125
0 0.58984375 0.0712890625 0.08203125 0.0673828125
4 0.8212890625 0.275390625 0.1103515625 0.1494140625
4 0.658203125 0.275390625 0.1103515625 0.1416015625
3 0.720703125 0.17578125 0.427734375 0.3505859375
5 0.171875 0.6728515625 0.220703125 0.1806640625
0 0.076171875 0.79296875 0.0625 0.0458984375
0 0.29296875 0.7822265625 0.05078125 0.0556640625
4 0.2763671875 0.935546875 0.09375 0.0986328125
4 0.15625 0.9375 0.0791015625 0.10546875
1 0.1416015625 0.51953125 0.115234375 0.0380859375
3 0.1767578125 0.748046875 0.3291015625 0.4951171875
5 0.48828125 0.7900390625 0.095703125 0.26171875
0 0.5458984375 0.9482421875 0.0361328125 0.0986328125
1 0.4521484375 0.5361328125 0.0244140625 0.072265625