5 0.216796875 0.224609375 0.189453125 0.1708984375
0 0.111328125 0.3330078125 0.0458984375 0.0478515625
0 0.3388671875 0.3291015625 0.0380859375 0.0576171875
4 0.228515625 0.474609375 0.0625 0.1005859375
4 0.1318359375 0.4677734375 0.064453125 0.09375
1 0.2294921875 0.072265625 0.115234375 0.0478515625
3 0.21875 0.28515625 0.3076171875 0.490234375
3 0.6103515625 0.36328125 0.125 0.634765625
5 0.58203125 0.28515625 0.0673828125 0.228515625
0 0.6103515625 0.4267578125 0.08203125 0.064453125
4 0.5947265625 0.609375 0.091796875 0.1298828125
5 0.443359375 0.7197265625 0.185546875 0.060546875
0 0.330078125 0.771484375 0.0576171875 0.05078125
4 0.46875 0.92578125 0.0869140625 0.103515625
4 0.357421875 0.9052734375 0.064453125 0.0771484375
3 0.41796875 0.8349609375 0.259765625 0.291015625
3 0.9541015625 0.8447265625 0.091796875 0.310546875