5 0.2548828125 0.1494140625 0.306640625 0.298828125
0 0.23046875 0.318359375 0.107421875 0.078125
3 0.2373046875 0.2275390625 0.435546875 0.455078125
5 0.7578125 0.1416015625 0.13671875 0.21875
0 0.8037109375 0.279296875 0.08203125 0.07421875
4 0.712890625 0.4580078125 0.1328125 0.130859375
3 0.775390625 0.2841796875 0.267578125 0.50390625
5 0.419921875 0.595703125 0.310546875 0.302734375
0 0.4296875 0.7734375 0.126953125 0.08203125
0 0.2578125 0.7041015625 0.064453125 0.08203125
4 0.3798828125 0.9501953125 0.15625 0.095703125
4 0.283203125 0.9140625 0.197265625 0.138671875
3 0.3916015625 0.7158203125 0.486328125 0.568359375
0 0.6123046875 0.7490234375 0.037109375 0.046875