3 0.5625 0.0693359375 0.21875 0.138671875
4 0.5732421875 0.095703125 0.0673828125 0.0791015625
4 0.5068359375 0.0869140625 0.05078125 0.0673828125
1 0.12890625 0.63671875 0.1005859375 0.0888671875
1 0.337890625 0.64453125 0.1005859375 0.091796875
5 0.14453125 0.8271484375 0.1630859375 0.3173828125
5 0.333984375 0.830078125 0.1494140625 0.28125
0 0.109375 0.9541015625 0.064453125 0.091796875
0 0.306640625 0.9326171875 0.060546875 0.095703125
3 0.330078125 0.7958984375 0.15625 0.408203125
3 0.125 0.791015625 0.1923828125 0.41796875
5 0.60546875 0.8447265625 0.3603515625 0.310546875
1 0.6103515625 0.5087890625 0.1826171875 0.060546875
3 0.646484375 0.7392578125 0.4755859375 0.521484375