3 0.1552734375 0.2138671875 0.310546875 0.427734375
5 0.140625 0.107421875 0.28125 0.2138671875
0 0.103515625 0.2568359375 0.0869140625 0.07421875
4 0.0947265625 0.384765625 0.185546875 0.0869140625
1 0.654296875 0.3857421875 0.2548828125 0.083984375
3 0.7529296875 0.216796875 0.494140625 0.421875
3 0.1142578125 0.611328125 0.228515625 0.3681640625
5 0.0927734375 0.47265625 0.185546875 0.0888671875
0 0.19921875 0.5263671875 0.0556640625 0.060546875
4 0.0302734375 0.7333984375 0.060546875 0.134765625
4 0.138671875 0.7099609375 0.1396484375 0.1201171875
3 0.8291015625 0.640625 0.341796875 0.42578125
5 0.8447265625 0.4736328125 0.2958984375 0.091796875
0 0.876953125 0.5625 0.091796875 0.072265625
0 0.6962890625 0.5263671875 0.060546875 0.0576171875
4 0.8798828125 0.77734375 0.154296875 0.146484375
4 0.78125 0.73046875 0.1630859375 0.1201171875