5 0.4443359375 0.2099609375 0.185546875 0.16796875
0 0.337890625 0.3193359375 0.05078125 0.041015625
0 0.5302734375 0.30859375 0.0166015625 0.0458984375
4 0.35546875 0.4326171875 0.0576171875 0.072265625
4 0.4833984375 0.4423828125 0.08203125 0.052734375
1 0.4580078125 0.072265625 0.1201171875 0.064453125
3 0.41796875 0.2548828125 0.240234375 0.427734375
5 0.6669921875 0.1181640625 0.220703125 0.1875
4 0.640625 0.3955078125 0.07421875 0.103515625
4 0.7705078125 0.39453125 0.083984375 0.103515625
0 0.5625 0.2392578125 0.0478515625 0.05078125
0 0.7880859375 0.2333984375 0.064453125 0.052734375
3 0.6865234375 0.232421875 0.2958984375 0.4638671875
3 0.1728515625 0.734375 0.3173828125 0.53125
5 0.1650390625 0.640625 0.2451171875 0.2333984375
0 0.18359375 0.8017578125 0.083984375 0.0576171875
4 0.166015625 0.9560546875 0.16796875 0.087890625
4 0.251953125 0.94140625 0.13671875 0.1103515625
5 0.689453125 0.572265625 0.115234375 0.1005859375
0 0.6240234375 0.6455078125 0.04296875 0.029296875
0 0.7607421875 0.634765625 0.029296875 0.03125
4 0.66796875 0.7353515625 0.0458984375 0.060546875
4 0.71875 0.728515625 0.0556640625 0.064453125
1 0.685546875 0.4853515625 0.0771484375 0.033203125
3 0.693359375 0.6181640625 0.1943359375 0.2978515625