0 0.3271484375 0.0224609375 0.044921875 0.044921875
4 0.1884765625 0.1083984375 0.072265625 0.08203125
4 0.263671875 0.1142578125 0.0703125 0.072265625
3 0.232421875 0.0888671875 0.26171875 0.177734375
5 0.6279296875 0.232421875 0.17578125 0.15234375
0 0.5341796875 0.294921875 0.048828125 0.044921875
0 0.6923828125 0.3193359375 0.04296875 0.04296875
4 0.5634765625 0.40625 0.07421875 0.0859375
4 0.634765625 0.42578125 0.078125 0.087890625
1 0.6484375 0.1328125 0.109375 0.076171875
3 0.611328125 0.2861328125 0.29296875 0.4140625
5 0.318359375 0.802734375 0.09375 0.154296875
0 0.2509765625 0.8779296875 0.044921875 0.048828125
1 0.3583984375 0.681640625 0.046875 0.0546875
3 0.2841796875 0.802734375 0.1953125 0.33984375
5 0.853515625 0.8603515625 0.20703125 0.279296875
3 0.8134765625 0.8515625 0.287109375 0.296875