5 0.4599609375 0.1787109375 0.431640625 0.357421875
0 0.63671875 0.3505859375 0.06640625 0.08984375
0 0.412109375 0.3818359375 0.12109375 0.091796875
3 0.48046875 0.2373046875 0.5078125 0.474609375
5 0.818359375 0.138671875 0.232421875 0.2109375
0 0.9072265625 0.26953125 0.08203125 0.078125
4 0.8291015625 0.4453125 0.130859375 0.140625
4 0.697265625 0.423828125 0.08203125 0.126953125
3 0.8271484375 0.279296875 0.345703125 0.4921875
5 0.4052734375 0.765625 0.455078125 0.46875
2 0.4013671875 0.5595703125 0.232421875 0.28125
6 0.392578125 0.888671875 0.173828125 0.21875
3 0.7919921875 0.7783203125 0.392578125 0.443359375