5 0.2998046875 0.052734375 0.150390625 0.10546875
0 0.375 0.1279296875 0.05078125 0.048828125
0 0.2060546875 0.087890625 0.044921875 0.044921875
4 0.234375 0.203125 0.072265625 0.08984375
4 0.275390625 0.1962890625 0.056640625 0.0703125
3 0.2890625 0.140625 0.30078125 0.28125
5 0.849609375 0.2412109375 0.30078125 0.369140625
1 0.8056640625 0.484375 0.169921875 0.103515625
5 0.7587890625 0.6123046875 0.2890625 0.146484375
3 0.8359375 0.263671875 0.328125 0.421875
3 0.7998046875 0.5517578125 0.37109375 0.291015625
6 0.70703125 0.3388671875 0.0546875 0.07421875
5 0.138671875 0.63671875 0.150390625 0.146484375
0 0.2216796875 0.7314453125 0.033203125 0.03515625
0 0.0458984375 0.6904296875 0.041015625 0.04296875
4 0.048828125 0.7998046875 0.0625 0.072265625
4 0.048828125 0.7998046875 0.0625 0.072265625
4 0.1279296875 0.8212890625 0.078125 0.083984375
1 0.1650390625 0.5341796875 0.09375 0.05859375
3 0.14453125 0.68359375 0.2890625 0.3984375
3 0.630859375 0.8408203125 0.25390625 0.318359375
5 0.59765625 0.90625 0.1875 0.1875
1 0.630859375 0.7294921875 0.10546875 0.087890625