3 0.525390625 0.2568359375 0.3984375 0.513671875
5 0.5361328125 0.1826171875 0.30859375 0.287109375
4 0.546875 0.46484375 0.154296875 0.099609375
0 0.533203125 0.3515625 0.08984375 0.07421875
5 0.70703125 0.2119140625 0.076171875 0.13671875
0 0.7265625 0.296875 0.041015625 0.044921875
4 0.677734375 0.3955078125 0.080078125 0.07421875
3 0.716796875 0.259765625 0.17578125 0.3828125
5 0.326171875 0.6513671875 0.279296875 0.25
0 0.1650390625 0.7548828125 0.078125 0.068359375
0 0.4443359375 0.7919921875 0.076171875 0.072265625
4 0.302734375 0.9140625 0.126953125 0.123046875
4 0.2265625 0.9150390625 0.10546875 0.083984375
1 0.3447265625 0.4765625 0.15234375 0.0859375
3 0.310546875 0.7041015625 0.46875 0.58203125
5 0.623046875 0.5927734375 0.099609375 0.15625
0 0.642578125 0.6875 0.052734375 0.056640625
4 0.568359375 0.833984375 0.1015625 0.12109375
3 0.619140625 0.712890625 0.20703125 0.396484375