5 0.36328125 0.0849609375 0.2421875 0.169921875
0 0.3212890625 0.22265625 0.0869140625 0.0693359375
4 0.26953125 0.357421875 0.1943359375 0.1005859375
4 0.375 0.40625 0.1943359375 0.11328125
3 0.3232421875 0.234375 0.3388671875 0.46875
5 0.9267578125 0.359375 0.146484375 0.3056640625
0 0.810546875 0.537109375 0.10546875 0.021484375
1 0.9541015625 0.076171875 0.091796875 0.0986328125
3 0.87109375 0.2802734375 0.2568359375 0.5361328125
5 0.259765625 0.7734375 0.51953125 0.453125
5 0.818359375 0.615234375 0.1513671875 0.134765625
3 0.833984375 0.7734375 0.26953125 0.453125