5 0.2646484375 0.130859375 0.392578125 0.26171875
0 0.2021484375 0.2783203125 0.125 0.099609375
4 0.1650390625 0.478515625 0.236328125 0.15625
4 0.2734375 0.4755859375 0.25390625 0.181640625
3 0.291015625 0.2998046875 0.58203125 0.599609375
0 0.8447265625 0.3701171875 0.310546875 0.599609375
0 0.69921875 0.3740234375 0.421875 0.63671875
2 0.3701171875 0.9765625 0.044921875 0.021484375
5 0.892578125 0.806640625 0.119140625 0.169921875
0 0.802734375 0.88671875 0.052734375 0.0546875
4 0.8232421875 0.986328125 0.095703125 0.02734375
3 0.833984375 0.8525390625 0.234375 0.294921875