5 0.396484375 0.240234375 0.107421875 0.26171875
0 0.3056640625 0.388671875 0.087890625 0.072265625
4 0.4453125 0.5537109375 0.09375 0.0703125
3 0.33203125 0.3134765625 0.318359375 0.599609375
1 0.51171875 0.22265625 0.052734375 0.068359375
0 0.4658203125 0.376953125 0.037109375 0.076171875
5 0.5556640625 0.4306640625 0.11328125 0.2578125
0 0.599609375 0.5322265625 0.03125 0.04296875
3 0.5888671875 0.51953125 0.009765625 0.04296875
5 0.3154296875 0.791015625 0.400390625 0.41796875
3 0.2978515625 0.78515625 0.552734375 0.4296875
6 0.0498046875 0.712890625 0.0546875 0.109375
6 0.47265625 0.9375 0.125 0.125
3 0.8046875 0.7158203125 0.390625 0.478515625
5 0.8037109375 0.5791015625 0.265625 0.17578125
0 0.703125 0.69921875 0.10546875 0.07421875
0 0.9658203125 0.6376953125 0.068359375 0.068359375
4 0.7998046875 0.859375 0.111328125 0.146484375
4 0.93359375 0.826171875 0.1328125 0.140625