3 0.125 0.2998046875 0.25 0.373046875
5 0.1044921875 0.2705078125 0.1640625 0.154296875
0 0.0498046875 0.36328125 0.052734375 0.048828125
0 0.2001953125 0.33984375 0.04296875 0.048828125
4 0.1455078125 0.4423828125 0.07421875 0.05859375
4 0.0810546875 0.4541015625 0.05859375 0.056640625
1 0.09765625 0.1533203125 0.091796875 0.048828125
4 0.6484375 0.0576171875 0.09765625 0.115234375
4 0.765625 0.044921875 0.10546875 0.08984375
3 0.6689453125 0.0673828125 0.345703125 0.134765625
5 0.3935546875 0.5205078125 0.205078125 0.216796875
0 0.310546875 0.6591796875 0.064453125 0.05078125
4 0.423828125 0.81640625 0.109375 0.12890625
4 0.4736328125 0.76953125 0.0859375 0.10546875
3 0.3818359375 0.65625 0.33203125 0.501953125
5 0.5810546875 0.6923828125 0.1640625 0.212890625
5 0.70703125 0.865234375 0.34375 0.2578125