5 0.28125 0.1669921875 0.35546875 0.333984375
0 0.29296875 0.234375 0.134765625 0.064453125
0 0.1474609375 0.28125 0.095703125 0.072265625
4 0.0859375 0.4990234375 0.142578125 0.15625
4 0.2607421875 0.5439453125 0.134765625 0.126953125
3 0.2783203125 0.3154296875 0.556640625 0.630859375
1 0.8876953125 0.2607421875 0.07421875 0.078125
1 0.9833984375 0.3330078125 0.033203125 0.068359375
1 0.740234375 0.228515625 0.052734375 0.0625
5 0.7138671875 0.36328125 0.1328125 0.177734375
5 0.880859375 0.4130859375 0.140625 0.234375
5 0.9658203125 0.474609375 0.068359375 0.21484375
3 0.7060546875 0.4345703125 0.22265625 0.498046875
3 0.87109375 0.462890625 0.232421875 0.5
3 0.9482421875 0.509765625 0.103515625 0.4296875
6 0.7490234375 0.4765625 0.041015625 0.05859375
6 0.9169921875 0.5673828125 0.037109375 0.056640625
0 0.2802734375 0.8564453125 0.06640625 0.08984375
0 0.505859375 0.8798828125 0.048828125 0.078125
5 0.4130859375 0.7568359375 0.1953125 0.224609375
3 0.3896484375 0.80078125 0.345703125 0.3984375
3 0.7998046875 0.8369140625 0.337890625 0.326171875