5 0.18359375 0.224609375 0.2421875 0.208984375
0 0.1171875 0.3544921875 0.068359375 0.052734375
0 0.3173828125 0.3134765625 0.064453125 0.060546875
4 0.2080078125 0.4833984375 0.09375 0.115234375
4 0.326171875 0.462890625 0.1015625 0.11328125
1 0.126953125 0.0751953125 0.12109375 0.0625
3 0.2021484375 0.2890625 0.396484375 0.53515625
3 0.779296875 0.2431640625 0.3203125 0.486328125
5 0.740234375 0.078125 0.2421875 0.15625
0 0.7294921875 0.1845703125 0.09765625 0.0859375
4 0.7890625 0.3974609375 0.212890625 0.169921875
4 0.748046875 0.3408203125 0.16015625 0.16015625
5 0.3720703125 0.8837890625 0.373046875 0.232421875
1 0.3203125 0.5927734375 0.185546875 0.115234375
5 0.880859375 0.5185546875 0.21875 0.1484375
4 0.9853515625 0.7705078125 0.029296875 0.107421875
3 0.849609375 0.6552734375 0.30078125 0.431640625