5 0.3857421875 0.05078125 0.287109375 0.1015625
0 0.2607421875 0.13671875 0.095703125 0.08203125
0 0.5419921875 0.103515625 0.1015625 0.07421875
4 0.505859375 0.3046875 0.12109375 0.162109375
4 0.3466796875 0.32421875 0.10546875 0.154296875
3 0.4150390625 0.22265625 0.486328125 0.4453125
5 0.9189453125 0.1865234375 0.134765625 0.373046875
4 0.3212890625 0.7021484375 0.078125 0.103515625
4 0.234375 0.7197265625 0.076171875 0.103515625
3 0.306640625 0.6904296875 0.357421875 0.2109375
0 0.7939453125 0.7197265625 0.08203125 0.0703125
4 0.7900390625 0.9072265625 0.052734375 0.123046875
3 0.8046875 0.75390625 0.15625 0.431640625