5 0.515625 0.0390625 0.1953125 0.078125
0 0.4228515625 0.0849609375 0.0546875 0.046875
0 0.6171875 0.0947265625 0.037109375 0.044921875
4 0.5615234375 0.2353515625 0.08203125 0.09375
4 0.478515625 0.2080078125 0.06640625 0.083984375
3 0.505859375 0.1474609375 0.30859375 0.294921875
3 0.8125 0.23046875 0.2265625 0.416015625
5 0.7939453125 0.0908203125 0.1328125 0.13671875
0 0.8662109375 0.1591796875 0.0625 0.068359375
4 0.724609375 0.35546875 0.048828125 0.130859375
4 0.80078125 0.33203125 0.1875 0.12890625
5 0.287109375 0.453125 0.17578125 0.150390625
0 0.38671875 0.544921875 0.04296875 0.046875
0 0.1943359375 0.53125 0.05078125 0.046875
4 0.2548828125 0.6748046875 0.06640625 0.091796875
4 0.2900390625 0.6552734375 0.052734375 0.076171875
3 0.28515625 0.556640625 0.296875 0.3671875