5 0.365234375 0.03125 0.1875 0.0625
0 0.2578125 0.0830078125 0.048828125 0.048828125
0 0.4912109375 0.0732421875 0.041015625 0.048828125
4 0.322265625 0.2490234375 0.07421875 0.107421875
4 0.3701171875 0.216796875 0.052734375 0.091796875
3 0.3642578125 0.154296875 0.322265625 0.30859375
0 0.9169921875 0.0341796875 0.068359375 0.056640625
0 0.6865234375 0.02734375 0.0625 0.048828125
4 0.849609375 0.208984375 0.08203125 0.12890625
4 0.708984375 0.2080078125 0.091796875 0.119140625
3 0.802734375 0.150390625 0.349609375 0.296875
0 0.2744140625 0.69921875 0.548828125 0.6015625
5 0.6337890625 0.640625 0.185546875 0.51953125
6 0.5634765625 0.7060546875 0.041015625 0.1953125
6 0.74609375 0.787109375 0.076171875 0.1015625