3 0.1279296875 0.26953125 0.255859375 0.38671875
5 0.08984375 0.376953125 0.1796875 0.17578125
1 0.0546875 0.181640625 0.109375 0.1484375
5 0.6376953125 0.2216796875 0.314453125 0.236328125
1 0.5849609375 0.044921875 0.177734375 0.08984375
3 0.64453125 0.1728515625 0.453125 0.345703125
5 0.2177734375 0.8017578125 0.34765625 0.357421875
0 0.158203125 0.98828125 0.11328125 0.0234375
0 0.4130859375 0.916015625 0.0703125 0.080078125
1 0.111328125 0.5400390625 0.22265625 0.134765625
3 0.244140625 0.720703125 0.48828125 0.55859375
4 0.83984375 0.68359375 0.3203125 0.52734375
4 0.6513671875 0.7158203125 0.2890625 0.5390625
1 0.908203125 0.3271484375 0.158203125 0.17578125