3 0.3212890625 0.197265625 0.189453125 0.39453125
0 0.40234375 0.1064453125 0.0234375 0.068359375
4 0.37890625 0.3203125 0.05859375 0.146484375
4 0.333984375 0.263671875 0.150390625 0.140625
0 0.5048828125 0.115234375 0.16015625 0.15234375
0 0.6162109375 0.2900390625 0.1171875 0.205078125
3 0.576171875 0.25390625 0.35546875 0.5078125
3 0.8671875 0.2626953125 0.265625 0.509765625
4 0.1357421875 0.5693359375 0.060546875 0.07421875
4 0.1708984375 0.55078125 0.05078125 0.0625
3 0.158203125 0.5517578125 0.22265625 0.134765625
5 0.9208984375 0.810546875 0.150390625 0.37890625
5 0.5087890625 0.810546875 0.255859375 0.37890625
3 0.533203125 0.748046875 0.3046875 0.50390625
3 0.91015625 0.755859375 0.1796875 0.48828125
2 0.962890625 0.564453125 0.072265625 0.09765625
2 0.517578125 0.5478515625 0.138671875 0.09765625