5 0.291015625 0.3291015625 0.193359375 0.177734375
1 0.2705078125 0.1728515625 0.1484375 0.095703125
3 0.255859375 0.2744140625 0.265625 0.3046875
5 0.37109375 0.1494140625 0.125 0.265625
3 0.384765625 0.197265625 0.154296875 0.365234375
5 0.1044921875 0.6220703125 0.208984375 0.267578125
5 0.255859375 0.7841796875 0.46875 0.431640625
5 0.7763671875 0.4150390625 0.353515625 0.306640625
0 0.9609375 0.5244140625 0.078125 0.080078125
0 0.689453125 0.6015625 0.0859375 0.080078125
4 0.794921875 0.7861328125 0.126953125 0.1640625
4 0.939453125 0.7412109375 0.12109375 0.169921875
3 0.7744140625 0.576171875 0.451171875 0.65625