5 0.4013671875 0.03125 0.2744140625 0.0625
0 0.26171875 0.083984375 0.0693359375 0.0625
0 0.517578125 0.0986328125 0.041015625 0.0576171875
4 0.482421875 0.3056640625 0.0986328125 0.154296875
4 0.32421875 0.291015625 0.1201171875 0.146484375
3 0.3681640625 0.19921875 0.337890625 0.3984375
5 0.634765625 0.029296875 0.1103515625 0.0576171875
5 0.3369140625 0.5048828125 0.302734375 0.1728515625
0 0.48828125 0.6259765625 0.0771484375 0.0693359375
0 0.2041015625 0.626953125 0.083984375 0.0673828125
4 0.267578125 0.8271484375 0.095703125 0.13671875
4 0.423828125 0.8291015625 0.10546875 0.1513671875
3 0.328125 0.6708984375 0.4208984375 0.5048828125
5 0.765625 0.8056640625 0.1396484375 0.310546875
2 0.7705078125 0.4580078125 0.0458984375 0.0791015625
3 0.7666015625 0.708984375 0.1494140625 0.58203125