4 0.244140625 0.05859375 0.09765625 0.109375
4 0.1376953125 0.064453125 0.099609375 0.125
3 0.2099609375 0.076171875 0.298828125 0.15234375
5 0.705078125 0.1484375 0.2734375 0.185546875
3 0.7177734375 0.130859375 0.505859375 0.26171875
5 0.1328125 0.6982421875 0.265625 0.505859375
5 0.56640625 0.5068359375 0.35546875 0.359375
0 0.578125 0.5869140625 0.1328125 0.064453125
0 0.4326171875 0.634765625 0.095703125 0.072265625
4 0.369140625 0.859375 0.1484375 0.169921875
4 0.5400390625 0.91796875 0.146484375 0.1640625
1 0.6279296875 0.2734375 0.2265625 0.1640625
3 0.5556640625 0.5830078125 0.611328125 0.833984375