5 0.3896484375 0.314453125 0.265625 0.109375
1 0.3857421875 0.1708984375 0.142578125 0.078125
3 0.384765625 0.244140625 0.38671875 0.255859375
0 0.6748046875 0.1533203125 0.05859375 0.068359375
5 0.3076171875 0.431640625 0.158203125 0.14453125
0 0.21484375 0.5185546875 0.0390625 0.044921875
0 0.4111328125 0.509765625 0.0546875 0.044921875
4 0.38671875 0.63671875 0.068359375 0.087890625
4 0.2900390625 0.62109375 0.060546875 0.068359375
3 0.31640625 0.5283203125 0.29296875 0.349609375
5 0.9013671875 0.7587890625 0.197265625 0.423828125
1 0.9365234375 0.3955078125 0.119140625 0.123046875
3 0.853515625 0.6552734375 0.29296875 0.646484375