5 0.064453125 0.1240234375 0.12890625 0.248046875
0 0.1455078125 0.255859375 0.04296875 0.07421875
3 0.1044921875 0.2041015625 0.208984375 0.408203125
5 0.8369140625 0.080078125 0.271484375 0.16015625
0 0.9716796875 0.1826171875 0.056640625 0.064453125
0 0.71875 0.19140625 0.0791015625 0.0673828125
4 0.935546875 0.359375 0.1103515625 0.0986328125
4 0.78515625 0.361328125 0.09375 0.09375
3 0.818359375 0.2041015625 0.36328125 0.408203125
4 0.3017578125 0.728515625 0.17578125 0.54296875
4 0.109375 0.7109375 0.21875 0.578125
0 0.4267578125 0.76953125 0.07421875 0.125
0 0.8759765625 0.7763671875 0.115234375 0.125
3 0.666015625 0.7041015625 0.5146484375 0.591796875