5 0.201171875 0.19921875 0.40234375 0.3125
0 0.2021484375 0.4111328125 0.12109375 0.078125
0 0.4296875 0.3408203125 0.052734375 0.076171875
4 0.3681640625 0.55859375 0.20703125 0.095703125
4 0.2373046875 0.5810546875 0.1875 0.05859375
3 0.2412109375 0.306640625 0.482421875 0.61328125
0 0.7529296875 0.177734375 0.482421875 0.35546875
5 0.37109375 0.9501953125 0.06640625 0.099609375
5 0.0693359375 0.8740234375 0.07421875 0.08203125
5 0.2529296875 0.869140625 0.056640625 0.087890625
5 0.2177734375 0.865234375 0.08203125 0.095703125
2 0.0419921875 0.82421875 0.02734375 0.04296875
2 0.08203125 0.8232421875 0.025390625 0.04296875
2 0.20703125 0.8037109375 0.03125 0.044921875
2 0.255859375 0.8046875 0.03125 0.044921875
2 0.3388671875 0.8232421875 0.02734375 0.041015625
2 0.373046875 0.9052734375 0.033203125 0.048828125
3 0.0400390625 0.8955078125 0.060546875 0.208984375
3 0.095703125 0.896484375 0.07421875 0.20703125
3 0.2099609375 0.8876953125 0.064453125 0.224609375
3 0.265625 0.8837890625 0.0703125 0.232421875
3 0.33984375 0.8974609375 0.07421875 0.205078125
3 0.3857421875 0.9375 0.091796875 0.125
0 0.02734375 0.9013671875 0.021484375 0.02734375
0 0.0966796875 0.9052734375 0.017578125 0.029296875
0 0.1923828125 0.9228515625 0.017578125 0.021484375
0 0.22265625 0.9228515625 0.017578125 0.02734375
0 0.37109375 0.974609375 0.021484375 0.029296875
0 0.396484375 0.9521484375 0.01953125 0.02734375
0 0.353515625 0.931640625 0.017578125 0.03125
0 0.3203125 0.8818359375 0.01171875 0.01953125
6 0.076171875 0.8994140625 0.02734375 0.01953125
6 0.017578125 0.8916015625 0.0078125 0.015625
0 0.7109375 0.93359375 0.18359375 0.125
5 0.662109375 0.79296875 0.359375 0.4140625
3 0.7412109375 0.7900390625 0.517578125 0.419921875