5 0.259765625 0.1630859375 0.1494140625 0.146484375
0 0.162109375 0.25 0.0458984375 0.041015625
0 0.361328125 0.25 0.0478515625 0.041015625
4 0.279296875 0.369140625 0.0625 0.0771484375
4 0.189453125 0.37109375 0.052734375 0.07421875
1 0.263671875 0.03515625 0.0986328125 0.0361328125
3 0.26171875 0.208984375 0.26171875 0.38671875
3 0.9521484375 0.2041015625 0.095703125 0.408203125
5 0.2353515625 0.462890625 0.14453125 0.1083984375
0 0.14453125 0.5263671875 0.03125 0.029296875
0 0.32421875 0.529296875 0.0361328125 0.0380859375
4 0.2138671875 0.642578125 0.060546875 0.0673828125
4 0.3017578125 0.63671875 0.0673828125 0.060546875
3 0.2392578125 0.5458984375 0.2236328125 0.2744140625
5 0.96875 0.490234375 0.0625 0.1630859375
0 0.923828125 0.6044921875 0.0625 0.0458984375
4 0.9833984375 0.7548828125 0.033203125 0.1103515625
3 0.93359375 0.61328125 0.1318359375 0.408203125