5 0.2802734375 0.0458984375 0.1171875 0.080078125
0 0.21484375 0.1025390625 0.03125 0.033203125
4 0.296875 0.1728515625 0.044921875 0.0625
4 0.2607421875 0.1865234375 0.05078125 0.064453125
3 0.26953125 0.1162109375 0.15625 0.22265625
3 0.6083984375 0.220703125 0.380859375 0.44140625
5 0.6220703125 0.0908203125 0.236328125 0.181640625
0 0.515625 0.2197265625 0.068359375 0.0546875
0 0.7490234375 0.189453125 0.0625 0.060546875
4 0.54296875 0.3779296875 0.126953125 0.125
4 0.6904296875 0.3720703125 0.134765625 0.119140625
1 0.1748046875 0.478515625 0.1015625 0.056640625
5 0.025390625 0.65625 0.05078125 0.32421875
5 0.197265625 0.650390625 0.173828125 0.322265625
5 0.337890625 0.6484375 0.060546875 0.283203125
4 0.1650390625 0.9599609375 0.111328125 0.080078125
4 0.224609375 0.9697265625 0.10546875 0.060546875
4 0.359375 0.9482421875 0.033203125 0.09375
0 0.16796875 0.779296875 0.068359375 0.095703125
0 0.3486328125 0.75 0.0390625 0.095703125
3 0.3369140625 0.7216796875 0.076171875 0.556640625
3 0.1796875 0.7236328125 0.2109375 0.552734375
5 0.7861328125 0.6845703125 0.3671875 0.521484375
3 0.7568359375 0.6982421875 0.486328125 0.552734375
6 0.4169921875 0.94921875 0.072265625 0.09765625