5 0.31640625 0.236328125 0.103515625 0.095703125
0 0.3798828125 0.29296875 0.0263671875 0.0263671875
0 0.275390625 0.298828125 0.0380859375 0.0166015625
4 0.3662109375 0.3759765625 0.0576171875 0.0556640625
4 0.294921875 0.373046875 0.0478515625 0.052734375
1 0.31640625 0.1572265625 0.0625 0.03125
3 0.322265625 0.279296875 0.16796875 0.2646484375
5 0.66015625 0.330078125 0.3193359375 0.3583984375
3 0.68359375 0.2548828125 0.3681640625 0.509765625
5 0.34765625 0.7822265625 0.3056640625 0.435546875
5 0.119140625 0.8232421875 0.23828125 0.353515625
3 0.359375 0.7548828125 0.28125 0.490234375
3 0.1142578125 0.7685546875 0.228515625 0.462890625
2 0.3916015625 0.599609375 0.197265625 0.1806640625
2 0.0732421875 0.66015625 0.1416015625 0.2431640625
2 0.1962890625 0.71875 0.08203125 0.1513671875
3 0.818359375 0.7197265625 0.36328125 0.4208984375
5 0.8232421875 0.57421875 0.2568359375 0.1298828125
0 0.9599609375 0.6611328125 0.0791015625 0.0576171875
0 0.70703125 0.6630859375 0.0625 0.0556640625
4 0.9384765625 0.8486328125 0.103515625 0.134765625
4 0.7919921875 0.8427734375 0.10546875 0.1201171875