5 0.1513671875 0.34375 0.302734375 0.28125
0 0.3076171875 0.4853515625 0.09375 0.072265625
0 0.0390625 0.5185546875 0.078125 0.072265625
1 0.12109375 0.1103515625 0.19140625 0.1015625
3 0.1943359375 0.35546875 0.388671875 0.625
0 0.740234375 0.28515625 0.17578125 0.2265625
3 0.74609375 0.2958984375 0.3828125 0.591796875
0 0.2158203125 0.9873046875 0.099609375 0.025390625
0 0.10546875 0.97265625 0.07421875 0.0546875
3 0.2783203125 0.8046875 0.525390625 0.390625
2 0.28125 0.6904296875 0.146484375 0.123046875
4 0.693359375 0.7119140625 0.11328125 0.162109375
3 0.7265625 0.6962890625 0.193359375 0.24609375