5 0.306640625 0.1328125 0.267578125 0.251953125
0 0.39453125 0.2978515625 0.11328125 0.08203125
4 0.4150390625 0.5205078125 0.125 0.1640625
3 0.3212890625 0.3125 0.314453125 0.611328125
0 0.6005859375 0.298828125 0.361328125 0.5859375
5 0.109375 0.7041015625 0.193359375 0.166015625
0 0.2421875 0.7880859375 0.037109375 0.056640625
0 0.0361328125 0.81640625 0.015625 0.044921875
4 0.0791015625 0.9560546875 0.076171875 0.087890625
4 0.146484375 0.9404296875 0.08203125 0.1015625
3 0.1591796875 0.806640625 0.294921875 0.38671875
0 0.6689453125 0.8662109375 0.345703125 0.267578125
0 0.873046875 0.78125 0.25390625 0.375