5 0.3017578125 0.2763671875 0.2734375 0.275390625
1 0.3271484375 0.0283203125 0.208984375 0.0546875
3 0.24609375 0.2080078125 0.384765625 0.4140625
1 0.8232421875 0.21484375 0.091796875 0.171875
0 0.76171875 0.38671875 0.05078125 0.033203125
5 0.783203125 0.291015625 0.13671875 0.228515625
3 0.7783203125 0.267578125 0.275390625 0.275390625
5 0.392578125 0.6669921875 0.10546875 0.326171875
0 0.3466796875 0.9091796875 0.1328125 0.0859375
3 0.330078125 0.7041015625 0.23828125 0.591796875
5 0.630859375 0.54296875 0.25390625 0.275390625
0 0.4609375 0.6826171875 0.037109375 0.064453125
0 0.75 0.73046875 0.111328125 0.080078125
4 0.513671875 0.8916015625 0.13671875 0.126953125
4 0.638671875 0.921875 0.177734375 0.1328125
3 0.6533203125 0.69921875 0.427734375 0.59375