0 0.2509765625 0.048828125 0.056640625 0.048828125
4 0.3857421875 0.1748046875 0.05859375 0.1015625
4 0.29296875 0.1640625 0.0703125 0.087890625
3 0.3125 0.130859375 0.20703125 0.240234375
3 0.724609375 0.2880859375 0.408203125 0.462890625
5 0.728515625 0.296875 0.267578125 0.23046875
0 0.8720703125 0.4072265625 0.076171875 0.0703125
0 0.62109375 0.4443359375 0.068359375 0.05859375
1 0.6845703125 0.111328125 0.1640625 0.0859375
3 0.162109375 0.779296875 0.30859375 0.44140625
5 0.1220703125 0.7509765625 0.21484375 0.240234375
0 0.0849609375 0.90625 0.08203125 0.0625
0 0.248046875 0.84375 0.0625 0.068359375
4 0.2197265625 0.9794921875 0.185546875 0.041015625
5 0.849609375 0.5341796875 0.19140625 0.115234375
0 0.7578125 0.6201171875 0.05859375 0.0546875
0 0.9794921875 0.5810546875 0.041015625 0.052734375
4 0.837890625 0.771484375 0.08203125 0.1171875
4 0.8896484375 0.7373046875 0.068359375 0.099609375
3 0.845703125 0.66015625 0.30859375 0.38671875