5 0.1494140625 0.0556640625 0.2353515625 0.1103515625
0 0.044921875 0.140625 0.064453125 0.052734375
0 0.279296875 0.1357421875 0.0625 0.05078125
4 0.12109375 0.2978515625 0.0791015625 0.10546875
4 0.248046875 0.2978515625 0.0986328125 0.11328125
3 0.1650390625 0.1806640625 0.3291015625 0.3603515625
5 0.9248046875 0.04296875 0.150390625 0.0859375
0 0.8486328125 0.11328125 0.05078125 0.04296875
4 0.916015625 0.224609375 0.0625 0.0791015625
4 0.984375 0.25390625 0.03125 0.09375
3 0.9111328125 0.1513671875 0.177734375 0.302734375
5 0.4619140625 0.6318359375 0.1728515625 0.2548828125
0 0.3662109375 0.802734375 0.083984375 0.0673828125
4 0.439453125 0.9521484375 0.0625 0.095703125
3 0.41796875 0.7392578125 0.259765625 0.521484375
5 0.765625 0.5400390625 0.189453125 0.123046875
0 0.65234375 0.6298828125 0.060546875 0.0478515625
0 0.8916015625 0.6181640625 0.0361328125 0.05078125
4 0.734375 0.7919921875 0.072265625 0.1083984375
4 0.7919921875 0.7607421875 0.0576171875 0.0869140625
3 0.7705078125 0.6708984375 0.32421875 0.384765625