3 0.2578125 0.3330078125 0.45703125 0.666015625
5 0.255859375 0.2197265625 0.275390625 0.26953125
0 0.349609375 0.3837890625 0.09765625 0.076171875
0 0.1259765625 0.3427734375 0.064453125 0.060546875
4 0.3095703125 0.578125 0.111328125 0.146484375
4 0.1845703125 0.533203125 0.146484375 0.1484375
1 0.26953125 0.0263671875 0.19140625 0.052734375
5 0.771484375 0.3798828125 0.212890625 0.205078125
0 0.642578125 0.4814453125 0.06640625 0.056640625
0 0.8798828125 0.501953125 0.04296875 0.0546875
4 0.7001953125 0.6533203125 0.0859375 0.1171875
4 0.76171875 0.630859375 0.068359375 0.09375
1 0.7998046875 0.21484375 0.13671875 0.07421875
3 0.765625 0.4580078125 0.396484375 0.587890625
5 0.654296875 0.9365234375 0.2734375 0.126953125
1 0.69921875 0.791015625 0.2109375 0.111328125
3 0.6435546875 0.859375 0.388671875 0.28125