4 0.1123046875 0.03515625 0.072265625 0.0703125
4 0.1591796875 0.025390625 0.064453125 0.05078125
3 0.1728515625 0.048828125 0.208984375 0.09765625
0 0.74609375 0.0947265625 0.05859375 0.056640625
4 0.693359375 0.2373046875 0.099609375 0.107421875
3 0.697265625 0.16015625 0.21484375 0.287109375
3 0.2783203125 0.5361328125 0.37890625 0.53515625
5 0.2998046875 0.3857421875 0.2734375 0.224609375
0 0.3046875 0.529296875 0.091796875 0.07421875
4 0.2509765625 0.705078125 0.216796875 0.16015625
4 0.322265625 0.67578125 0.1484375 0.13671875
5 0.634765625 0.396484375 0.1484375 0.11328125
0 0.708984375 0.4794921875 0.060546875 0.056640625
4 0.5498046875 0.6103515625 0.05859375 0.109375
4 0.658203125 0.6298828125 0.115234375 0.123046875
3 0.6416015625 0.52734375 0.25 0.373046875