5 0.5009765625 0.3037109375 0.111328125 0.21875
0 0.44921875 0.4384765625 0.072265625 0.06640625
4 0.45703125 0.5888671875 0.0703125 0.11328125
3 0.4599609375 0.3505859375 0.2421875 0.58984375
3 0.8154296875 0.4072265625 0.369140625 0.666015625
5 0.8837890625 0.349609375 0.232421875 0.2578125
0 0.763671875 0.47265625 0.076171875 0.064453125
0 0.9814453125 0.4912109375 0.037109375 0.064453125
4 0.75390625 0.6357421875 0.14453125 0.1484375
4 0.8994140625 0.6591796875 0.146484375 0.13671875
1 0.9189453125 0.1494140625 0.162109375 0.095703125
4 0.287109375 0.6767578125 0.0625 0.078125
4 0.3583984375 0.7041015625 0.072265625 0.080078125
3 0.328125 0.6806640625 0.240234375 0.162109375
0 0.890625 0.8212890625 0.123046875 0.09375
0 0.767578125 0.7734375 0.060546875 0.064453125
4 0.7587890625 0.94921875 0.208984375 0.1015625
3 0.7705078125 0.83984375 0.380859375 0.3203125