5 0.216796875 0.064453125 0.26953125 0.12890625
0 0.4208984375 0.126953125 0.072265625 0.0869140625
0 0.0517578125 0.193359375 0.103515625 0.0791015625
4 0.1494140625 0.435546875 0.23046875 0.16796875
4 0.2255859375 0.38671875 0.1416015625 0.15625
3 0.22265625 0.259765625 0.4443359375 0.51953125
5 0.9453125 0.0693359375 0.109375 0.138671875
5 0.703125 0.0517578125 0.1513671875 0.103515625
5 0.841796875 0.046875 0.08203125 0.09375
3 0.705078125 0.259765625 0.2236328125 0.51953125
3 0.83984375 0.23828125 0.1181640625 0.4755859375
3 0.9404296875 0.2490234375 0.119140625 0.498046875
5 0.3193359375 0.9638671875 0.1396484375 0.072265625
2 0.326171875 0.7236328125 0.0458984375 0.1103515625
3 0.3212890625 0.8310546875 0.150390625 0.337890625
1 0.8076171875 0.591796875 0.17578125 0.083984375
5 0.8017578125 0.85546875 0.314453125 0.2880859375
3 0.7734375 0.759765625 0.453125 0.48046875