5 0.294921875 0.3232421875 0.2578125 0.232421875
4 0.3310546875 0.5986328125 0.095703125 0.1171875
4 0.4580078125 0.5693359375 0.10546875 0.119140625
0 0.21875 0.46484375 0.060546875 0.060546875
0 0.439453125 0.4072265625 0.07421875 0.06640625
1 0.2353515625 0.1591796875 0.146484375 0.0859375
3 0.314453125 0.392578125 0.443359375 0.607421875
5 0.8876953125 0.1904296875 0.126953125 0.12890625
0 0.841796875 0.2744140625 0.04296875 0.0390625
4 0.8798828125 0.357421875 0.048828125 0.0625
4 0.94921875 0.3525390625 0.0703125 0.07421875
1 0.87890625 0.095703125 0.0859375 0.05859375
3 0.875 0.23828125 0.22265625 0.36328125
3 0.27734375 0.826171875 0.40625 0.34765625
0 0.119140625 0.736328125 0.06640625 0.04296875
0 0.3193359375 0.7080078125 0.10546875 0.083984375
4 0.2373046875 0.8916015625 0.169921875 0.150390625
4 0.3515625 0.9052734375 0.15625 0.158203125
3 0.837890625 0.732421875 0.32421875 0.4375
5 0.8759765625 0.7138671875 0.248046875 0.267578125
0 0.8056640625 0.8779296875 0.07421875 0.0703125