3 0.28515625 0.216796875 0.208984375 0.412109375
0 0.35546875 0.12109375 0.02734375 0.068359375
4 0.3583984375 0.3359375 0.064453125 0.1484375
4 0.306640625 0.28515625 0.158203125 0.146484375
0 0.4580078125 0.1171875 0.166015625 0.16015625
0 0.5888671875 0.27734375 0.126953125 0.2109375
3 0.5458984375 0.25390625 0.380859375 0.5078125
3 0.84375 0.2392578125 0.30859375 0.478515625
4 0.1474609375 0.61328125 0.064453125 0.076171875
4 0.1796875 0.5908203125 0.052734375 0.064453125
3 0.1669921875 0.5927734375 0.228515625 0.146484375
5 0.935546875 0.76171875 0.12890625 0.39453125
5 0.5478515625 0.8056640625 0.275390625 0.388671875
3 0.5634765625 0.7412109375 0.330078125 0.517578125
3 0.91796875 0.712890625 0.1640625 0.51171875
2 0.9638671875 0.505859375 0.072265625 0.1015625
2 0.5234375 0.544921875 0.142578125 0.10546875