3 0.298828125 0.25390625 0.37890625 0.5078125
5 0.3125 0.0869140625 0.3125 0.173828125
0 0.2978515625 0.21484375 0.11328125 0.08203125
4 0.3056640625 0.4326171875 0.193359375 0.14453125
4 0.26171875 0.373046875 0.220703125 0.1484375
3 0.8857421875 0.2392578125 0.228515625 0.451171875
5 0.9189453125 0.0751953125 0.162109375 0.115234375
0 0.9736328125 0.173828125 0.052734375 0.078125
0 0.837890625 0.126953125 0.068359375 0.064453125
4 0.953125 0.38671875 0.09375 0.1484375
4 0.8994140625 0.3388671875 0.181640625 0.134765625
3 0.4326171875 0.75 0.291015625 0.5
5 0.4658203125 0.7529296875 0.2109375 0.234375
0 0.390625 0.896484375 0.12109375 0.05859375
1 0.478515625 0.5458984375 0.158203125 0.076171875
5 0.9306640625 0.705078125 0.125 0.125
0 0.8505859375 0.7822265625 0.03125 0.037109375
4 0.9111328125 0.8876953125 0.05078125 0.072265625
4 0.9541015625 0.87890625 0.0546875 0.060546875
1 0.9423828125 0.6123046875 0.078125 0.04296875
3 0.9033203125 0.755859375 0.185546875 0.341796875