5 0.1396484375 0.2197265625 0.279296875 0.365234375
0 0.1435546875 0.4453125 0.11328125 0.08984375
0 0.27734375 0.359375 0.03515625 0.060546875
4 0.25390625 0.6025390625 0.23046875 0.162109375
4 0.1748046875 0.6416015625 0.240234375 0.1171875
3 0.19921875 0.365234375 0.3984375 0.6796875
0 0.666015625 0.3203125 0.41015625 0.607421875
0 0.87109375 0.2880859375 0.2578125 0.576171875
1 0.4716796875 0.6904296875 0.130859375 0.125
0 0.41015625 0.90625 0.115234375 0.16015625
5 0.4189453125 0.9736328125 0.130859375 0.052734375
5 0.5107421875 0.8994140625 0.185546875 0.201171875
3 0.4560546875 0.8115234375 0.302734375 0.376953125
5 0.8818359375 0.7255859375 0.236328125 0.298828125
0 0.9013671875 0.7421875 0.154296875 0.08984375
0 0.9716796875 0.7666015625 0.056640625 0.083984375
3 0.86328125 0.75390625 0.2734375 0.41015625