5 0.169921875 0.2392578125 0.193359375 0.181640625
0 0.0712890625 0.3515625 0.056640625 0.04296875
0 0.27734375 0.3515625 0.05859375 0.0546875
1 0.154296875 0.0830078125 0.115234375 0.052734375
3 0.1650390625 0.2578125 0.3203125 0.416015625
3 0.7099609375 0.130859375 0.21484375 0.2578125
4 0.71875 0.1796875 0.12109375 0.123046875
0 0.7900390625 0.0185546875 0.068359375 0.02734375
5 0.453125 0.5927734375 0.291015625 0.255859375
3 0.4482421875 0.732421875 0.302734375 0.53515625
5 0.7958984375 0.6806640625 0.408203125 0.419921875