0 0.24609375 0.08984375 0.0888671875 0.0673828125
4 0.294921875 0.2353515625 0.0986328125 0.0478515625
4 0.4443359375 0.23046875 0.1103515625 0.0576171875
3 0.328125 0.1298828125 0.34375 0.259765625
5 0.6767578125 0.2236328125 0.208984375 0.072265625
5 0.90234375 0.1767578125 0.1943359375 0.166015625
2 0.9580078125 0.0576171875 0.083984375 0.115234375
2 0.7509765625 0.1513671875 0.1806640625 0.154296875
3 0.8828125 0.1298828125 0.234375 0.259765625
3 0.681640625 0.166015625 0.32421875 0.1875
5 0.1513671875 0.572265625 0.146484375 0.375
2 0.1552734375 0.3291015625 0.0888671875 0.1396484375
3 0.126953125 0.6298828125 0.23046875 0.740234375
5 0.8173828125 0.849609375 0.03125 0.0791015625
5 0.7978515625 0.857421875 0.0166015625 0.0625
2 0.81640625 0.7958984375 0.0244140625 0.033203125
3 0.8125 0.8857421875 0.04296875 0.216796875