5 0.5302734375 0.037109375 0.283203125 0.07421875
0 0.6767578125 0.1064453125 0.076171875 0.068359375
0 0.388671875 0.103515625 0.07421875 0.068359375
4 0.4560546875 0.271484375 0.09765625 0.0703125
4 0.6201171875 0.2744140625 0.10546875 0.0703125
3 0.5283203125 0.1552734375 0.435546875 0.310546875
5 0.8759765625 0.24609375 0.248046875 0.140625
1 0.880859375 0.068359375 0.169921875 0.072265625
3 0.8701171875 0.16796875 0.259765625 0.296875
5 0.47265625 0.6005859375 0.390625 0.32421875
0 0.6787109375 0.7578125 0.048828125 0.083984375
0 0.4580078125 0.8232421875 0.119140625 0.080078125
4 0.4794921875 0.982421875 0.197265625 0.03515625
4 0.609375 0.9638671875 0.22265625 0.072265625
1 0.4921875 0.328125 0.234375 0.044921875
3 0.5009765625 0.6513671875 0.478515625 0.697265625
0 0.77734375 0.6552734375 0.1015625 0.689453125
0 0.91796875 0.65625 0.1640625 0.6875