5 0.48046875 0.181640625 0.291015625 0.294921875
0 0.310546875 0.32421875 0.072265625 0.052734375
3 0.443359375 0.1875 0.37109375 0.375
5 0.6865234375 0.1796875 0.1796875 0.337890625
5 0.90625 0.21484375 0.1875 0.34375
3 0.876953125 0.2236328125 0.24609375 0.392578125
3 0.70703125 0.203125 0.23046875 0.384765625
5 0.408203125 0.484375 0.283203125 0.263671875
0 0.5302734375 0.6396484375 0.076171875 0.068359375
0 0.28515625 0.623046875 0.083984375 0.06640625
4 0.4560546875 0.82421875 0.11328125 0.140625
4 0.310546875 0.80859375 0.09765625 0.142578125
3 0.396484375 0.626953125 0.392578125 0.5703125
5 0.74609375 0.783203125 0.3671875 0.43359375
3 0.73828125 0.6884765625 0.421875 0.623046875