0 0.0263671875 0.1875 0.052734375 0.0576171875
3 0.8720703125 0.078125 0.255859375 0.15625
4 0.869140625 0.0849609375 0.1396484375 0.14453125
4 0.96484375 0.0634765625 0.0693359375 0.11328125
1 0.03125 0.3798828125 0.0625 0.10546875
1 0.2724609375 0.39453125 0.1005859375 0.0888671875
1 0.46484375 0.400390625 0.0693359375 0.0888671875
5 0.068359375 0.583984375 0.13671875 0.322265625
5 0.2880859375 0.583984375 0.1630859375 0.3173828125
5 0.4521484375 0.587890625 0.095703125 0.28125
4 0.0087890625 0.947265625 0.0166015625 0.10546875
4 0.068359375 0.9521484375 0.0791015625 0.095703125
4 0.248046875 0.91015625 0.1083984375 0.10546875
4 0.3056640625 0.9365234375 0.103515625 0.115234375
4 0.462890625 0.888671875 0.07421875 0.09375
4 0.486328125 0.9326171875 0.0263671875 0.095703125
0 0.0302734375 0.75 0.060546875 0.10546875
0 0.2548828125 0.712890625 0.064453125 0.09375
0 0.451171875 0.689453125 0.0625 0.095703125
3 0.4482421875 0.6630859375 0.103515625 0.6298828125
3 0.26953125 0.662109375 0.1923828125 0.64453125
3 0.0625 0.662109375 0.125 0.67578125
5 0.7021484375 0.4931640625 0.404296875 0.375
4 0.55078125 0.970703125 0.1005859375 0.0576171875
4 0.7197265625 0.978515625 0.1943359375 0.04296875
3 0.71875 0.6298828125 0.4375 0.740234375