5 0.4638671875 0.35546875 0.19140625 0.203125
0 0.345703125 0.46484375 0.060546875 0.056640625
4 0.4912109375 0.5830078125 0.076171875 0.056640625
1 0.50390625 0.1923828125 0.12890625 0.07421875
3 0.4287109375 0.3779296875 0.27734375 0.466796875
5 0.7236328125 0.3212890625 0.24609375 0.3984375
2 0.7548828125 0.0732421875 0.171875 0.119140625
3 0.763671875 0.3251953125 0.47265625 0.642578125
6 0.8291015625 0.4609375 0.115234375 0.0859375
6 0.611328125 0.4169921875 0.126953125 0.1015625
5 0.25390625 0.6845703125 0.205078125 0.2109375
5 0.462890625 0.744140625 0.1328125 0.28515625
3 0.2421875 0.7822265625 0.2578125 0.41015625
3 0.4375 0.798828125 0.18359375 0.40234375
5 0.6904296875 0.705078125 0.126953125 0.16796875
5 0.5751953125 0.72265625 0.1171875 0.220703125
3 0.5673828125 0.794921875 0.138671875 0.369140625
3 0.6826171875 0.80859375 0.162109375 0.375
3 0.8466796875 0.794921875 0.1875 0.32421875