0 0.244140625 0.0615234375 0.052734375 0.0390625
0 0.4541015625 0.0537109375 0.052734375 0.046875
4 0.318359375 0.201171875 0.0703125 0.09375
4 0.4326171875 0.1982421875 0.08984375 0.09375
3 0.3505859375 0.1259765625 0.33203125 0.251953125
3 0.8291015625 0.25 0.341796875 0.5
5 0.8349609375 0.1025390625 0.271484375 0.203125
0 0.7041015625 0.208984375 0.064453125 0.060546875
0 0.900390625 0.2353515625 0.08984375 0.06640625
4 0.892578125 0.4326171875 0.1171875 0.140625
4 0.77734375 0.3994140625 0.154296875 0.1171875
5 0.1611328125 0.7294921875 0.322265625 0.3203125
5 0.5712890625 0.734375 0.17578125 0.328125
3 0.5400390625 0.7763671875 0.23828125 0.4140625
3 0.185546875 0.7724609375 0.37109375 0.40625
3 0.9228515625 0.7841796875 0.154296875 0.431640625
5 0.9423828125 0.7197265625 0.115234375 0.22265625
0 0.890625 0.853515625 0.06640625 0.0546875