5 0.345703125 0.208984375 0.125 0.26953125
0 0.314453125 0.396484375 0.10546875 0.0693359375
4 0.361328125 0.599609375 0.09375 0.15625
3 0.2958984375 0.3388671875 0.2255859375 0.677734375
5 0.748046875 0.2724609375 0.2548828125 0.2568359375
0 0.62109375 0.4052734375 0.0458984375 0.0673828125
0 0.765625 0.447265625 0.10546875 0.0673828125
4 0.6708984375 0.609375 0.1728515625 0.1201171875
4 0.7587890625 0.634765625 0.166015625 0.0869140625
1 0.7412109375 0.03515625 0.2041015625 0.0693359375
3 0.748046875 0.3388671875 0.3369140625 0.677734375
0 0.263671875 0.916015625 0.291015625 0.16796875
5 0.822265625 0.8388671875 0.25 0.322265625
0 0.51953125 0.8330078125 0.09375 0.1201171875
3 0.7451171875 0.8388671875 0.509765625 0.322265625