5 0.380859375 0.361328125 0.203125 0.21484375
0 0.2412109375 0.4970703125 0.080078125 0.0546875
1 0.4130859375 0.1630859375 0.142578125 0.0625
3 0.3330078125 0.3291015625 0.302734375 0.400390625
1 0.912109375 0.046875 0.17578125 0.08203125
5 0.56640625 0.3330078125 0.177734375 0.396484375
5 0.9462890625 0.337890625 0.107421875 0.3984375
3 0.841796875 0.26953125 0.31640625 0.53515625
3 0.5888671875 0.2666015625 0.22265625 0.533203125
6 0.833984375 0.2890625 0.111328125 0.0703125
5 0.111328125 0.8984375 0.22265625 0.19140625
1 0.1259765625 0.7138671875 0.1484375 0.072265625
3 0.154296875 0.833984375 0.30859375 0.32421875
1 0.8173828125 0.54296875 0.123046875 0.01953125
0 0.94140625 0.677734375 0.09375 0.0390625
3 0.755859375 0.7646484375 0.484375 0.470703125