5 0.169921875 0.4921875 0.302734375 0.302734375
0 0.328125 0.5625 0.025390625 0.05078125
0 0.2236328125 0.6689453125 0.09375 0.0625
1 0.1494140625 0.248046875 0.23828125 0.12890625
3 0.259765625 0.43359375 0.51953125 0.5859375
5 0.8369140625 0.2646484375 0.326171875 0.501953125
3 0.7890625 0.29296875 0.421875 0.5859375
5 0.2998046875 0.96484375 0.306640625 0.0703125
2 0.26953125 0.8359375 0.185546875 0.275390625
3 0.27734375 0.833984375 0.4375 0.33203125
0 0.798828125 0.759765625 0.068359375 0.091796875
5 0.88671875 0.6357421875 0.19140625 0.1953125
3 0.857421875 0.734375 0.28515625 0.42578125