0 0.0224609375 0.314453125 0.044921875 0.0625
1 0.326171875 0.095703125 0.0361328125 0.0625
1 0.388671875 0.298828125 0.0986328125 0.103515625
1 0.412109375 0.2255859375 0.072265625 0.0693359375
1 0.5361328125 0.2294921875 0.0625 0.0791015625
1 0.6181640625 0.3056640625 0.072265625 0.09375
1 0.693359375 0.1708984375 0.0625 0.07421875
1 0.7412109375 0.0888671875 0.0673828125 0.060546875
1 0.810546875 0.1650390625 0.0693359375 0.0791015625
1 0.919921875 0.1298828125 0.0556640625 0.0625
1 0.8603515625 0.314453125 0.0888671875 0.103515625
5 0.373046875 0.5146484375 0.1298828125 0.23046875
5 0.5322265625 0.4228515625 0.123046875 0.26171875
5 0.6240234375 0.509765625 0.1318359375 0.240234375
5 0.70703125 0.361328125 0.1181640625 0.25
5 0.86328125 0.521484375 0.154296875 0.216796875
5 0.8125 0.3486328125 0.0771484375 0.2255859375
6 0.3486328125 0.123046875 0.0263671875 0.041015625
3 0.8720703125 0.4423828125 0.255859375 0.373046875
3 0.9443359375 0.2646484375 0.1103515625 0.3369140625
3 0.810546875 0.326171875 0.083984375 0.4013671875
3 0.3916015625 0.44140625 0.16796875 0.376953125
3 0.62109375 0.443359375 0.1611328125 0.373046875
3 0.53125 0.408203125 0.14453125 0.4423828125
3 0.708984375 0.3798828125 0.134765625 0.5
3 0.7509765625 0.162109375 0.0888671875 0.216796875
5 0.0458984375 0.669921875 0.091796875 0.0791015625
3 0.0517578125 0.814453125 0.103515625 0.3701171875
5 0.662109375 0.814453125 0.67578125 0.3701171875