0 0.0927734375 0.1240234375 0.0625 0.0576171875
4 0.0322265625 0.29296875 0.064453125 0.125
3 0.076171875 0.181640625 0.1513671875 0.36328125
0 0.8505859375 0.013671875 0.08203125 0.0263671875
4 0.6416015625 0.1865234375 0.123046875 0.1318359375
4 0.7978515625 0.19921875 0.0888671875 0.1494140625
3 0.720703125 0.146484375 0.4228515625 0.29296875
0 0.3681640625 0.58984375 0.0673828125 0.052734375
4 0.38671875 0.775390625 0.08203125 0.123046875
3 0.365234375 0.642578125 0.125 0.38671875
1 0.861328125 0.5771484375 0.2255859375 0.09375
3 0.783203125 0.7666015625 0.4326171875 0.466796875