5 0.4580078125 0.201171875 0.1611328125 0.17578125
1 0.482421875 0.041015625 0.11328125 0.0576171875
3 0.421875 0.154296875 0.2333984375 0.26953125
5 0.89453125 0.1806640625 0.2041015625 0.1875
0 0.767578125 0.283203125 0.0556640625 0.009765625
1 0.8916015625 0.0244140625 0.1298828125 0.0478515625
3 0.8583984375 0.14453125 0.283203125 0.2880859375
5 0.40234375 0.4462890625 0.1513671875 0.14453125
0 0.4912109375 0.5400390625 0.05078125 0.041015625
0 0.30859375 0.5322265625 0.0361328125 0.04296875
4 0.34765625 0.662109375 0.0888671875 0.07421875
4 0.4326171875 0.662109375 0.0673828125 0.0771484375
1 0.4052734375 0.318359375 0.1005859375 0.0478515625
3 0.3974609375 0.5009765625 0.2744140625 0.416015625
3 0.88671875 0.546875 0.2255859375 0.5166015625
5 0.927734375 0.455078125 0.14453125 0.1943359375
4 0.890625 0.7431640625 0.064453125 0.115234375
4 0.9873046875 0.7451171875 0.025390625 0.115234375
0 0.837890625 0.5830078125 0.07421875 0.05078125