3 0.13671875 0.1787109375 0.2734375 0.357421875
5 0.10546875 0.056640625 0.2109375 0.11328125
0 0.216796875 0.146484375 0.08203125 0.064453125
0 0.0068359375 0.134765625 0.013671875 0.05078125
4 0.203125 0.30859375 0.0888671875 0.0986328125
4 0.0634765625 0.3056640625 0.1181640625 0.10546875
5 0.5947265625 0.2353515625 0.158203125 0.1416015625
0 0.509765625 0.3291015625 0.0458984375 0.041015625
0 0.7041015625 0.31640625 0.0380859375 0.04296875
1 0.580078125 0.107421875 0.1005859375 0.0380859375
1 0.603515625 0.22265625 0.2744140625 0.271484375
5 0.345703125 0.50390625 0.1396484375 0.126953125
0 0.27734375 0.5869140625 0.0380859375 0.03125
0 0.4169921875 0.5791015625 0.021484375 0.04296875
4 0.3798828125 0.697265625 0.0673828125 0.072265625
4 0.3125 0.6826171875 0.04296875 0.060546875
1 0.3447265625 0.3896484375 0.0888671875 0.0361328125
3 0.3330078125 0.5537109375 0.189453125 0.373046875
5 0.861328125 0.4853515625 0.2763671875 0.2548828125
4 0.79296875 0.9267578125 0.158203125 0.1005859375
4 0.947265625 0.94140625 0.10546875 0.103515625
3 0.828125 0.6787109375 0.34375 0.6416015625