4 0.0693359375 0.046875 0.138671875 0.09375
4 0.2177734375 0.064453125 0.111328125 0.12890625
3 0.185546875 0.0625 0.3701171875 0.125
4 0.62890625 0.056640625 0.146484375 0.11328125
4 0.7763671875 0.076171875 0.115234375 0.1513671875
3 0.724609375 0.078125 0.4443359375 0.15625
1 0.328125 0.310546875 0.2236328125 0.1201171875
0 0.2021484375 0.892578125 0.404296875 0.2138671875
3 0.2197265625 0.625 0.439453125 0.75
5 0.6962890625 0.3916015625 0.271484375 0.25
0 0.83984375 0.541015625 0.072265625 0.064453125
0 0.5771484375 0.546875 0.0791015625 0.0673828125
4 0.79296875 0.7353515625 0.1103515625 0.1396484375
4 0.64453125 0.7392578125 0.095703125 0.134765625
3 0.7021484375 0.5400390625 0.4130859375 0.5791015625