5 0.287109375 0.2744140625 0.146484375 0.140625
0 0.2958984375 0.369140625 0.05078125 0.04296875
1 0.28515625 0.1357421875 0.1015625 0.04296875
3 0.26953125 0.265625 0.240234375 0.3046875
3 0.7548828125 0.208984375 0.359375 0.41796875
5 0.7509765625 0.1630859375 0.251953125 0.24609375
0 0.8427734375 0.318359375 0.095703125 0.0625
0 0.62109375 0.2978515625 0.06640625 0.060546875
5 0.0380859375 0.7978515625 0.076171875 0.341796875
5 0.3232421875 0.73046875 0.291015625 0.5390625
5 0.1298828125 0.787109375 0.1484375 0.42578125
5 0.1953125 0.7939453125 0.171875 0.412109375
2 0.330078125 0.5048828125 0.13671875 0.171875
2 0.240234375 0.5556640625 0.08203125 0.171875
2 0.447265625 0.537109375 0.04296875 0.13671875
2 0.1474609375 0.560546875 0.08984375 0.123046875
3 0.3330078125 0.708984375 0.271484375 0.58203125
3 0.1337890625 0.74609375 0.15625 0.5078125
5 0.916015625 0.837890625 0.16796875 0.32421875
3 0.8701171875 0.7216796875 0.255859375 0.556640625