0 0.2314453125 0.025390625 0.068359375 0.05078125
4 0.0791015625 0.1474609375 0.044921875 0.10546875
4 0.17578125 0.169921875 0.115234375 0.126953125
3 0.1708984375 0.125 0.236328125 0.25
5 0.74609375 0.306640625 0.15234375 0.13671875
0 0.8193359375 0.3876953125 0.033203125 0.0390625
0 0.65625 0.3583984375 0.04296875 0.04296875
4 0.716796875 0.4697265625 0.076171875 0.083984375
4 0.671875 0.46875 0.064453125 0.078125
1 0.7734375 0.208984375 0.083984375 0.05078125
3 0.73828125 0.34765625 0.291015625 0.376953125
1 0.130859375 0.5869140625 0.140625 0.125
0 0.17578125 0.884765625 0.099609375 0.119140625
3 0.1923828125 0.7158203125 0.384765625 0.498046875
3 0.7724609375 0.76953125 0.427734375 0.4609375
5 0.7890625 0.751953125 0.3203125 0.279296875
0 0.6982421875 0.88671875 0.09765625 0.076171875
0 0.904296875 0.896484375 0.044921875 0.0625
4 0.681640625 0.98828125 0.15234375 0.0234375