5 0.0693359375 0.1640625 0.138671875 0.21484375
0 0.1572265625 0.29296875 0.060546875 0.0556640625
4 0.146484375 0.47265625 0.1103515625 0.11328125
4 0.021484375 0.4677734375 0.04296875 0.1181640625
1 0.1142578125 0.2646484375 0.228515625 0.529296875
5 0.7822265625 0.2861328125 0.072265625 0.0791015625
5 0.966796875 0.2880859375 0.052734375 0.0869140625
5 0.5830078125 0.32421875 0.0380859375 0.0673828125
5 0.6728515625 0.302734375 0.0458984375 0.0869140625
5 0.439453125 0.341796875 0.04296875 0.1005859375
5 0.931640625 0.283203125 0.0791015625 0.09375
2 0.4287109375 0.2763671875 0.021484375 0.04296875
2 0.580078125 0.240234375 0.0244140625 0.04296875
2 0.67578125 0.251953125 0.0244140625 0.0380859375
2 0.7568359375 0.2353515625 0.0263671875 0.04296875
2 0.796875 0.236328125 0.0244140625 0.04296875
2 0.921875 0.220703125 0.029296875 0.04296875
2 0.970703125 0.2236328125 0.029296875 0.04296875
3 0.4599609375 0.390625 0.083984375 0.2763671875
3 0.587890625 0.359375 0.0693359375 0.2880859375
3 0.6767578125 0.361328125 0.0693359375 0.2568359375
3 0.7509765625 0.3447265625 0.0576171875 0.279296875
3 0.8076171875 0.34375 0.0673828125 0.271484375
3 0.923828125 0.3349609375 0.060546875 0.28125
3 0.9736328125 0.32421875 0.052734375 0.2744140625
0 0.4375 0.359375 0.021484375 0.021484375
0 0.4833984375 0.3037109375 0.0166015625 0.0244140625
0 0.5791015625 0.3115234375 0.0146484375 0.0244140625
0 0.6083984375 0.298828125 0.0146484375 0.029296875
0 0.7392578125 0.3125 0.021484375 0.0263671875
0 0.80859375 0.318359375 0.0166015625 0.0263671875
0 0.904296875 0.33984375 0.0166015625 0.021484375
0 0.93359375 0.341796875 0.0166015625 0.0263671875
6 0.7880859375 0.3125 0.0263671875 0.01953125
6 0.728515625 0.302734375 0.01171875 0.0146484375
6 0.67578125 0.3603515625 0.0146484375 0.0244140625
6 0.6884765625 0.357421875 0.01171875 0.0244140625
5 0.0625 0.876953125 0.125 0.16796875
0 0.158203125 0.974609375 0.04296875 0.05078125
1 0.046875 0.7177734375 0.09375 0.0458984375
3 0.1005859375 0.8447265625 0.201171875 0.306640625
5 0.9326171875 0.7138671875 0.134765625 0.3701171875
3 0.853515625 0.7646484375 0.29296875 0.470703125