4 0.29296875 0.138671875 0.115234375 0.142578125
4 0.1484375 0.1181640625 0.1015625 0.14453125
3 0.23046875 0.1162109375 0.3828125 0.232421875
5 0.8037109375 0.357421875 0.26953125 0.21875
1 0.7958984375 0.1494140625 0.1796875 0.1015625
3 0.8349609375 0.287109375 0.330078125 0.37890625
5 0.2783203125 0.736328125 0.318359375 0.287109375
0 0.400390625 0.916015625 0.091796875 0.076171875
0 0.1220703125 0.876953125 0.103515625 0.083984375
1 0.3115234375 0.5048828125 0.169921875 0.099609375
3 0.28515625 0.7177734375 0.447265625 0.55859375
5 0.88671875 0.5322265625 0.2265625 0.166015625
0 0.796875 0.6298828125 0.08203125 0.07421875
4 0.8271484375 0.8388671875 0.115234375 0.158203125
3 0.8388671875 0.693359375 0.322265625 0.50390625