5 0.26953125 0.2763671875 0.119140625 0.11328125
0 0.3427734375 0.3193359375 0.03125 0.03125
0 0.2412109375 0.345703125 0.041015625 0.0234375
4 0.3447265625 0.4033203125 0.06640625 0.06640625
4 0.2744140625 0.4140625 0.056640625 0.060546875
1 0.25390625 0.1982421875 0.06640625 0.04296875
3 0.283203125 0.3173828125 0.21484375 0.291015625
5 0.625 0.302734375 0.3828125 0.412109375
3 0.6337890625 0.2548828125 0.458984375 0.509765625
5 0.404296875 0.78125 0.3828125 0.4375
5 0.1875 0.8466796875 0.30078125 0.306640625
3 0.4091796875 0.7548828125 0.369140625 0.490234375
3 0.171875 0.7939453125 0.3125 0.412109375
2 0.4130859375 0.6181640625 0.228515625 0.21484375
2 0.111328125 0.73828125 0.185546875 0.265625
2 0.2431640625 0.7724609375 0.109375 0.1640625
3 0.8173828125 0.6552734375 0.365234375 0.482421875
5 0.8310546875 0.5107421875 0.27734375 0.17578125
0 0.96875 0.5693359375 0.0625 0.072265625
0 0.734375 0.6201171875 0.072265625 0.06640625
4 0.966796875 0.7578125 0.06640625 0.15234375
4 0.8515625 0.7802734375 0.126953125 0.138671875