1 0.927734375 0.1533203125 0.11328125 0.083984375
0 0.83203125 0.2255859375 0.060546875 0.064453125
3 0.88671875 0.1826171875 0.203125 0.19921875
3 0.5068359375 0.55078125 0.31640625 0.51953125
4 0.5068359375 0.748046875 0.1171875 0.134765625
5 0.533203125 0.41796875 0.234375 0.234375
0 0.4609375 0.5693359375 0.12109375 0.05859375
4 0.60546875 0.71484375 0.1171875 0.12890625
5 0.923828125 0.5751953125 0.15234375 0.537109375
3 0.87890625 0.626953125 0.2421875 0.71484375
6 0.8544921875 0.8681640625 0.115234375 0.142578125