5 0.900390625 0.1982421875 0.19921875 0.30078125
3 0.8408203125 0.173828125 0.318359375 0.34765625
5 0.05078125 0.48046875 0.1005859375 0.2646484375
5 0.1982421875 0.439453125 0.1318359375 0.1826171875
0 0.0087890625 0.5361328125 0.0166015625 0.0673828125
4 0.0146484375 0.9208984375 0.029296875 0.0771484375
4 0.072265625 0.8994140625 0.083984375 0.060546875
4 0.1962890625 0.9287109375 0.1005859375 0.052734375
3 0.0615234375 0.640625 0.123046875 0.583984375
3 0.234375 0.6630859375 0.248046875 0.6298828125
5 0.9033203125 0.6513671875 0.193359375 0.181640625
0 0.783203125 0.7705078125 0.0625 0.0478515625
4 0.841796875 0.9228515625 0.0693359375 0.1083984375
4 0.9208984375 0.9130859375 0.0791015625 0.1005859375
1 0.91015625 0.498046875 0.126953125 0.0625
3 0.87109375 0.72265625 0.2568359375 0.5263671875