0 0.634765625 0.0615234375 0.083984375 0.0859375
0 0.34375 0.025390625 0.1015625 0.05078125
4 0.3515625 0.2177734375 0.13671875 0.169921875
4 0.5146484375 0.25 0.162109375 0.17578125
3 0.451171875 0.1982421875 0.5625 0.396484375
0 0.7958984375 0.5029296875 0.05078125 0.0625
3 0.859375 0.310546875 0.17578125 0.4609375
5 0.1904296875 0.607421875 0.380859375 0.5078125
5 0.578125 0.7197265625 0.384765625 0.515625
0 0.248046875 0.8564453125 0.1328125 0.189453125
0 0.5869140625 0.9345703125 0.130859375 0.130859375
3 0.521484375 0.716796875 0.5 0.56640625
3 0.19921875 0.6474609375 0.3984375 0.619140625
6 0.4609375 0.7802734375 0.134765625 0.119140625
0 0.806640625 0.97265625 0.17578125 0.0546875
3 0.81640625 0.7626953125 0.35546875 0.474609375