3 0.3203125 0.162109375 0.3046875 0.32421875
5 0.3515625 0.029296875 0.24609375 0.05859375
0 0.2373046875 0.0703125 0.068359375 0.060546875
0 0.4521484375 0.08984375 0.03515625 0.060546875
4 0.4296875 0.263671875 0.060546875 0.123046875
4 0.3125 0.2529296875 0.109375 0.130859375
5 0.873046875 0.3046875 0.25390625 0.1171875
1 0.869140625 0.16796875 0.15625 0.07421875
3 0.841796875 0.2431640625 0.31640625 0.240234375
5 0.193359375 0.3994140625 0.1171875 0.1015625
0 0.14453125 0.4541015625 0.0390625 0.02734375
0 0.2470703125 0.4580078125 0.037109375 0.029296875
4 0.2236328125 0.544921875 0.060546875 0.060546875
4 0.1513671875 0.5263671875 0.046875 0.048828125
1 0.2001953125 0.3203125 0.0625 0.029296875
3 0.1904296875 0.44140625 0.16796875 0.27734375
3 0.642578125 0.7041015625 0.42578125 0.591796875
5 0.63671875 0.654296875 0.271484375 0.24609375
0 0.7626953125 0.802734375 0.08203125 0.0625
0 0.517578125 0.787109375 0.05859375 0.060546875
4 0.728515625 0.958984375 0.08984375 0.08203125
4 0.580078125 0.9521484375 0.10546875 0.095703125
1 0.638671875 0.4560546875 0.162109375 0.080078125