5 0.0244140625 0.1982421875 0.048828125 0.162109375
0 0.0712890625 0.2724609375 0.05859375 0.048828125
4 0.0439453125 0.4072265625 0.080078125 0.09375
3 0.068359375 0.275390625 0.13671875 0.375
3 0.484375 0.2578125 0.35546875 0.515625
5 0.4375 0.15234375 0.23828125 0.234375
4 0.43359375 0.447265625 0.08203125 0.12890625
4 0.5703125 0.41796875 0.125 0.140625
0 0.5859375 0.2412109375 0.080078125 0.07421875
1 0.45703125 0.990234375 0.14453125 0.01953125
4 0.7783203125 0.7099609375 0.0546875 0.02734375