5 0.375 0.0400390625 0.265625 0.080078125
0 0.3681640625 0.103515625 0.115234375 0.087890625
4 0.3095703125 0.3037109375 0.19921875 0.1796875
4 0.2529296875 0.23828125 0.1953125 0.158203125
3 0.3330078125 0.2060546875 0.447265625 0.412109375
3 0.9111328125 0.3359375 0.177734375 0.48828125
5 0.220703125 0.5166015625 0.3046875 0.28515625
0 0.3125 0.6923828125 0.080078125 0.072265625
0 0.07421875 0.6357421875 0.083984375 0.076171875
4 0.216796875 0.857421875 0.123046875 0.1484375
4 0.0791015625 0.8232421875 0.1171875 0.14453125
3 0.208984375 0.64453125 0.41796875 0.5859375
5 0.75390625 0.5634765625 0.2578125 0.138671875
0 0.8662109375 0.6669921875 0.09765625 0.087890625
4 0.607421875 0.806640625 0.111328125 0.154296875
4 0.7509765625 0.845703125 0.13671875 0.16796875
3 0.7470703125 0.728515625 0.400390625 0.46875