5 0.26171875 0.0830078125 0.375 0.166015625
0 0.28515625 0.2333984375 0.1005859375 0.0693359375
4 0.2919921875 0.404296875 0.2236328125 0.0478515625
4 0.3896484375 0.3818359375 0.20703125 0.091796875
3 0.294921875 0.2138671875 0.46875 0.427734375
3 0.8330078125 0.2138671875 0.333984375 0.427734375
5 0.845703125 0.0869140625 0.3076171875 0.1728515625
0 0.8740234375 0.236328125 0.1201171875 0.07421875
4 0.9541015625 0.3857421875 0.091796875 0.083984375
1 0.4384765625 0.5048828125 0.15625 0.154296875
5 0.412109375 0.861328125 0.314453125 0.2763671875
3 0.4072265625 0.7138671875 0.32421875 0.572265625
5 0.654296875 0.7666015625 0.16796875 0.1494140625
0 0.5791015625 0.8642578125 0.01953125 0.0458984375
0 0.765625 0.857421875 0.04296875 0.0458984375
4 0.6337890625 0.9736328125 0.07421875 0.052734375
4 0.673828125 0.9677734375 0.0458984375 0.064453125
1 0.6494140625 0.6298828125 0.091796875 0.04296875
3 0.689453125 0.8037109375 0.240234375 0.3916015625