5 0.3173828125 0.15625 0.361328125 0.3125
0 0.267578125 0.0791015625 0.14453125 0.1015625
0 0.390625 0.1220703125 0.134765625 0.1015625
4 0.2265625 0.443359375 0.115234375 0.05859375
3 0.318359375 0.2587890625 0.52734375 0.517578125
1 0.6064453125 0.029296875 0.06640625 0.048828125
3 0.6181640625 0.287109375 0.330078125 0.564453125
3 0.552734375 0.32421875 0.19921875 0.4375
1 0.212890625 0.66015625 0.125 0.134765625
0 0.1435546875 0.7861328125 0.09765625 0.138671875
0 0.259765625 0.814453125 0.072265625 0.12109375
5 0.1572265625 0.8388671875 0.185546875 0.205078125
3 0.1728515625 0.7490234375 0.33984375 0.412109375
1 0.62109375 0.6044921875 0.1640625 0.119140625
3 0.552734375 0.7451171875 0.388671875 0.453125