5 0.2060546875 0.0595703125 0.201171875 0.119140625
0 0.06640625 0.12109375 0.048828125 0.048828125
0 0.3212890625 0.1357421875 0.056640625 0.05078125
4 0.150390625 0.2509765625 0.091796875 0.087890625
4 0.2783203125 0.2880859375 0.1171875 0.10546875
3 0.181640625 0.1767578125 0.34375 0.353515625
5 0.724609375 0.0771484375 0.1953125 0.138671875
0 0.626953125 0.154296875 0.0546875 0.046875
0 0.8369140625 0.1650390625 0.060546875 0.05078125
4 0.7958984375 0.30859375 0.087890625 0.10546875
4 0.681640625 0.302734375 0.087890625 0.099609375
3 0.724609375 0.1865234375 0.33984375 0.365234375
4 0.18359375 0.8984375 0.16796875 0.111328125
3 0.1923828125 0.7578125 0.302734375 0.4609375
3 0.7841796875 0.81640625 0.369140625 0.3671875
5 0.7841796875 0.888671875 0.287109375 0.22265625
0 0.64453125 0.9951171875 0.06640625 0.009765625
1 0.783203125 0.68359375 0.19140625 0.080078125