3 0.1865234375 0.228515625 0.310546875 0.45703125
5 0.166015625 0.083984375 0.2451171875 0.16796875
0 0.17578125 0.21484375 0.0888671875 0.0576171875
4 0.16015625 0.388671875 0.1630859375 0.1201171875
4 0.2451171875 0.349609375 0.1513671875 0.1103515625
3 0.638671875 0.32421875 0.0986328125 0.466796875
0 0.6474609375 0.4521484375 0.064453125 0.060546875
5 0.4111328125 0.70703125 0.35546875 0.2978515625
3 0.3515625 0.7783203125 0.47265625 0.443359375
3 0.6962890625 0.7890625 0.216796875 0.421875
5 0.66796875 0.818359375 0.158203125 0.228515625
0 0.7431640625 0.9599609375 0.083984375 0.064453125
1 0.630859375 0.61328125 0.083984375 0.0625