0 0.470703125 0.02734375 0.1015625 0.0546875
0 0.2021484375 0.076171875 0.076171875 0.048828125
4 0.3154296875 0.25390625 0.16015625 0.171875
4 0.4814453125 0.2353515625 0.126953125 0.173828125
3 0.380859375 0.197265625 0.51953125 0.39453125
3 0.7578125 0.162109375 0.390625 0.32421875
5 0.19140625 0.8427734375 0.296875 0.314453125
5 0.439453125 0.8203125 0.29296875 0.359375
2 0.3623046875 0.6005859375 0.142578125 0.23046875
2 0.1171875 0.6494140625 0.171875 0.236328125
3 0.1845703125 0.75 0.369140625 0.5
3 0.4296875 0.7265625 0.4140625 0.546875
5 0.8486328125 0.5478515625 0.23046875 0.41015625
2 0.7939453125 0.3388671875 0.107421875 0.111328125
3 0.826171875 0.6044921875 0.34765625 0.666015625