0 0.0234375 0.2373046875 0.046875 0.056640625
4 0.0341796875 0.392578125 0.068359375 0.11328125
3 0.04296875 0.251953125 0.0859375 0.3984375
5 0.7119140625 0.3017578125 0.212890625 0.181640625
1 0.70703125 0.1533203125 0.12109375 0.0625
3 0.716796875 0.2568359375 0.330078125 0.283203125
5 0.1806640625 0.837890625 0.306640625 0.32421875
3 0.19921875 0.7646484375 0.390625 0.470703125
2 0.154296875 0.623046875 0.150390625 0.150390625
1 0.921875 0.416015625 0.154296875 0.134765625
5 0.931640625 0.4970703125 0.13671875 0.287109375
4 0.91015625 0.8525390625 0.171875 0.15234375
3 0.8603515625 0.6572265625 0.279296875 0.619140625