0 0.3642578125 0.0107421875 0.03125 0.021484375
0 0.19921875 0.013671875 0.0380859375 0.0263671875
4 0.2587890625 0.1181640625 0.0576171875 0.072265625
4 0.29296875 0.0986328125 0.0478515625 0.0576171875
3 0.2802734375 0.08203125 0.21875 0.1630859375
5 0.50390625 0.6396484375 0.1708984375 0.25
0 0.5419921875 0.8017578125 0.09375 0.07421875
0 0.4208984375 0.77734375 0.05078125 0.0556640625
4 0.44921875 0.958984375 0.1875 0.08203125
1 0.5009765625 0.41015625 0.17578125 0.0693359375
3 0.4375 0.68359375 0.302734375 0.6318359375
5 0.615234375 0.4912109375 0.052734375 0.103515625
0 0.666015625 0.5478515625 0.0361328125 0.029296875
4 0.603515625 0.630859375 0.029296875 0.060546875
1 0.5986328125 0.40234375 0.01953125 0.03125
3 0.6337890625 0.53515625 0.0888671875 0.2958984375