4 0.1923828125 0.0380859375 0.0673828125 0.072265625
4 0.1240234375 0.0263671875 0.041015625 0.052734375
3 0.166015625 0.041015625 0.23046875 0.08203125
3 0.6416015625 0.2705078125 0.345703125 0.498046875
5 0.658203125 0.29296875 0.2666015625 0.2431640625
0 0.71875 0.45703125 0.095703125 0.0693359375
0 0.5224609375 0.4267578125 0.0673828125 0.0576171875
1 0.634765625 0.064453125 0.189453125 0.0693359375
3 0.3388671875 0.7734375 0.255859375 0.453125
5 0.36328125 0.798828125 0.2119140625 0.208984375
0 0.349609375 0.943359375 0.0888671875 0.0576171875
1 0.3759765625 0.587890625 0.177734375 0.064453125
5 0.537109375 0.759765625 0.13671875 0.48046875