5 0.0732421875 0.18359375 0.146484375 0.234375
0 0.16015625 0.2978515625 0.07421875 0.068359375
4 0.123046875 0.478515625 0.115234375 0.142578125
4 0.01953125 0.498046875 0.0390625 0.125
3 0.1318359375 0.3125 0.263671875 0.515625
5 0.71875 0.4169921875 0.296875 0.431640625
5 0.9326171875 0.4013671875 0.134765625 0.349609375
2 0.6337890625 0.1552734375 0.13671875 0.212890625
2 0.9208984375 0.1494140625 0.07421875 0.197265625
3 0.703125 0.318359375 0.3984375 0.63671875
3 0.9013671875 0.3125 0.197265625 0.5390625
5 0.2109375 0.888671875 0.166015625 0.21875
5 0.4453125 0.798828125 0.125 0.2109375
5 0.5302734375 0.744140625 0.064453125 0.171875
5 0.2666015625 0.7216796875 0.0625 0.0390625
5 0.37109375 0.7001953125 0.0546875 0.03515625
3 0.21875 0.853515625 0.21875 0.29296875
3 0.4501953125 0.8330078125 0.177734375 0.333984375
3 0.5361328125 0.8271484375 0.119140625 0.345703125
3 0.2919921875 0.826171875 0.11328125 0.251953125
3 0.3232421875 0.7626953125 0.05859375 0.13671875
6 0.419921875 0.9296875 0.048828125 0.0546875
6 0.56640625 0.86328125 0.017578125 0.056640625
2 0.20703125 0.763671875 0.0859375 0.099609375
2 0.44921875 0.705078125 0.05859375 0.072265625
5 0.85546875 0.865234375 0.2890625 0.1953125
1 0.8291015625 0.685546875 0.1953125 0.11328125
3 0.8115234375 0.7880859375 0.376953125 0.369140625