3 0.3857421875 0.234375 0.126953125 0.46875
5 0.412109375 0.236328125 0.07421875 0.2666015625
0 0.3740234375 0.375 0.064453125 0.064453125
0 0.6318359375 0.0068359375 0.052734375 0.013671875
4 0.4951171875 0.146484375 0.07421875 0.10546875
4 0.6162109375 0.1455078125 0.0869140625 0.103515625
3 0.5634765625 0.099609375 0.228515625 0.19921875
5 0.927734375 0.60546875 0.14453125 0.1396484375
0 0.830078125 0.69140625 0.04296875 0.04296875
4 0.8818359375 0.8037109375 0.083984375 0.0791015625
4 0.962890625 0.8232421875 0.0625 0.0771484375
1 0.9365234375 0.484375 0.103515625 0.03125
3 0.9013671875 0.666015625 0.197265625 0.39453125