5 0.24609375 0.1240234375 0.275390625 0.20703125
0 0.1533203125 0.26953125 0.0859375 0.076171875
0 0.404296875 0.1787109375 0.0625 0.0703125
4 0.3876953125 0.39453125 0.12890625 0.150390625
4 0.2705078125 0.4052734375 0.12890625 0.142578125
3 0.2705078125 0.2666015625 0.4453125 0.51171875
5 0.8232421875 0.0302734375 0.173828125 0.060546875
0 0.7548828125 0.0888671875 0.05859375 0.05078125
4 0.798828125 0.201171875 0.07421875 0.091796875
4 0.91796875 0.208984375 0.08203125 0.12109375
3 0.8212890625 0.154296875 0.275390625 0.30859375
5 0.0849609375 0.650390625 0.15625 0.185546875
5 0.2236328125 0.81640625 0.388671875 0.3671875
5 0.90234375 0.802734375 0.1953125 0.265625
3 0.873046875 0.724609375 0.25390625 0.43359375
2 0.9091796875 0.611328125 0.142578125 0.16796875