3 0.3212890625 0.2734375 0.244140625 0.486328125
5 0.3466796875 0.267578125 0.140625 0.27734375
0 0.345703125 0.412109375 0.078125 0.078125
4 0.4033203125 0.16015625 0.099609375 0.12109375
4 0.5205078125 0.1279296875 0.111328125 0.123046875
3 0.4580078125 0.111328125 0.271484375 0.22265625
5 0.92578125 0.490234375 0.1484375 0.171875
0 0.8681640625 0.599609375 0.052734375 0.052734375
4 0.947265625 0.6943359375 0.1015625 0.09765625
1 0.91796875 0.3720703125 0.107421875 0.056640625
3 0.8916015625 0.5556640625 0.216796875 0.431640625