3 0.3310546875 0.3369140625 0.46484375 0.53515625
5 0.3310546875 0.328125 0.2890625 0.2578125
0 0.4892578125 0.4169921875 0.083984375 0.078125
0 0.2451171875 0.4892578125 0.072265625 0.064453125
1 0.26171875 0.150390625 0.16796875 0.10546875
3 0.5361328125 0.751953125 0.357421875 0.49609375
5 0.51953125 0.625 0.248046875 0.240234375
4 0.580078125 0.927734375 0.15234375 0.14453125
4 0.6494140625 0.8828125 0.111328125 0.115234375
0 0.5224609375 0.7685546875 0.095703125 0.078125
3 0.7080078125 0.6552734375 0.23046875 0.376953125
4 0.712890625 0.7666015625 0.12109375 0.130859375
0 0.708984375 0.587890625 0.0703125 0.068359375