3 0.421875 0.22265625 0.3515625 0.4453125
5 0.466796875 0.0615234375 0.265625 0.123046875
0 0.4755859375 0.1533203125 0.099609375 0.083984375
0 0.3388671875 0.1005859375 0.05859375 0.05859375
4 0.451171875 0.3671875 0.19140625 0.16015625
4 0.390625 0.3017578125 0.23046875 0.162109375
0 0.6494140625 0.2353515625 0.185546875 0.388671875
0 0.8056640625 0.5166015625 0.36328125 0.181640625
1 0.2890625 0.7275390625 0.123046875 0.197265625
3 0.189453125 0.744140625 0.37890625 0.48046875
5 0.6064453125 0.701171875 0.18359375 0.271484375
0 0.666015625 0.8701171875 0.0859375 0.076171875
3 0.626953125 0.7802734375 0.265625 0.439453125