5 0.146484375 0.42578125 0.29296875 0.36328125
0 0.31640625 0.5400390625 0.064453125 0.0859375
0 0.076171875 0.6484375 0.12109375 0.095703125
1 0.068359375 0.1669921875 0.13671875 0.142578125
3 0.20703125 0.4111328125 0.4140625 0.708984375
5 0.599609375 0.115234375 0.33203125 0.23046875
0 0.50390625 0.2587890625 0.091796875 0.0859375
0 0.78125 0.1943359375 0.087890625 0.083984375
4 0.7666015625 0.404296875 0.140625 0.16796875
4 0.607421875 0.4375 0.123046875 0.158203125
3 0.662109375 0.2724609375 0.515625 0.544921875
5 0.251953125 0.931640625 0.33203125 0.13671875
1 0.1884765625 0.787109375 0.20703125 0.12890625
3 0.279296875 0.84375 0.45703125 0.3125
0 0.77734375 0.76171875 0.4453125 0.44140625
0 0.7734375 0.673828125 0.4375 0.234375