5 0.3681640625 0.1181640625 0.240234375 0.2353515625
0 0.2177734375 0.2724609375 0.07421875 0.0576171875
3 0.318359375 0.19921875 0.3359375 0.3984375
1 0.9560546875 0.0478515625 0.087890625 0.037109375
3 0.9140625 0.2158203125 0.171875 0.365234375
5 0.0458984375 0.890625 0.091796875 0.21875
5 0.181640625 0.9326171875 0.1611328125 0.134765625
5 0.3740234375 0.9052734375 0.13671875 0.189453125
2 0.28515625 0.5419921875 0.0791015625 0.125
2 0.126953125 0.5634765625 0.0693359375 0.123046875
2 0.02734375 0.70703125 0.0546875 0.1171875
2 0.173828125 0.7958984375 0.0791015625 0.126953125
2 0.244140625 0.7138671875 0.0673828125 0.123046875
2 0.3232421875 0.671875 0.0673828125 0.1103515625
2 0.369140625 0.744140625 0.0673828125 0.1318359375
2 0.4306640625 0.6708984375 0.0673828125 0.11328125
3 0.0517578125 0.8232421875 0.103515625 0.353515625
3 0.1806640625 0.865234375 0.158203125 0.26953125
3 0.375 0.8359375 0.13671875 0.328125
6 0.1982421875 0.9814453125 0.048828125 0.037109375
5 0.8984375 0.4375 0.203125 0.078125
0 0.7978515625 0.515625 0.0791015625 0.064453125
4 0.9873046875 0.724609375 0.025390625 0.15625
4 0.87109375 0.720703125 0.1103515625 0.14453125
1 0.8603515625 0.6025390625 0.279296875 0.40625