5 0.4541015625 0.0986328125 0.294921875 0.197265625
0 0.314453125 0.2099609375 0.091796875 0.07421875
0 0.576171875 0.2255859375 0.03125 0.068359375
4 0.5224609375 0.4228515625 0.115234375 0.154296875
4 0.36328125 0.41015625 0.103515625 0.1484375
3 0.4033203125 0.255859375 0.400390625 0.51171875
5 0.728515625 0.1416015625 0.283203125 0.25390625
5 0.7802734375 0.388671875 0.439453125 0.48828125
5 0.2763671875 0.9228515625 0.18359375 0.13671875
2 0.28125 0.787109375 0.099609375 0.1640625
3 0.2783203125 0.845703125 0.25 0.294921875
5 0.888671875 0.8837890625 0.1796875 0.232421875
2 0.9072265625 0.7236328125 0.1015625 0.12109375
3 0.849609375 0.8251953125 0.27734375 0.349609375