5 0.3369140625 0.072265625 0.154296875 0.14453125
0 0.2529296875 0.1279296875 0.048828125 0.041015625
0 0.3974609375 0.1533203125 0.03515625 0.048828125
4 0.34375 0.2509765625 0.072265625 0.08203125
4 0.26953125 0.21875 0.060546875 0.0703125
1 0.3642578125 0.0078125 0.087890625 0.015625
3 0.3271484375 0.1513671875 0.271484375 0.302734375
0 0.9716796875 0.248046875 0.056640625 0.0859375
4 0.9833984375 0.4619140625 0.033203125 0.123046875
4 0.984375 0.4091796875 0.03125 0.111328125
3 0.9306640625 0.3203125 0.138671875 0.44140625
5 0.103515625 0.69140625 0.20703125 0.44921875