3 0.384765625 0.1220703125 0.37890625 0.244140625
4 0.482421875 0.1474609375 0.10546875 0.158203125
4 0.34765625 0.1328125 0.15234375 0.138671875
3 0.8544921875 0.2001953125 0.25 0.39453125
5 0.849609375 0.1484375 0.15234375 0.142578125
0 0.78515625 0.234375 0.048828125 0.044921875
0 0.9375 0.2265625 0.0390625 0.046875
4 0.8759765625 0.341796875 0.07421875 0.083984375
4 0.8095703125 0.337890625 0.056640625 0.072265625
1 0.85546875 0.0302734375 0.08984375 0.041015625
1 0.0830078125 0.5478515625 0.11328125 0.078125
1 0.2705078125 0.5556640625 0.109375 0.0703125
1 0.4189453125 0.4931640625 0.1328125 0.07421875
5 0.0830078125 0.7099609375 0.15234375 0.24609375
5 0.267578125 0.71484375 0.23046875 0.20703125
5 0.50390625 0.65625 0.236328125 0.248046875
3 0.482421875 0.708984375 0.31640625 0.58203125
3 0.28515625 0.7421875 0.3515625 0.515625
3 0.1005859375 0.728515625 0.201171875 0.54296875
6 0.513671875 0.7880859375 0.060546875 0.068359375
6 0.14453125 0.7265625 0.056640625 0.078125
6 0.296875 0.79296875 0.08203125 0.0546875
0 0.638671875 0.447265625 0.05078125 0.041015625
0 0.8037109375 0.42578125 0.041015625 0.046875
4 0.703125 0.548828125 0.06640625 0.07421875
4 0.7587890625 0.5283203125 0.068359375 0.072265625
3 0.7294921875 0.4970703125 0.236328125 0.197265625