5 0.36328125 0.0859375 0.228515625 0.171875
0 0.3310546875 0.2099609375 0.1171875 0.0859375
4 0.4169921875 0.3642578125 0.1328125 0.099609375
3 0.353515625 0.216796875 0.341796875 0.43359375
0 0.6083984375 0.1904296875 0.310546875 0.380859375
5 0.0595703125 0.642578125 0.103515625 0.146484375
0 0.12890625 0.724609375 0.060546875 0.052734375
4 0.13671875 0.8408203125 0.1171875 0.095703125
4 0.0703125 0.8466796875 0.037109375 0.078125
1 0.0283203125 0.513671875 0.056640625 0.046875
3 0.109375 0.689453125 0.21875 0.43359375
5 0.7412109375 0.6064453125 0.33203125 0.3125
0 0.65234375 0.798828125 0.099609375 0.083984375
0 0.9208984375 0.73046875 0.083984375 0.083984375
4 0.9013671875 0.900390625 0.134765625 0.083984375
4 0.7373046875 0.931640625 0.109375 0.080078125
1 0.677734375 0.380859375 0.17578125 0.0859375
3 0.7626953125 0.6435546875 0.474609375 0.673828125