4 0.4052734375 0.0654296875 0.078125 0.091796875
4 0.34375 0.0849609375 0.06640625 0.095703125
3 0.3876953125 0.07421875 0.263671875 0.1484375
4 0.5966796875 0.1171875 0.166015625 0.1484375
4 0.822265625 0.099609375 0.20703125 0.1640625
3 0.7197265625 0.11328125 0.439453125 0.2265625
5 0.3193359375 0.4677734375 0.203125 0.14453125
0 0.2412109375 0.5634765625 0.060546875 0.056640625
0 0.431640625 0.521484375 0.05078125 0.0546875
4 0.296875 0.669921875 0.076171875 0.09375
4 0.419921875 0.6845703125 0.111328125 0.12109375
3 0.3388671875 0.5830078125 0.34375 0.392578125
5 0.791015625 0.5 0.181640625 0.2890625
5 0.9033203125 0.48046875 0.173828125 0.318359375
0 0.865234375 0.5615234375 0.064453125 0.078125
4 0.875 0.9248046875 0.08203125 0.046875
4 0.927734375 0.916015625 0.08203125 0.044921875
4 0.9794921875 0.8935546875 0.041015625 0.060546875
3 0.8212890625 0.6357421875 0.296875 0.64453125
3 0.896484375 0.6162109375 0.20703125 0.638671875