5 0.31640625 0.0888671875 0.248046875 0.177734375
0 0.201171875 0.208984375 0.0869140625 0.0693359375
4 0.4052734375 0.396484375 0.0693359375 0.125
4 0.263671875 0.396484375 0.09375 0.125
3 0.275390625 0.2294921875 0.3291015625 0.458984375
0 0.8818359375 0.3798828125 0.177734375 0.158203125
5 0.5068359375 0.271484375 0.134765625 0.375
3 0.7197265625 0.2294921875 0.560546875 0.458984375
0 0.2607421875 0.533203125 0.0869140625 0.072265625
4 0.3232421875 0.7294921875 0.0888671875 0.14453125
3 0.3125 0.6474609375 0.2548828125 0.376953125
0 0.6162109375 0.796875 0.3291015625 0.40625
4 0.7568359375 0.93359375 0.1201171875 0.1318359375