1 0.732421875 0.203125 0.1611328125 0.2666015625
1 0.927734375 0.142578125 0.14453125 0.228515625
5 0.6650390625 0.486328125 0.3056640625 0.2041015625
3 0.6650390625 0.326171875 0.32421875 0.5263671875
3 0.9228515625 0.30078125 0.154296875 0.5771484375
1 0.380859375 0.8134765625 0.0361328125 0.0693359375
3 0.30078125 0.88671875 0.197265625 0.2255859375
5 0.5830078125 0.75 0.2958984375 0.322265625
0 0.4208984375 0.90234375 0.04296875 0.11328125
0 0.5 0.958984375 0.0869140625 0.08203125
3 0.5673828125 0.7939453125 0.337890625 0.412109375