5 0.35546875 0.279296875 0.248046875 0.2890625
1 0.4033203125 0.03515625 0.177734375 0.0703125
3 0.34375 0.2119140625 0.296875 0.423828125
5 0.623046875 0.0576171875 0.27734375 0.115234375
0 0.541015625 0.15234375 0.109375 0.080078125
0 0.779296875 0.1171875 0.048828125 0.078125
4 0.6806640625 0.337890625 0.21484375 0.154296875
4 0.5498046875 0.3623046875 0.18359375 0.154296875
3 0.642578125 0.2265625 0.375 0.453125
5 0.3447265625 0.744140625 0.20703125 0.498046875
3 0.3466796875 0.69140625 0.21875 0.56640625
5 0.7587890625 0.693359375 0.298828125 0.287109375
0 0.884765625 0.8740234375 0.080078125 0.07421875
0 0.607421875 0.84375 0.083984375 0.0703125
4 0.6572265625 0.98828125 0.111328125 0.0234375
1 0.76953125 0.474609375 0.181640625 0.060546875
3 0.7607421875 0.716796875 0.474609375 0.56640625