5 0.173828125 0.1650390625 0.251953125 0.248046875
0 0.046875 0.333984375 0.078125 0.08203125
4 0.146484375 0.490234375 0.1171875 0.068359375
4 0.2734375 0.4423828125 0.115234375 0.10546875
3 0.173828125 0.2890625 0.34765625 0.49609375
1 0.501953125 0.2333984375 0.46875 0.466796875
3 0.833984375 0.1884765625 0.28125 0.376953125
0 0.935546875 0.2783203125 0.08203125 0.140625
3 0.5986328125 0.5771484375 0.279296875 0.3515625
3 0.7880859375 0.568359375 0.306640625 0.416015625
3 0.8828125 0.5546875 0.234375 0.4375
3 0.9462890625 0.53515625 0.107421875 0.3984375