4 0.701171875 0.1630859375 0.154296875 0.1328125
4 0.8828125 0.1845703125 0.169921875 0.173828125
3 0.810546875 0.1484375 0.37890625 0.27734375
3 0.197265625 0.689453125 0.39453125 0.59765625
5 0.1865234375 0.6591796875 0.255859375 0.2578125
0 0.2939453125 0.8212890625 0.091796875 0.076171875
0 0.05859375 0.7841796875 0.064453125 0.05859375
4 0.2646484375 0.9599609375 0.08984375 0.05078125
4 0.125 0.9404296875 0.126953125 0.06640625
1 0.197265625 0.44140625 0.173828125 0.083984375
5 0.701171875 0.6533203125 0.255859375 0.33203125