5 0.384765625 0.2314453125 0.126953125 0.23046875
0 0.376953125 0.373046875 0.076171875 0.068359375
4 0.4375 0.49609375 0.083984375 0.052734375
3 0.3671875 0.2744140625 0.240234375 0.517578125
5 0.7509765625 0.2294921875 0.341796875 0.333984375
0 0.9208984375 0.3701171875 0.099609375 0.08203125
0 0.6416015625 0.419921875 0.083984375 0.078125
1 0.689453125 0.0185546875 0.1953125 0.037109375
3 0.734375 0.2392578125 0.50390625 0.478515625
5 0.4599609375 0.8203125 0.25390625 0.306640625
0 0.43359375 0.984375 0.09765625 0.03125
1 0.419921875 0.5712890625 0.17578125 0.11328125
3 0.4052734375 0.755859375 0.388671875 0.48828125
0 0.9013671875 0.5283203125 0.11328125 0.09375
4 0.9638671875 0.677734375 0.072265625 0.15234375
4 0.9189453125 0.7509765625 0.162109375 0.205078125
3 0.81640625 0.64453125 0.3671875 0.515625