3 0.248046875 0.2958984375 0.4375 0.5625
5 0.22265625 0.1318359375 0.328125 0.228515625
0 0.2392578125 0.267578125 0.123046875 0.095703125
4 0.2958984375 0.4775390625 0.208984375 0.166015625
4 0.2392578125 0.4296875 0.234375 0.171875
3 0.8291015625 0.1962890625 0.302734375 0.392578125
5 0.8251953125 0.02734375 0.197265625 0.0546875
0 0.8984375 0.0751953125 0.080078125 0.0859375
0 0.74609375 0.0595703125 0.07421875 0.0703125
4 0.921875 0.287109375 0.119140625 0.158203125
4 0.853515625 0.2529296875 0.1953125 0.154296875
3 0.490234375 0.748046875 0.34765625 0.50390625
5 0.5234375 0.75390625 0.234375 0.25390625
0 0.482421875 0.9111328125 0.125 0.072265625
1 0.4892578125 0.5498046875 0.1640625 0.09375
5 0.9482421875 0.6025390625 0.103515625 0.138671875
0 0.9052734375 0.6962890625 0.03515625 0.041015625
4 0.978515625 0.7841796875 0.04296875 0.076171875
1 0.9560546875 0.509765625 0.08203125 0.05078125
3 0.9189453125 0.6572265625 0.162109375 0.357421875