5 0.2744140625 0.32421875 0.095703125 0.287109375
0 0.21484375 0.4765625 0.0546875 0.072265625
3 0.201171875 0.3193359375 0.275390625 0.580078125
5 0.73828125 0.3837890625 0.353515625 0.3203125
1 0.7099609375 0.1142578125 0.234375 0.12890625
3 0.7119140625 0.2880859375 0.576171875 0.541015625
0 0.2265625 0.6259765625 0.1171875 0.072265625
4 0.1689453125 0.8037109375 0.162109375 0.146484375
3 0.1748046875 0.771484375 0.32421875 0.3671875
1 0.5576171875 0.826171875 0.326171875 0.34765625
3 0.5625 0.7626953125 0.453125 0.474609375