0 0.2705078125 0.09375 0.056640625 0.0546875
4 0.3603515625 0.1982421875 0.08203125 0.09765625
3 0.314453125 0.15234375 0.21484375 0.2734375
5 0.85546875 0.228515625 0.126953125 0.11328125
0 0.9228515625 0.2783203125 0.037109375 0.03515625
0 0.80078125 0.298828125 0.041015625 0.033203125
4 0.8994140625 0.369140625 0.060546875 0.06640625
4 0.8251953125 0.373046875 0.044921875 0.0546875
1 0.8388671875 0.1416015625 0.068359375 0.04296875
3 0.8671875 0.2685546875 0.2265625 0.310546875
3 0.2958984375 0.80078125 0.537109375 0.3984375
3 0.8369140625 0.73046875 0.326171875 0.45703125
5 0.86328125 0.6259765625 0.2734375 0.236328125
0 0.7841796875 0.78125 0.09375 0.064453125
4 0.8466796875 0.912109375 0.095703125 0.072265625
4 0.9619140625 0.8779296875 0.076171875 0.091796875