3 0.212890625 0.2392578125 0.38671875 0.478515625
5 0.205078125 0.158203125 0.248046875 0.216796875
0 0.08203125 0.298828125 0.095703125 0.0576171875
0 0.3544921875 0.291015625 0.064453125 0.0556640625
4 0.146484375 0.443359375 0.0869140625 0.0693359375
4 0.29296875 0.443359375 0.1298828125 0.0693359375
1 0.8896484375 0.056640625 0.0673828125 0.11328125
5 0.705078125 0.212890625 0.1318359375 0.396484375
5 0.875 0.244140625 0.126953125 0.271484375
5 0.7705078125 0.2763671875 0.041015625 0.1806640625
5 0.935546875 0.3173828125 0.033203125 0.1318359375
5 0.80859375 0.3193359375 0.03125 0.158203125
5 0.9814453125 0.3369140625 0.037109375 0.169921875
0 0.7646484375 0.376953125 0.01171875 0.064453125
3 0.716796875 0.2392578125 0.154296875 0.478515625
3 0.8759765625 0.2392578125 0.15625 0.478515625
5 0.447265625 0.685546875 0.0625 0.123046875
2 0.4482421875 0.59375 0.0380859375 0.0625
3 0.4521484375 0.677734375 0.07421875 0.248046875
5 0.96875 0.787109375 0.0625 0.185546875
0 0.91015625 0.9013671875 0.0576171875 0.052734375
3 0.9384765625 0.796875 0.123046875 0.40625