5 0.4560546875 0.1298828125 0.142578125 0.12890625
0 0.533203125 0.1982421875 0.033203125 0.03515625
0 0.380859375 0.2060546875 0.041015625 0.03515625
4 0.4189453125 0.306640625 0.05078125 0.068359375
4 0.4873046875 0.31640625 0.0625 0.0703125
1 0.4453125 0.021484375 0.0859375 0.04296875
3 0.4501953125 0.1826171875 0.248046875 0.365234375
1 0.6953125 0.39453125 0.03515625 0.0390625
1 0.7939453125 0.412109375 0.03515625 0.041015625
1 0.8779296875 0.4150390625 0.0390625 0.05078125
1 0.9375 0.412109375 0.056640625 0.056640625
3 0.70703125 0.4609375 0.13671875 0.193359375
3 0.8046875 0.4697265625 0.111328125 0.1875
3 0.9453125 0.466796875 0.109375 0.2109375
3 0.8837890625 0.4775390625 0.111328125 0.181640625
6 0.701171875 0.5380859375 0.02734375 0.02734375
6 0.7109375 0.5458984375 0.025390625 0.015625
5 0.1455078125 0.6103515625 0.232421875 0.203125
0 0.2646484375 0.7333984375 0.056640625 0.05078125
0 0.0419921875 0.724609375 0.06640625 0.046875
4 0.1025390625 0.8798828125 0.083984375 0.111328125
4 0.2314453125 0.888671875 0.10546875 0.115234375
3 0.158203125 0.7353515625 0.31640625 0.462890625
5 0.7744140625 0.638671875 0.318359375 0.181640625