5 0.2080078125 0.189453125 0.4013671875 0.2978515625
0 0.205078125 0.400390625 0.1181640625 0.07421875
0 0.435546875 0.3388671875 0.05078125 0.07421875
4 0.3662109375 0.5537109375 0.2041015625 0.0888671875
4 0.234375 0.572265625 0.185546875 0.052734375
3 0.2392578125 0.298828125 0.478515625 0.59765625
0 0.7646484375 0.1787109375 0.470703125 0.357421875
5 0.35546875 0.9482421875 0.0625 0.103515625
5 0.056640625 0.8583984375 0.072265625 0.0791015625
5 0.240234375 0.8603515625 0.052734375 0.0869140625
5 0.205078125 0.85546875 0.0791015625 0.09375
2 0.03125 0.8076171875 0.0263671875 0.04296875
2 0.0712890625 0.80859375 0.0244140625 0.04296875
2 0.1962890625 0.79296875 0.029296875 0.04296875
2 0.2451171875 0.7958984375 0.029296875 0.04296875
2 0.328125 0.8173828125 0.0263671875 0.041015625
2 0.359375 0.900390625 0.03125 0.0478515625
3 0.0263671875 0.8876953125 0.052734375 0.224609375
3 0.08203125 0.8896484375 0.0673828125 0.220703125
3 0.1962890625 0.8828125 0.056640625 0.234375
3 0.251953125 0.8798828125 0.0625 0.240234375
3 0.3271484375 0.8955078125 0.0673828125 0.208984375
3 0.3701171875 0.9365234375 0.0869140625 0.126953125
0 0.013671875 0.884765625 0.021484375 0.0263671875
0 0.0830078125 0.890625 0.0166015625 0.029296875
0 0.177734375 0.912109375 0.0166015625 0.021484375
0 0.2080078125 0.9130859375 0.0166015625 0.0263671875
0 0.3544921875 0.9697265625 0.01953125 0.029296875
0 0.380859375 0.9482421875 0.01953125 0.0263671875
0 0.3388671875 0.9267578125 0.0166015625 0.03125
0 0.306640625 0.875 0.01171875 0.01953125
6 0.0625 0.884765625 0.0263671875 0.01953125
6 0.00390625 0.875 0.0068359375 0.0146484375
0 0.6953125 0.9404296875 0.1796875 0.119140625
5 0.6513671875 0.798828125 0.345703125 0.4013671875
3 0.7392578125 0.798828125 0.521484375 0.4013671875