4 0.08984375 0.0302734375 0.0693359375 0.060546875
4 0.23046875 0.0263671875 0.1103515625 0.052734375
1 0.06640625 0.3994140625 0.1005859375 0.0888671875
1 0.275390625 0.40625 0.1005859375 0.091796875
5 0.08203125 0.5888671875 0.1630859375 0.3173828125
5 0.28515625 0.59375 0.17578125 0.28125
4 0.046875 0.9130859375 0.09375 0.10546875
4 0.0986328125 0.94140625 0.103515625 0.115234375
4 0.26953125 0.89453125 0.1005859375 0.095703125
4 0.314453125 0.9384765625 0.09375 0.095703125
0 0.0478515625 0.7177734375 0.064453125 0.091796875
0 0.244140625 0.6943359375 0.0625 0.095703125
3 0.28515625 0.66796875 0.189453125 0.6298828125
3 0.0791015625 0.66796875 0.158203125 0.6396484375
3 0.537109375 0.6650390625 0.314453125 0.6318359375
5 0.509765625 0.572265625 0.2431640625 0.2236328125
0 0.6396484375 0.708984375 0.064453125 0.0625
0 0.404296875 0.708984375 0.0478515625 0.0576171875
4 0.623046875 0.896484375 0.083984375 0.1298828125
4 0.484375 0.8857421875 0.0986328125 0.125
1 0.4775390625 0.373046875 0.1611328125 0.0478515625