4 0.1884765625 0.083984375 0.072265625 0.087890625
4 0.2373046875 0.083984375 0.0546875 0.0703125
3 0.2255859375 0.078125 0.287109375 0.15625
5 0.9443359375 0.2314453125 0.111328125 0.294921875
5 0.7900390625 0.220703125 0.349609375 0.267578125
2 0.8017578125 0.150390625 0.173828125 0.21484375
2 0.7001953125 0.19140625 0.115234375 0.18359375
2 0.9248046875 0.2216796875 0.10546875 0.150390625
2 0.609375 0.1767578125 0.11328125 0.138671875
3 0.9443359375 0.2314453125 0.111328125 0.294921875
3 0.8056640625 0.19140625 0.341796875 0.32421875
3 0.591796875 0.1943359375 0.1875 0.203125
1 0.25390625 0.4326171875 0.1328125 0.109375
0 0.2275390625 0.521484375 0.083984375 0.078125
4 0.0419921875 0.8408203125 0.083984375 0.123046875
3 0.1689453125 0.6298828125 0.337890625 0.626953125
5 0.6748046875 0.435546875 0.24609375 0.216796875
0 0.775390625 0.5625 0.060546875 0.056640625
0 0.5673828125 0.529296875 0.072265625 0.0546875
4 0.7275390625 0.701171875 0.107421875 0.111328125
4 0.6123046875 0.6826171875 0.08984375 0.109375
3 0.6650390625 0.5244140625 0.40234375 0.49609375