5 0.23046875 0.1787109375 0.216796875 0.177734375
0 0.14453125 0.2958984375 0.0625 0.04296875
0 0.3486328125 0.287109375 0.0576171875 0.052734375
4 0.2138671875 0.4375 0.0791015625 0.103515625
4 0.333984375 0.4365234375 0.0869140625 0.1005859375
1 0.1982421875 0.0224609375 0.115234375 0.044921875
3 0.2392578125 0.2451171875 0.32421875 0.490234375
3 0.8212890625 0.2587890625 0.2431640625 0.5166015625
5 0.8076171875 0.091796875 0.216796875 0.1826171875
0 0.7763671875 0.224609375 0.0869140625 0.07421875
4 0.8017578125 0.4443359375 0.1923828125 0.1416015625
4 0.76953125 0.3818359375 0.1396484375 0.1396484375
5 0.310546875 0.884765625 0.341796875 0.23046875
1 0.3076171875 0.5634765625 0.1728515625 0.0888671875
5 0.873046875 0.578125 0.2021484375 0.1181640625
4 0.96484375 0.84765625 0.0693359375 0.0986328125
3 0.849609375 0.7138671875 0.30078125 0.3896484375