3 0.365234375 0.3955078125 0.3076171875 0.5693359375
5 0.384765625 0.3291015625 0.2353515625 0.208984375
4 0.326171875 0.623046875 0.0693359375 0.115234375
4 0.46484375 0.615234375 0.103515625 0.115234375
0 0.2724609375 0.4638671875 0.0693359375 0.0458984375
0 0.4990234375 0.4462890625 0.041015625 0.060546875
1 0.3662109375 0.142578125 0.1318359375 0.060546875
5 0.71875 0.4169921875 0.189453125 0.16796875
0 0.5986328125 0.52734375 0.0576171875 0.0478515625
0 0.845703125 0.525390625 0.0380859375 0.05078125
4 0.7548828125 0.671875 0.072265625 0.09375
4 0.6396484375 0.6494140625 0.060546875 0.0771484375
1 0.7392578125 0.27734375 0.1201171875 0.0693359375
3 0.716796875 0.4775390625 0.3271484375 0.4833984375
5 0.443359375 0.859375 0.1513671875 0.28125
5 0.259765625 0.859375 0.302734375 0.28125
5 0.052734375 0.861328125 0.10546875 0.2763671875
5 0.1044921875 0.865234375 0.17578125 0.26953125
3 0.455078125 0.859375 0.126953125 0.28125
3 0.2861328125 0.859375 0.23046875 0.28125
3 0.1298828125 0.859375 0.095703125 0.28125
3 0.04296875 0.859375 0.0859375 0.28125
2 0.140625 0.751953125 0.0888671875 0.0673828125
2 0.3681640625 0.7412109375 0.08203125 0.0458984375
2 0.0556640625 0.7509765625 0.091796875 0.064453125
0 0.9462890625 0.80859375 0.0673828125 0.0478515625
4 0.984375 0.955078125 0.03125 0.0888671875
3 0.9453125 0.859375 0.109375 0.28125