5 0.421875 0.138671875 0.19921875 0.1806640625
0 0.326171875 0.251953125 0.052734375 0.0458984375
0 0.5302734375 0.248046875 0.0556640625 0.052734375
4 0.37890625 0.3955078125 0.07421875 0.0986328125
4 0.5 0.396484375 0.0791015625 0.1005859375
3 0.427734375 0.2255859375 0.28125 0.451171875
5 0.7861328125 0.25 0.1826171875 0.1630859375
0 0.6806640625 0.353515625 0.052734375 0.04296875
0 0.900390625 0.353515625 0.05078125 0.052734375
4 0.7177734375 0.4677734375 0.0673828125 0.07421875
4 0.818359375 0.5 0.064453125 0.10546875
1 0.798828125 0.099609375 0.1103515625 0.0458984375
3 0.791015625 0.314453125 0.29296875 0.48046875
5 0.3544921875 0.9208984375 0.189453125 0.158203125
1 0.3603515625 0.7646484375 0.1298828125 0.0576171875
3 0.359375 0.8671875 0.32421875 0.265625
3 0.8359375 0.818359375 0.328125 0.359375
5 0.875 0.685546875 0.23046875 0.091796875
0 0.763671875 0.76953125 0.0673828125 0.052734375
0 0.9833984375 0.7451171875 0.033203125 0.0576171875
4 0.78515625 0.93359375 0.123046875 0.1318359375
4 0.9326171875 0.9267578125 0.1298828125 0.115234375