4 0.287109375 0.1337890625 0.17578125 0.166015625
4 0.1826171875 0.0732421875 0.197265625 0.146484375
3 0.224609375 0.1123046875 0.34765625 0.224609375
0 0.6708984375 0.02734375 0.0625 0.0234375
0 0.9072265625 0.0810546875 0.10546875 0.060546875
4 0.83984375 0.2744140625 0.13671875 0.16796875
4 0.70703125 0.21875 0.17578125 0.154296875
3 0.79296875 0.193359375 0.4140625 0.359375
5 0.1201171875 0.4052734375 0.240234375 0.322265625
0 0.0234375 0.59765625 0.046875 0.08203125
0 0.220703125 0.5703125 0.0625 0.08203125
4 0.1162109375 0.798828125 0.224609375 0.171875
4 0.041015625 0.8310546875 0.08203125 0.185546875
3 0.1640625 0.6015625 0.328125 0.71875
0 0.396484375 0.51171875 0.220703125 0.435546875
0 0.6220703125 0.541015625 0.380859375 0.44921875