3 0.4287109375 0.2353515625 0.3193359375 0.470703125
5 0.453125 0.095703125 0.26953125 0.19140625
0 0.5712890625 0.2236328125 0.0361328125 0.0673828125
0 0.3271484375 0.220703125 0.0576171875 0.052734375
4 0.5458984375 0.404296875 0.0869140625 0.1298828125
4 0.4072265625 0.396484375 0.1005859375 0.1201171875
1 0.6103515625 0.1259765625 0.04296875 0.19921875
5 0.2939453125 0.7939453125 0.587890625 0.412109375
5 0.775390625 0.65234375 0.1318359375 0.125
0 0.8662109375 0.7255859375 0.0361328125 0.04296875
0 0.70703125 0.7353515625 0.0380859375 0.033203125
4 0.7451171875 0.8291015625 0.05078125 0.0693359375
4 0.8212890625 0.8427734375 0.0625 0.0693359375
3 0.7861328125 0.73828125 0.220703125 0.2978515625