5 0.29296875 0.15625 0.25 0.2744140625
0 0.2041015625 0.34765625 0.103515625 0.0673828125
3 0.244140625 0.244140625 0.3486328125 0.48828125
5 0.78515625 0.3681640625 0.123046875 0.240234375
5 0.615234375 0.3125 0.0869140625 0.2431640625
5 0.474609375 0.322265625 0.11328125 0.33203125
3 0.470703125 0.2587890625 0.10546875 0.458984375
3 0.638671875 0.25 0.146484375 0.4755859375
3 0.8037109375 0.296875 0.166015625 0.3818359375
6 0.4951171875 0.291015625 0.052734375 0.0673828125
6 0.62890625 0.3603515625 0.060546875 0.0791015625
6 0.8212890625 0.3994140625 0.060546875 0.0556640625
1 0.513671875 0.0673828125 0.0986328125 0.083984375
1 0.6416015625 0.052734375 0.0771484375 0.07421875
1 0.763671875 0.1552734375 0.07421875 0.0693359375
6 0.80859375 0.3525390625 0.05078125 0.052734375
5 0.318359375 0.794921875 0.19921875 0.1513671875
5 0.0947265625 0.798828125 0.189453125 0.3193359375
2 0.09765625 0.5556640625 0.11328125 0.134765625
2 0.3134765625 0.6142578125 0.1201171875 0.177734375
0 0.755859375 0.8583984375 0.3291015625 0.283203125