3 0.3095703125 0.1279296875 0.27734375 0.244140625
4 0.294921875 0.17578125 0.103515625 0.13671875
4 0.408203125 0.1494140625 0.078125 0.1328125
5 0.849609375 0.1875 0.251953125 0.267578125
5 0.580078125 0.234375 0.28515625 0.25390625
3 0.59375 0.1796875 0.35546875 0.359375
3 0.8115234375 0.1640625 0.322265625 0.328125
3 0.392578125 0.6943359375 0.328125 0.611328125
5 0.4091796875 0.6845703125 0.2421875 0.287109375
0 0.5 0.8466796875 0.08203125 0.08203125
0 0.3251953125 0.8349609375 0.064453125 0.064453125
4 0.431640625 0.9765625 0.16796875 0.046875
1 0.3818359375 0.443359375 0.203125 0.103515625
5 0.9306640625 0.3388671875 0.111328125 0.09765625
0 0.875 0.412109375 0.052734375 0.04296875
4 0.9443359375 0.509765625 0.0703125 0.076171875
4 0.98046875 0.486328125 0.0390625 0.0703125
3 0.9169921875 0.423828125 0.166015625 0.26953125