0 0.208984375 0.0283203125 0.056640625 0.013671875
0 0.0400390625 0.044921875 0.0390625 0.017578125
4 0.1044921875 0.16015625 0.08203125 0.099609375
4 0.1767578125 0.1357421875 0.05859375 0.068359375
3 0.1396484375 0.115234375 0.2578125 0.19140625
5 0.8115234375 0.310546875 0.373046875 0.3515625
3 0.7607421875 0.2470703125 0.474609375 0.494140625
2 0.7861328125 0.0888671875 0.197265625 0.177734375
5 0.0830078125 0.681640625 0.162109375 0.298828125
5 0.30078125 0.66015625 0.185546875 0.298828125
5 0.4921875 0.63671875 0.177734375 0.283203125
4 0.0517578125 0.98828125 0.021484375 0.0234375
4 0.1103515625 0.990234375 0.083984375 0.01953125
4 0.28515625 0.95703125 0.1171875 0.0859375
4 0.34375 0.9658203125 0.109375 0.068359375
4 0.513671875 0.9326171875 0.109375 0.103515625
4 0.5546875 0.9599609375 0.08984375 0.080078125
0 0.0576171875 0.8330078125 0.0703125 0.109375
0 0.2783203125 0.7763671875 0.072265625 0.099609375
0 0.4716796875 0.736328125 0.0703125 0.1015625
3 0.498046875 0.7470703125 0.203125 0.505859375
3 0.291015625 0.755859375 0.234375 0.48828125
3 0.0859375 0.765625 0.16796875 0.46875
0 0.5810546875 0.607421875 0.03125 0.052734375