5 0.5869140625 0.2783203125 0.134765625 0.123046875
0 0.5078125 0.3193359375 0.037109375 0.033203125
0 0.642578125 0.3408203125 0.0234375 0.03515625
4 0.5595703125 0.4189453125 0.060546875 0.068359375
4 0.517578125 0.4150390625 0.064453125 0.07421875
1 0.607421875 0.1904296875 0.068359375 0.044921875
3 0.5693359375 0.314453125 0.236328125 0.326171875
3 0.91015625 0.40625 0.1796875 0.61328125
5 0.94921875 0.3251953125 0.1015625 0.244140625
0 0.970703125 0.4794921875 0.05859375 0.068359375
4 0.93359375 0.6396484375 0.119140625 0.14453125
5 0.08984375 0.861328125 0.1796875 0.13671875
1 0.0703125 0.7373046875 0.140625 0.087890625
3 0.1357421875 0.810546875 0.271484375 0.26953125
1 0.572265625 0.8544921875 0.1015625 0.05859375
1 0.74609375 0.90625 0.115234375 0.080078125
5 0.5478515625 0.9345703125 0.126953125 0.130859375
5 0.7001953125 0.966796875 0.232421875 0.06640625
3 0.8388671875 0.947265625 0.142578125 0.10546875
3 0.724609375 0.919921875 0.34375 0.16015625
3 0.5625 0.9111328125 0.16015625 0.177734375
6 0.5751953125 0.98828125 0.076171875 0.0234375