5 0.212890625 0.2490234375 0.15625 0.13671875
0 0.3115234375 0.330078125 0.04296875 0.04296875
0 0.1142578125 0.3369140625 0.04296875 0.0478515625
1 0.197265625 0.1181640625 0.083984375 0.041015625
3 0.212890625 0.25 0.2763671875 0.3173828125
3 0.9072265625 0.2041015625 0.185546875 0.408203125
5 0.9287109375 0.1103515625 0.1416015625 0.220703125
0 0.9638671875 0.263671875 0.072265625 0.07421875
4 0.9345703125 0.3779296875 0.130859375 0.060546875
5 0.0615234375 0.6611328125 0.123046875 0.1728515625
0 0.142578125 0.7607421875 0.05078125 0.05078125
4 0.025390625 0.9111328125 0.05078125 0.095703125
4 0.126953125 0.91015625 0.09375 0.095703125
1 0.0244140625 0.50390625 0.0478515625 0.05078125
3 0.0888671875 0.7197265625 0.177734375 0.4833984375
5 0.5986328125 0.462890625 0.158203125 0.1083984375
0 0.5146484375 0.541015625 0.0458984375 0.041015625
0 0.708984375 0.52734375 0.0380859375 0.04296875
4 0.5615234375 0.654296875 0.060546875 0.08203125
4 0.654296875 0.66015625 0.0673828125 0.0791015625
1 0.6083984375 0.5537109375 0.2744140625 0.291015625