5 0.294921875 0.2568359375 0.185546875 0.08203125
1 0.3076171875 0.1416015625 0.1005859375 0.0478515625
3 0.294921875 0.20703125 0.3388671875 0.1826171875
5 0.908203125 0.0869140625 0.1826171875 0.1728515625
0 0.9755859375 0.2197265625 0.0478515625 0.0791015625
0 0.7236328125 0.17578125 0.07421875 0.060546875
3 0.833984375 0.1494140625 0.33203125 0.2978515625
5 0.326171875 0.8935546875 0.53125 0.212890625
2 0.34765625 0.552734375 0.2763671875 0.509765625
3 0.32421875 0.6484375 0.6484375 0.703125
0 0.7353515625 0.8505859375 0.0458984375 0.0673828125
3 0.7177734375 0.771484375 0.13671875 0.45703125