5 0.2275390625 0.1767578125 0.302734375 0.296875
0 0.2060546875 0.3349609375 0.126953125 0.09765625
0 0.0390625 0.2734375 0.0234375 0.0625
3 0.2255859375 0.2001953125 0.412109375 0.400390625
3 0.8779296875 0.244140625 0.244140625 0.39453125
0 0.8828125 0.0791015625 0.06640625 0.048828125
4 0.896484375 0.3486328125 0.20703125 0.173828125
4 0.91796875 0.2841796875 0.1640625 0.150390625
5 0.2236328125 0.7421875 0.330078125 0.466796875
5 0.8037109375 0.779296875 0.369140625 0.44140625
3 0.7509765625 0.7216796875 0.498046875 0.556640625