0 0.2705078125 0.1796875 0.03515625 0.0703125
3 0.6298828125 0.1826171875 0.435546875 0.365234375
4 0.6591796875 0.2392578125 0.234375 0.189453125
0 0.58984375 0.0419921875 0.12109375 0.083984375
4 0.6171875 0.18359375 0.251953125 0.19140625
5 0.0400390625 0.611328125 0.076171875 0.119140625
0 0.08984375 0.6689453125 0.041015625 0.033203125
4 0.078125 0.77734375 0.06640625 0.078125
3 0.0712890625 0.67578125 0.142578125 0.3046875
5 0.70703125 0.6708984375 0.5859375 0.658203125
3 0.6728515625 0.658203125 0.654296875 0.68359375