5 0.1181640625 0.091796875 0.146484375 0.146484375
0 0.025390625 0.18359375 0.0478515625 0.0458984375
0 0.216796875 0.1826171875 0.0361328125 0.04296875
4 0.09375 0.31640625 0.060546875 0.091796875
4 0.138671875 0.296875 0.052734375 0.07421875
3 0.12109375 0.1845703125 0.2421875 0.369140625
5 0.6416015625 0.3759765625 0.5478515625 0.4638671875
1 0.5361328125 0.041015625 0.2255859375 0.08203125
5 0.6865234375 0.7021484375 0.1923828125 0.1728515625
0 0.5712890625 0.8125 0.052734375 0.0458984375
0 0.8115234375 0.8056640625 0.04296875 0.052734375
4 0.6103515625 0.927734375 0.083984375 0.07421875
4 0.728515625 0.953125 0.095703125 0.09375
3 0.6884765625 0.8037109375 0.314453125 0.3916015625