5 0.166015625 0.2392578125 0.3173828125 0.2744140625
0 0.09765625 0.2021484375 0.13671875 0.0673828125
0 0.23046875 0.212890625 0.1201171875 0.083984375
1 0.162109375 0.0244140625 0.1943359375 0.0478515625
3 0.2119140625 0.208984375 0.4228515625 0.41796875
4 0.57421875 0.0205078125 0.033203125 0.041015625
1 0.3017578125 0.5224609375 0.07421875 0.1181640625
1 0.443359375 0.626953125 0.0673828125 0.1298828125
5 0.2646484375 0.79296875 0.1103515625 0.4130859375
5 0.4228515625 0.8115234375 0.115234375 0.32421875
5 0.197265625 0.84765625 0.0478515625 0.216796875
5 0.0830078125 0.7646484375 0.166015625 0.470703125
5 0.32421875 0.8681640625 0.021484375 0.1396484375
5 0.357421875 0.888671875 0.041015625 0.123046875
5 0.4697265625 0.90234375 0.0263671875 0.115234375
5 0.529296875 0.916015625 0.0576171875 0.16796875
5 0.53515625 0.880859375 0.0458984375 0.23828125
3 0.0986328125 0.708984375 0.197265625 0.58203125
3 0.2666015625 0.728515625 0.1298828125 0.54296875
3 0.4150390625 0.7802734375 0.146484375 0.439453125
3 0.525390625 0.8134765625 0.064453125 0.373046875
5 0.9248046875 0.546875 0.150390625 0.25
0 0.8681640625 0.703125 0.0791015625 0.0673828125
4 0.935546875 0.8955078125 0.095703125 0.134765625
3 0.892578125 0.7021484375 0.2138671875 0.5673828125