3 0.365234375 0.2919921875 0.3369140625 0.57421875
5 0.33984375 0.240234375 0.26171875 0.220703125
0 0.3125 0.3896484375 0.0869140625 0.052734375
0 0.486328125 0.345703125 0.0556640625 0.0625
4 0.3173828125 0.5361328125 0.134765625 0.0869140625
4 0.439453125 0.5244140625 0.177734375 0.1103515625
1 0.3388671875 0.041015625 0.154296875 0.0673828125
5 0.6396484375 0.2763671875 0.1005859375 0.1298828125
0 0.70703125 0.353515625 0.033203125 0.0380859375
4 0.607421875 0.466796875 0.0361328125 0.0673828125
4 0.68359375 0.4619140625 0.0673828125 0.0576171875
1 0.625 0.1630859375 0.072265625 0.0478515625
3 0.6611328125 0.3212890625 0.14453125 0.373046875
5 0.3779296875 0.7890625 0.255859375 0.421875
3 0.6591796875 0.7890625 0.142578125 0.421875
5 0.640625 0.65234375 0.103515625 0.146484375
0 0.60546875 0.771484375 0.033203125 0.0673828125
4 0.6279296875 0.9560546875 0.080078125 0.087890625