5 0.4755859375 0.123046875 0.388671875 0.24609375
0 0.5283203125 0.2958984375 0.109375 0.08203125
0 0.66796875 0.21875 0.03125 0.060546875
4 0.6162109375 0.4365234375 0.201171875 0.099609375
3 0.486328125 0.2529296875 0.4609375 0.505859375
0 0.8505859375 0.4052734375 0.28515625 0.126953125
5 0.884765625 0.2978515625 0.224609375 0.328125
1 0.8671875 0.0419921875 0.19140625 0.083984375
3 0.8349609375 0.234375 0.322265625 0.46875
0 0.720703125 0.9072265625 0.08203125 0.15625
0 0.61328125 0.923828125 0.125 0.146484375
3 0.5546875 0.734375 0.4140625 0.53125
0 0.76171875 0.8291015625 0.033203125 0.080078125
3 0.7724609375 0.7216796875 0.111328125 0.515625