5 0.1865234375 0.111328125 0.306640625 0.22265625
0 0.1298828125 0.0419921875 0.1298828125 0.0673828125
0 0.2568359375 0.056640625 0.1181640625 0.07421875
4 0.1787109375 0.431640625 0.1083984375 0.07421875
3 0.1787109375 0.234375 0.357421875 0.46875
5 0.8310546875 0.234375 0.337890625 0.46875
5 0.4169921875 0.27734375 0.1181640625 0.3818359375
3 0.443359375 0.234375 0.1708984375 0.46875
5 0.205078125 0.6708984375 0.3056640625 0.404296875
3 0.1787109375 0.734375 0.357421875 0.53125
5 0.646484375 0.734375 0.5771484375 0.53125