3 0.224609375 0.12890625 0.40625 0.2568359375
0 0.34765625 0.017578125 0.07421875 0.03515625
0 0.0986328125 0.0146484375 0.0576171875 0.029296875
4 0.333984375 0.185546875 0.09375 0.1298828125
4 0.189453125 0.1767578125 0.1005859375 0.123046875
5 0.7607421875 0.25 0.3056640625 0.3798828125
3 0.78515625 0.2197265625 0.353515625 0.439453125
0 0.37890625 0.451171875 0.0361328125 0.021484375
0 0.181640625 0.4541015625 0.041015625 0.029296875
4 0.2392578125 0.5634765625 0.0625 0.083984375
4 0.337890625 0.56640625 0.07421875 0.08203125
3 0.2802734375 0.5244140625 0.271484375 0.16796875
1 0.658203125 0.4482421875 0.1005859375 0.0166015625
1 0.841796875 0.4580078125 0.10546875 0.0361328125
4 0.7578125 0.9873046875 0.109375 0.025390625
4 0.927734375 0.9873046875 0.09765625 0.025390625
5 0.6572265625 0.583984375 0.0986328125 0.2353515625
5 0.82421875 0.6044921875 0.2138671875 0.189453125
3 0.953125 0.7197265625 0.09375 0.560546875
3 0.8388671875 0.7197265625 0.3076171875 0.560546875
3 0.669921875 0.7197265625 0.123046875 0.560546875
6 0.7021484375 0.5986328125 0.0673828125 0.064453125
6 0.84765625 0.6865234375 0.0791015625 0.060546875
6 0.7451171875 0.701171875 0.064453125 0.0576171875