5 0.0224609375 0.068359375 0.044921875 0.13671875
0 0.0673828125 0.150390625 0.0361328125 0.041015625
4 0.03125 0.2744140625 0.0625 0.08203125
3 0.0517578125 0.158203125 0.103515625 0.31640625
5 0.853515625 0.2880859375 0.29296875 0.177734375
5 0.8193359375 0.5400390625 0.2744140625 0.13671875
5 0.8232421875 0.037109375 0.28125 0.07421875
3 0.482421875 0.244140625 0.083984375 0.2861328125
3 0.8134765625 0.5048828125 0.34375 0.20703125
3 0.8359375 0.2421875 0.328125 0.296875
3 0.828125 0.044921875 0.3291015625 0.0888671875
2 0.853515625 0.15234375 0.1298828125 0.0888671875
2 0.8212890625 0.4365234375 0.115234375 0.0791015625
0 0.259765625 0.62890625 0.0576171875 0.041015625
4 0.42578125 0.771484375 0.029296875 0.1005859375
4 0.3369140625 0.7724609375 0.083984375 0.0986328125
3 0.314453125 0.7177734375 0.25 0.21875