5 0.3330078125 0.134765625 0.330078125 0.26953125
0 0.4951171875 0.294921875 0.072265625 0.07421875
0 0.201171875 0.294921875 0.103515625 0.080078125
4 0.4228515625 0.5048828125 0.140625 0.162109375
4 0.2451171875 0.50390625 0.103515625 0.16015625
3 0.3232421875 0.302734375 0.494140625 0.60546875
1 0.748046875 0.1044921875 0.052734375 0.177734375
5 0.78515625 0.439453125 0.189453125 0.42578125
3 0.80859375 0.3505859375 0.2421875 0.669921875
5 0.333984375 0.861328125 0.421875 0.27734375
5 0.052734375 0.86328125 0.10546875 0.21875
3 0.3076171875 0.8125 0.615234375 0.375
3 0.0732421875 0.798828125 0.146484375 0.3515625
1 0.078125 0.685546875 0.083984375 0.09375
0 0.908203125 0.7841796875 0.16015625 0.201171875