0 0.0908203125 0.0224609375 0.037109375 0.044921875
4 0.01953125 0.166015625 0.0380859375 0.095703125
3 0.0615234375 0.1298828125 0.123046875 0.259765625
5 0.4619140625 0.05078125 0.10546875 0.1005859375
3 0.490234375 0.154296875 0.1630859375 0.3076171875
1 0.1552734375 0.3642578125 0.1806640625 0.11328125
5 0.1552734375 0.7548828125 0.3056640625 0.490234375
1 0.53125 0.3701171875 0.1875 0.125
5 0.5078125 0.7890625 0.19921875 0.421875
0 0.603515625 0.61328125 0.1005859375 0.17578125
0 0.6806640625 0.83203125 0.0693359375 0.126953125
3 0.5615234375 0.6533203125 0.306640625 0.693359375