3 0.3544921875 0.2998046875 0.3671875 0.591796875
5 0.326171875 0.2490234375 0.2734375 0.234375
0 0.306640625 0.3994140625 0.08984375 0.056640625
0 0.478515625 0.3466796875 0.05859375 0.064453125
4 0.3193359375 0.5458984375 0.138671875 0.09375
4 0.4404296875 0.52734375 0.18359375 0.119140625
1 0.3154296875 0.0498046875 0.158203125 0.076171875
5 0.6279296875 0.26953125 0.107421875 0.134765625
0 0.69921875 0.3427734375 0.03515625 0.0390625
4 0.60546875 0.4609375 0.0390625 0.068359375
4 0.681640625 0.4521484375 0.0703125 0.060546875
1 0.607421875 0.1572265625 0.07421875 0.05078125
3 0.6513671875 0.3134765625 0.1640625 0.380859375
5 0.392578125 0.7880859375 0.27734375 0.423828125
3 0.673828125 0.7802734375 0.1640625 0.4296875
5 0.6484375 0.64453125 0.111328125 0.15234375
0 0.619140625 0.765625 0.037109375 0.068359375
4 0.6513671875 0.94921875 0.083984375 0.091796875