5 0.146484375 0.1015625 0.171875 0.1171875
0 0.0751953125 0.1845703125 0.052734375 0.048828125
0 0.265625 0.1376953125 0.044921875 0.048828125
4 0.1416015625 0.287109375 0.07421875 0.091796875
4 0.2333984375 0.27734375 0.080078125 0.08984375
1 0.1708984375 0.189453125 0.318359375 0.31640625
5 0.861328125 0.41015625 0.27734375 0.34375
3 0.8349609375 0.3330078125 0.330078125 0.509765625
2 0.8232421875 0.1787109375 0.140625 0.15234375
3 0.1396484375 0.875 0.197265625 0.25
2 0.11328125 0.822265625 0.08203125 0.11328125
5 0.9208984375 0.7822265625 0.158203125 0.166015625
0 0.8525390625 0.8837890625 0.05078125 0.04296875
1 0.9150390625 0.6533203125 0.099609375 0.0546875
3 0.8876953125 0.78125 0.224609375 0.3359375