5 0.41015625 0.154296875 0.3203125 0.30859375
0 0.44921875 0.3662109375 0.095703125 0.095703125
4 0.3671875 0.5439453125 0.1640625 0.0859375
3 0.3681640625 0.29296875 0.408203125 0.5859375
0 0.720703125 0.095703125 0.06640625 0.11328125
5 0.7646484375 0.30078125 0.21875 0.275390625
1 0.796875 0.0859375 0.103515625 0.078125
3 0.712890625 0.3427734375 0.392578125 0.642578125
5 0.2333984375 0.7001953125 0.3203125 0.3046875
0 0.3369140625 0.875 0.080078125 0.078125
0 0.08203125 0.82421875 0.091796875 0.083984375
3 0.21875 0.7392578125 0.4375 0.474609375
4 0.623046875 0.6396484375 0.0703125 0.03515625