5 0.384765625 0.107421875 0.20703125 0.2138671875
0 0.396484375 0.09765625 0.146484375 0.0673828125
0 0.4638671875 0.13671875 0.0478515625 0.0673828125
3 0.3681640625 0.18359375 0.240234375 0.3671875
0 0.744140625 0.18359375 0.51171875 0.3671875
1 0.244140625 0.4306640625 0.126953125 0.125
0 0.17578125 0.521484375 0.0693359375 0.07421875
0 0.439453125 0.498046875 0.064453125 0.0673828125
5 0.271484375 0.6474609375 0.21875 0.2763671875
3 0.275390625 0.68359375 0.3916015625 0.6318359375
5 0.609375 0.5625 0.2431640625 0.259765625
0 0.7509765625 0.72265625 0.072265625 0.0693359375
0 0.501953125 0.7333984375 0.029296875 0.0673828125
4 0.673828125 0.927734375 0.126953125 0.14453125
4 0.521484375 0.931640625 0.0673828125 0.13671875
3 0.66015625 0.68359375 0.34375 0.6318359375