5 0.13671875 0.234375 0.2734375 0.31640625
0 0.091796875 0.44921875 0.1103515625 0.0576171875
3 0.1806640625 0.2392578125 0.3603515625 0.478515625
5 0.73046875 0.2431640625 0.384765625 0.2978515625
0 0.7197265625 0.447265625 0.1181640625 0.0625
0 0.94921875 0.3916015625 0.05078125 0.07421875
3 0.7685546875 0.2392578125 0.462890625 0.478515625
1 0.4775390625 0.8017578125 0.0986328125 0.0361328125
3 0.44140625 0.892578125 0.1943359375 0.2138671875
1 0.7880859375 0.6357421875 0.1513671875 0.1630859375
5 0.6650390625 0.740234375 0.251953125 0.51953125
5 0.8681640625 0.8857421875 0.2255859375 0.228515625
3 0.7685546875 0.7392578125 0.462890625 0.521484375
3 0.8544921875 0.775390625 0.291015625 0.44921875
0 0.9873046875 0.701171875 0.025390625 0.20703125