0 0.17578125 0.08203125 0.10546875 0.083984375
4 0.33984375 0.23046875 0.171875 0.162109375
4 0.23046875 0.2939453125 0.177734375 0.177734375
3 0.220703125 0.21875 0.431640625 0.412109375
0 0.3984375 0.046875 0.029296875 0.037109375
0 0.5673828125 0.0166015625 0.048828125 0.033203125
4 0.5458984375 0.1435546875 0.078125 0.083984375
4 0.46875 0.1591796875 0.072265625 0.087890625
3 0.5068359375 0.1103515625 0.251953125 0.220703125
3 0.3115234375 0.7080078125 0.451171875 0.583984375
2 0.2978515625 0.5537109375 0.166015625 0.244140625
5 0.8193359375 0.462890625 0.23828125 0.23828125