5 0.2763671875 0.087890625 0.2646484375 0.17578125
0 0.2822265625 0.216796875 0.0986328125 0.0625
4 0.287109375 0.4384765625 0.1806640625 0.1416015625
4 0.2041015625 0.3818359375 0.1611328125 0.125
3 0.2666015625 0.2568359375 0.357421875 0.513671875
5 0.7490234375 0.357421875 0.2646484375 0.2431640625
0 0.5849609375 0.515625 0.07421875 0.0576171875
0 0.96875 0.490234375 0.0625 0.0771484375
1 0.7548828125 0.134765625 0.1611328125 0.0791015625
3 0.7685546875 0.3291015625 0.462890625 0.498046875
1 0.369140625 0.7392578125 0.0673828125 0.07421875
1 0.22265625 0.837890625 0.0380859375 0.07421875
1 0.3271484375 0.8544921875 0.0263671875 0.052734375
1 0.4677734375 0.86328125 0.0361328125 0.03125
5 0.470703125 0.9501953125 0.0625 0.099609375
5 0.224609375 0.9375 0.083984375 0.125
5 0.35546875 0.9326171875 0.1494140625 0.134765625
3 0.2236328125 0.8974609375 0.1103515625 0.2041015625
3 0.3642578125 0.8466796875 0.201171875 0.306640625
3 0.474609375 0.9228515625 0.07421875 0.154296875
5 0.8798828125 0.748046875 0.240234375 0.3369140625
3 0.7998046875 0.7890625 0.400390625 0.421875