5 0.42578125 0.2802734375 0.1875 0.26171875
0 0.3681640625 0.453125 0.091796875 0.0693359375
4 0.423828125 0.6083984375 0.09375 0.0625
1 0.44921875 0.03125 0.1396484375 0.0625
3 0.390625 0.3193359375 0.25390625 0.638671875
1 0.587890625 0.05078125 0.05078125 0.091796875
1 0.8017578125 0.2255859375 0.060546875 0.07421875
5 0.55078125 0.17578125 0.0625 0.240234375
5 0.78125 0.32421875 0.0986328125 0.13671875
0 0.58203125 0.193359375 0.0361328125 0.0556640625
3 0.568359375 0.283203125 0.0986328125 0.5625
3 0.8212890625 0.4150390625 0.1708984375 0.44921875
5 0.203125 0.9267578125 0.3681640625 0.146484375
1 0.208984375 0.7177734375 0.271484375 0.1005859375
3 0.236328125 0.8330078125 0.47265625 0.333984375
3 0.556640625 0.8193359375 0.07421875 0.3603515625
3 0.8076171875 0.8193359375 0.384765625 0.3603515625