3 0.404296875 0.1376953125 0.33203125 0.275390625
0 0.35546875 0.041015625 0.08984375 0.056640625
0 0.5419921875 0.015625 0.056640625 0.03125
4 0.375 0.2099609375 0.1171875 0.134765625
4 0.4833984375 0.1826171875 0.15625 0.1171875
5 0.7099609375 0.1650390625 0.259765625 0.330078125
3 0.7587890625 0.2431640625 0.357421875 0.486328125
3 0.2109375 0.7451171875 0.375 0.509765625
5 0.1943359375 0.599609375 0.248046875 0.21875
0 0.3125 0.736328125 0.08984375 0.06640625
0 0.083984375 0.73046875 0.05859375 0.0546875
4 0.3037109375 0.9326171875 0.095703125 0.134765625
4 0.1728515625 0.91015625 0.1328125 0.134765625
5 0.7666015625 0.828125 0.32421875 0.33984375