5 0.34375 0.1220703125 0.20703125 0.189453125
0 0.2197265625 0.22265625 0.056640625 0.05078125
0 0.458984375 0.2353515625 0.046875 0.056640625
4 0.248046875 0.3349609375 0.08984375 0.072265625
4 0.3662109375 0.3525390625 0.099609375 0.056640625
3 0.33984375 0.193359375 0.34765625 0.38671875
5 0.458984375 0.546875 0.208984375 0.193359375
0 0.3232421875 0.6484375 0.052734375 0.052734375
0 0.599609375 0.6572265625 0.037109375 0.05859375
4 0.3681640625 0.80859375 0.08203125 0.111328125
4 0.4677734375 0.80078125 0.1015625 0.1015625
1 0.4814453125 0.40234375 0.12109375 0.0390625
3 0.4501953125 0.6279296875 0.37890625 0.513671875
5 0.654296875 0.47265625 0.052734375 0.12890625
0 0.697265625 0.55078125 0.0390625 0.046875
4 0.6435546875 0.662109375 0.060546875 0.072265625
3 0.6767578125 0.5576171875 0.126953125 0.3125