3 0.2548828125 0.208984375 0.3271484375 0.41796875
5 0.27734375 0.13671875 0.2451171875 0.2138671875
4 0.21484375 0.4013671875 0.103515625 0.033203125
4 0.349609375 0.39453125 0.13671875 0.0478515625
0 0.185546875 0.2861328125 0.09375 0.0458984375
0 0.40234375 0.255859375 0.03125 0.064453125
5 0.5791015625 0.05078125 0.14453125 0.1005859375
5 0.75390625 0.03515625 0.126953125 0.0693359375
5 0.4833984375 0.01953125 0.0771484375 0.0380859375
5 0.6494140625 0.02734375 0.041015625 0.0546875
5 0.8134765625 0.0361328125 0.03125 0.072265625
5 0.6884765625 0.044921875 0.03125 0.0888671875
5 0.865234375 0.056640625 0.04296875 0.11328125
5 0.9287109375 0.0947265625 0.1318359375 0.189453125
5 0.974609375 0.064453125 0.046875 0.12890625
0 0.4833984375 0.0625 0.029296875 0.0693359375
0 0.64453125 0.0673828125 0.01171875 0.064453125
3 0.55859375 0.208984375 0.228515625 0.41796875
3 0.755859375 0.208984375 0.15625 0.41796875
3 0.921875 0.208984375 0.15625 0.41796875
5 0.3349609375 0.52734375 0.166015625 0.21875
0 0.255859375 0.646484375 0.05078125 0.064453125
4 0.3173828125 0.85546875 0.1611328125 0.134765625
4 0.404296875 0.892578125 0.029296875 0.1513671875
3 0.3212890625 0.6962890625 0.1943359375 0.5556640625
0 0.5791015625 0.916015625 0.283203125 0.16796875
0 0.63671875 0.939453125 0.3896484375 0.1201171875
5 0.7607421875 0.8115234375 0.4638671875 0.376953125
1 0.712890625 0.48828125 0.3388671875 0.1396484375
3 0.708984375 0.708984375 0.58203125 0.58203125