4 0.484375 0.0615234375 0.1298828125 0.115234375
4 0.359375 0.0732421875 0.0869140625 0.1083984375
3 0.4150390625 0.064453125 0.349609375 0.12890625
3 0.7138671875 0.1396484375 0.1923828125 0.279296875
5 0.69921875 0.1396484375 0.1630859375 0.279296875
1 0.3134765625 0.5166015625 0.0380859375 0.0458984375
1 0.4306640625 0.4892578125 0.033203125 0.0361328125
1 0.5302734375 0.5 0.033203125 0.0380859375
1 0.607421875 0.4951171875 0.021484375 0.0478515625
4 0.306640625 0.8759765625 0.01953125 0.0361328125
4 0.3369140625 0.857421875 0.0380859375 0.021484375
4 0.4541015625 0.82421875 0.021484375 0.021484375
4 0.4951171875 0.828125 0.0263671875 0.03125
4 0.541015625 0.8642578125 0.033203125 0.0244140625
4 0.5732421875 0.880859375 0.021484375 0.03125
4 0.609375 0.884765625 0.0166015625 0.01953125
3 0.3115234375 0.6962890625 0.1611328125 0.435546875
3 0.4482421875 0.658203125 0.126953125 0.3916015625
3 0.5458984375 0.68359375 0.0986328125 0.4326171875
3 0.595703125 0.697265625 0.04296875 0.4521484375
6 0.4462890625 0.6318359375 0.0244140625 0.0263671875
6 0.4580078125 0.650390625 0.0244140625 0.033203125
6 0.28125 0.705078125 0.029296875 0.041015625
6 0.3505859375 0.6884765625 0.01953125 0.0361328125
6 0.57421875 0.66796875 0.0244140625 0.033203125
6 0.6025390625 0.705078125 0.021484375 0.041015625
5 0.974609375 0.5400390625 0.05078125 0.09375
0 0.943359375 0.6005859375 0.0361328125 0.0244140625
4 0.9541015625 0.6767578125 0.0458984375 0.0478515625
1 0.984375 0.4541015625 0.03125 0.029296875
3 0.958984375 0.5791015625 0.08203125 0.283203125