5 0.75 0.017578125 0.140625 0.03515625
0 0.6650390625 0.05859375 0.0478515625 0.0361328125
0 0.830078125 0.05078125 0.0380859375 0.04296875
4 0.7197265625 0.1650390625 0.060546875 0.0693359375
4 0.7763671875 0.1494140625 0.0625 0.0673828125
3 0.75 0.1025390625 0.220703125 0.2041015625
3 0.701171875 0.701171875 0.3583984375 0.3056640625
0 0.8330078125 0.6044921875 0.0693359375 0.0625
0 0.5791015625 0.611328125 0.060546875 0.05078125
4 0.65234375 0.7822265625 0.0869140625 0.1083984375
4 0.79296875 0.7861328125 0.0888671875 0.125