3 0.3115234375 0.1669921875 0.314453125 0.333984375
5 0.32421875 0.0322265625 0.2451171875 0.064453125
0 0.23046875 0.1005859375 0.0888671875 0.05078125
0 0.4580078125 0.083984375 0.021484375 0.0625
4 0.255859375 0.267578125 0.1103515625 0.134765625
4 0.3916015625 0.2568359375 0.1298828125 0.1181640625
5 0.58203125 0.05078125 0.2255859375 0.1005859375
0 0.8037109375 0.1044921875 0.072265625 0.0771484375
4 0.55078125 0.3818359375 0.1494140625 0.16796875
4 0.5615234375 0.271484375 0.0244140625 0.0361328125
3 0.6640625 0.24609375 0.390625 0.4921875
5 0.123046875 0.55859375 0.125 0.060546875
0 0.228515625 0.6005859375 0.029296875 0.029296875
0 0.0478515625 0.607421875 0.0361328125 0.033203125
4 0.0791015625 0.7119140625 0.0478515625 0.0625
4 0.0791015625 0.7119140625 0.0478515625 0.0625
4 0.1611328125 0.7119140625 0.0625 0.0693359375
3 0.1298828125 0.640625 0.23046875 0.2236328125
0 0.84765625 0.533203125 0.03125 0.009765625
4 0.91796875 0.640625 0.060546875 0.0673828125
4 0.9853515625 0.6337890625 0.029296875 0.060546875
3 0.916015625 0.6044921875 0.16796875 0.1513671875