5 0.4482421875 0.2333984375 0.279296875 0.298828125
0 0.4365234375 0.4052734375 0.099609375 0.080078125
4 0.41015625 0.5751953125 0.169921875 0.06640625
4 0.3349609375 0.5380859375 0.1796875 0.1171875
1 0.4794921875 0.017578125 0.185546875 0.03515625
3 0.4365234375 0.30859375 0.419921875 0.6171875
0 0.8291015625 0.3974609375 0.341796875 0.556640625
0 0.0732421875 0.6123046875 0.095703125 0.083984375
0 0.353515625 0.6533203125 0.1015625 0.07421875
4 0.265625 0.8369140625 0.123046875 0.1640625
4 0.107421875 0.814453125 0.107421875 0.15625
3 0.220703125 0.751953125 0.44140625 0.421875
5 0.740234375 0.697265625 0.11328125 0.12109375
3 0.7607421875 0.818359375 0.224609375 0.36328125