5 0.068359375 0.1240234375 0.125 0.1103515625
0 0.0087890625 0.1943359375 0.0166015625 0.0380859375
0 0.1416015625 0.1884765625 0.0361328125 0.0361328125
4 0.0732421875 0.2919921875 0.0478515625 0.0673828125
4 0.0166015625 0.283203125 0.033203125 0.0576171875
1 0.0712890625 0.025390625 0.08203125 0.0380859375
3 0.0869140625 0.1708984375 0.1728515625 0.3369140625
4 0.5859375 0.0380859375 0.10546875 0.076171875
4 0.4755859375 0.02734375 0.033203125 0.0546875
5 0.2646484375 0.880859375 0.3125 0.23828125
3 0.265625 0.759765625 0.38671875 0.48046875
2 0.255859375 0.62109375 0.1708984375 0.2041015625
1 0.689453125 0.646484375 0.1513671875 0.1630859375
1 0.8818359375 0.57421875 0.1201171875 0.1103515625
3 0.8798828125 0.759765625 0.240234375 0.48046875
3 0.6181640625 0.7666015625 0.3173828125 0.466796875
5 0.8779296875 0.8115234375 0.244140625 0.228515625
5 0.6181640625 0.8623046875 0.318359375 0.275390625