5 0.12890625 0.2138671875 0.2568359375 0.25
0 0.267578125 0.37109375 0.0693359375 0.060546875
0 0.0166015625 0.3759765625 0.033203125 0.060546875
4 0.21875 0.5712890625 0.1103515625 0.1416015625
4 0.064453125 0.57421875 0.091796875 0.1396484375
1 0.095703125 0.0146484375 0.1875 0.029296875
3 0.1513671875 0.3291015625 0.302734375 0.658203125
0 0.8251953125 0.220703125 0.349609375 0.375
5 0.5048828125 0.9111328125 0.1494140625 0.177734375
1 0.529296875 0.728515625 0.1005859375 0.0380859375
3 0.482421875 0.8544921875 0.1943359375 0.291015625
5 0.82421875 0.783203125 0.14453125 0.1494140625
3 0.943359375 0.8544921875 0.11328125 0.291015625