4 0.259765625 0.0791015625 0.0673828125 0.0771484375
4 0.193359375 0.078125 0.05078125 0.072265625
3 0.251953125 0.0576171875 0.23046875 0.115234375
5 0.6494140625 0.31640625 0.3798828125 0.5068359375
3 0.6943359375 0.28515625 0.470703125 0.5693359375
6 0.5224609375 0.55859375 0.126953125 0.021484375
4 0.1044921875 0.9365234375 0.09375 0.0361328125
4 0.220703125 0.92578125 0.1083984375 0.0478515625
4 0.3916015625 0.92578125 0.1005859375 0.0478515625
4 0.4384765625 0.931640625 0.041015625 0.05078125
5 0.083984375 0.5986328125 0.16796875 0.0576171875
5 0.28515625 0.59765625 0.2138671875 0.0556640625
3 0.30078125 0.7763671875 0.3076171875 0.4130859375
3 0.095703125 0.7666015625 0.19140625 0.396484375
6 0.30859375 0.611328125 0.0791015625 0.060546875
6 0.20703125 0.6259765625 0.064453125 0.0576171875
5 0.6923828125 0.7841796875 0.466796875 0.431640625