5 0.2470703125 0.2861328125 0.32421875 0.298828125
0 0.43359375 0.41796875 0.08203125 0.078125
0 0.142578125 0.4765625 0.109375 0.083984375
4 0.22265625 0.63671875 0.099609375 0.08984375
4 0.384765625 0.607421875 0.125 0.1015625
1 0.2119140625 0.0625 0.197265625 0.07421875
3 0.2734375 0.3505859375 0.546875 0.697265625
5 0.9189453125 0.205078125 0.1171875 0.259765625
0 0.921875 0.3701171875 0.08203125 0.072265625
4 0.9814453125 0.521484375 0.037109375 0.0703125
1 0.892578125 0.0126953125 0.0703125 0.025390625
3 0.88671875 0.2861328125 0.2265625 0.572265625
0 0.4189453125 0.662109375 0.115234375 0.052734375
4 0.4697265625 0.873046875 0.2421875 0.1953125
4 0.5615234375 0.7958984375 0.24609375 0.1640625
3 0.462890625 0.8017578125 0.5234375 0.396484375
5 0.880859375 0.8193359375 0.23828125 0.275390625
1 0.89453125 0.595703125 0.1796875 0.080078125
3 0.84375 0.7578125 0.3125 0.41796875