5 0.28125 0.05078125 0.2353515625 0.1005859375
0 0.1767578125 0.1298828125 0.072265625 0.05078125
0 0.412109375 0.126953125 0.060546875 0.05078125
4 0.24609375 0.296875 0.083984375 0.1103515625
4 0.3798828125 0.2958984375 0.1005859375 0.115234375
3 0.287109375 0.185546875 0.34375 0.3701171875
5 0.6455078125 0.1806640625 0.3486328125 0.3603515625
3 0.6884765625 0.259765625 0.439453125 0.51953125
3 0.0771484375 0.7822265625 0.154296875 0.435546875
5 0.056640625 0.8115234375 0.11328125 0.2333984375
0 0.0263671875 0.9736328125 0.052734375 0.052734375
1 0.0380859375 0.6025390625 0.076171875 0.076171875
1 0.505859375 0.869140625 0.07421875 0.26171875
4 0.9072265625 0.671875 0.123046875 0.1494140625
3 0.734375 0.759765625 0.53125 0.48046875