5 0.1357421875 0.0625 0.134765625 0.125
0 0.2001953125 0.15625 0.046875 0.05859375
4 0.080078125 0.29296875 0.09375 0.126953125
3 0.14453125 0.1943359375 0.25390625 0.388671875
5 0.720703125 0.5205078125 0.3515625 0.220703125
3 0.748046875 0.43359375 0.50390625 0.421875
3 0.19140625 0.63671875 0.31640625 0.318359375
4 0.162109375 0.701171875 0.09375 0.130859375
4 0.2802734375 0.71875 0.0859375 0.130859375
0 0.13671875 0.5322265625 0.078125 0.064453125
4 0.296875 0.884765625 0.046875 0.091796875
4 0.3271484375 0.888671875 0.08984375 0.08984375
4 0.4111328125 0.8818359375 0.09375 0.076171875
4 0.52734375 0.9345703125 0.109375 0.0703125
3 0.3525390625 0.7431640625 0.166015625 0.427734375
3 0.41015625 0.728515625 0.228515625 0.392578125
3 0.5947265625 0.7802734375 0.322265625 0.439453125