3 0.337890625 0.2734375 0.421875 0.546875
5 0.3544921875 0.189453125 0.28125 0.25390625
0 0.251953125 0.3291015625 0.078125 0.060546875
0 0.48046875 0.3251953125 0.0625 0.06640625
4 0.26171875 0.4794921875 0.126953125 0.09375
4 0.3974609375 0.4873046875 0.150390625 0.111328125
1 0.35546875 0.0146484375 0.15625 0.029296875
5 0.8427734375 0.26953125 0.216796875 0.1953125
0 0.73046875 0.3662109375 0.06640625 0.0546875
0 0.9384765625 0.3916015625 0.060546875 0.052734375
4 0.75390625 0.5166015625 0.09765625 0.10546875
4 0.869140625 0.529296875 0.09375 0.107421875
1 0.857421875 0.1103515625 0.123046875 0.06640625
3 0.8271484375 0.33203125 0.345703125 0.5390625
5 0.271484375 0.6240234375 0.224609375 0.2109375
0 0.1328125 0.728515625 0.0625 0.046875
0 0.423828125 0.740234375 0.056640625 0.0625
4 0.1923828125 0.91015625 0.1015625 0.12109375
4 0.25390625 0.8837890625 0.080078125 0.1015625
3 0.2705078125 0.7470703125 0.439453125 0.49609375
3 0.74609375 0.6865234375 0.37890625 0.255859375
4 0.6728515625 0.7158203125 0.095703125 0.12890625
4 0.8134765625 0.7275390625 0.123046875 0.126953125