5 0.2724609375 0.146484375 0.26953125 0.25
0 0.38671875 0.3017578125 0.06640625 0.05859375
0 0.1376953125 0.279296875 0.07421875 0.06640625
4 0.3056640625 0.44921875 0.095703125 0.087890625
4 0.166015625 0.4384765625 0.099609375 0.08203125
3 0.2705078125 0.25 0.396484375 0.5
5 0.6484375 0.34765625 0.302734375 0.29296875
0 0.7724609375 0.517578125 0.078125 0.048828125
0 0.5068359375 0.4873046875 0.060546875 0.05078125
1 0.66796875 0.109375 0.18359375 0.10546875
3 0.6875 0.294921875 0.419921875 0.50390625
1 0.388671875 0.6162109375 0.177734375 0.25
1 0.203125 0.740234375 0.1484375 0.1953125
3 0.2080078125 0.8076171875 0.244140625 0.34765625
3 0.28125 0.7333984375 0.392578125 0.5234375
5 0.6748046875 0.6123046875 0.265625 0.193359375
0 0.6767578125 0.7490234375 0.109375 0.07421875
4 0.646484375 0.9365234375 0.18359375 0.126953125
4 0.58203125 0.8974609375 0.185546875 0.140625
3 0.6552734375 0.7548828125 0.404296875 0.490234375