3 0.1767578125 0.353515625 0.353515625 0.51953125
5 0.1455078125 0.3818359375 0.291015625 0.294921875
0 0.2431640625 0.5205078125 0.103515625 0.0859375
0 0.04296875 0.53515625 0.0703125 0.068359375
1 0.087890625 0.171875 0.17578125 0.109375
3 0.83984375 0.2236328125 0.30078125 0.447265625
5 0.8427734375 0.13671875 0.224609375 0.2734375
0 0.92578125 0.2958984375 0.09765625 0.09375
1 0.4951171875 0.681640625 0.111328125 0.3359375
3 0.296875 0.7568359375 0.5703125 0.486328125
3 0.802734375 0.6806640625 0.39453125 0.533203125
5 0.7841796875 0.53515625 0.2734375 0.21484375
0 0.896484375 0.6337890625 0.103515625 0.0859375
0 0.69140625 0.6552734375 0.0703125 0.080078125
4 0.9248046875 0.8271484375 0.14453125 0.158203125
4 0.7998046875 0.8232421875 0.1640625 0.15234375