5 0.3974609375 0.0810546875 0.16015625 0.1484375
0 0.310546875 0.1416015625 0.044921875 0.041015625
0 0.45703125 0.16015625 0.046875 0.05078125
4 0.4111328125 0.26953125 0.076171875 0.080078125
4 0.3388671875 0.2548828125 0.056640625 0.076171875
3 0.3798828125 0.1650390625 0.287109375 0.330078125
5 0.6376953125 0.4638671875 0.3515625 0.513671875
1 0.712890625 0.0830078125 0.15234375 0.119140625
5 0.2236328125 0.8681640625 0.294921875 0.21484375
1 0.2705078125 0.69140625 0.19140625 0.115234375
3 0.228515625 0.791015625 0.45703125 0.390625
3 0.7998046875 0.8623046875 0.298828125 0.275390625
5 0.8212890625 0.8876953125 0.236328125 0.224609375