5 0.173828125 0.1767578125 0.1611328125 0.13671875
0 0.251953125 0.259765625 0.052734375 0.0380859375
0 0.0732421875 0.2646484375 0.0380859375 0.0380859375
4 0.146484375 0.384765625 0.072265625 0.07421875
4 0.2275390625 0.388671875 0.0673828125 0.0771484375
1 0.158203125 0.0478515625 0.091796875 0.0361328125
3 0.173828125 0.2255859375 0.2451171875 0.4111328125
5 0.9140625 0.1826171875 0.171875 0.181640625
0 0.8388671875 0.30078125 0.0576171875 0.04296875
4 0.8994140625 0.443359375 0.0693359375 0.0986328125
4 0.9853515625 0.44140625 0.029296875 0.0986328125
1 0.9150390625 0.0244140625 0.0986328125 0.0478515625
3 0.8896484375 0.248046875 0.220703125 0.4951171875
5 0.169921875 0.8447265625 0.1494140625 0.1416015625
0 0.2607421875 0.9365234375 0.05078125 0.0380859375
0 0.0673828125 0.927734375 0.0380859375 0.041015625
1 0.169921875 0.7177734375 0.10546875 0.041015625
3 0.166015625 0.8466796875 0.25 0.306640625
4 0.658203125 0.7236328125 0.1201171875 0.1201171875