3 0.30859375 0.1806640625 0.4140625 0.361328125
5 0.3330078125 0.064453125 0.248046875 0.12890625
0 0.2216796875 0.1064453125 0.068359375 0.060546875
0 0.42578125 0.15234375 0.0703125 0.064453125
4 0.369140625 0.2939453125 0.107421875 0.1171875
4 0.2548828125 0.2607421875 0.1015625 0.111328125
0 0.7705078125 0.7099609375 0.322265625 0.25390625
0 0.78515625 0.7392578125 0.34375 0.216796875
5 0.84765625 0.6259765625 0.3046875 0.439453125
1 0.91796875 0.251953125 0.1640625 0.3125
3 0.7548828125 0.443359375 0.490234375 0.80859375
1 0.3994140625 0.73828125 0.099609375 0.09765625
3 0.3115234375 0.8203125 0.2734375 0.326171875
5 0.5283203125 0.8974609375 0.314453125 0.205078125
1 0.578125 0.763671875 0.181640625 0.07421875
3 0.5810546875 0.8564453125 0.419921875 0.287109375