5 0.0791015625 0.056640625 0.154296875 0.11328125
0 0.01171875 0.1279296875 0.0234375 0.037109375
0 0.146484375 0.1298828125 0.060546875 0.04296875
4 0.04296875 0.263671875 0.0791015625 0.0888671875
4 0.126953125 0.2451171875 0.0576171875 0.072265625
3 0.1025390625 0.15625 0.2041015625 0.3125
5 0.71484375 0.107421875 0.2763671875 0.2138671875
0 0.85546875 0.2509765625 0.07421875 0.0625
0 0.5771484375 0.2412109375 0.064453125 0.0693359375
3 0.708984375 0.19921875 0.41015625 0.3984375
5 0.1982421875 0.623046875 0.2763671875 0.2763671875
0 0.291015625 0.7978515625 0.103515625 0.0673828125
0 0.0634765625 0.76953125 0.05078125 0.064453125
4 0.1240234375 0.955078125 0.1611328125 0.0888671875
4 0.259765625 0.9697265625 0.125 0.060546875
3 0.228515625 0.69921875 0.39453125 0.6005859375
5 0.6240234375 0.6513671875 0.28125 0.26953125
0 0.7705078125 0.8173828125 0.07421875 0.0693359375
0 0.4990234375 0.818359375 0.041015625 0.064453125
4 0.552734375 0.9755859375 0.095703125 0.0478515625
4 0.7177734375 0.9755859375 0.103515625 0.0478515625
1 0.6044921875 0.4228515625 0.17578125 0.0478515625
3 0.6611328125 0.69921875 0.365234375 0.6005859375