5 0.3759765625 0.263671875 0.1796875 0.166015625
0 0.2744140625 0.369140625 0.052734375 0.04296875
4 0.3134765625 0.482421875 0.068359375 0.076171875
4 0.4130859375 0.49609375 0.064453125 0.0703125
1 0.388671875 0.11328125 0.111328125 0.048828125
3 0.3515625 0.310546875 0.236328125 0.447265625
5 0.4931640625 0.142578125 0.068359375 0.28515625
5 0.7255859375 0.1494140625 0.208984375 0.298828125
0 0.6796875 0.041015625 0.09375 0.08203125
0 0.5927734375 0.109375 0.03125 0.072265625
3 0.5205078125 0.2646484375 0.119140625 0.529296875
3 0.8935546875 0.26171875 0.212890625 0.5234375
3 0.716796875 0.263671875 0.296875 0.52734375
5 0.59375 0.85546875 0.2421875 0.21875
3 0.6201171875 0.8017578125 0.298828125 0.396484375
4 0.57421875 0.986328125 0.103515625 0.02734375
1 0.5673828125 0.64453125 0.1640625 0.0703125