5 0.0615234375 0.234375 0.123046875 0.2041015625
0 0.162109375 0.357421875 0.04296875 0.0625
4 0.0986328125 0.52734375 0.1103515625 0.060546875
1 0.04296875 0.056640625 0.0859375 0.06640625
3 0.09765625 0.2880859375 0.1943359375 0.5380859375
5 0.103515625 0.61328125 0.20703125 0.1103515625
5 0.421875 0.7783203125 0.12890625 0.443359375
0 0.048828125 0.8681640625 0.09765625 0.181640625
3 0.244140625 0.7783203125 0.48828125 0.443359375
5 0.8740234375 0.60546875 0.248046875 0.095703125
0 0.837890625 0.6923828125 0.0869140625 0.0576171875
4 0.8662109375 0.8994140625 0.1923828125 0.125
4 0.83203125 0.8447265625 0.16796875 0.1318359375
3 0.861328125 0.7666015625 0.2763671875 0.41796875