5 0.2412109375 0.255859375 0.16796875 0.154296875
0 0.140625 0.35546875 0.05078125 0.04296875
0 0.34765625 0.3291015625 0.05078125 0.046875
4 0.2900390625 0.435546875 0.05859375 0.046875
4 0.224609375 0.4462890625 0.0703125 0.0390625
1 0.2255859375 0.1279296875 0.091796875 0.044921875
3 0.240234375 0.283203125 0.3046875 0.37890625
0 0.72265625 0.244140625 0.541015625 0.39453125
1 0.177734375 0.6083984375 0.11328125 0.107421875
1 0.2470703125 0.5751953125 0.095703125 0.103515625
3 0.185546875 0.787109375 0.19921875 0.42578125
3 0.2861328125 0.7548828125 0.158203125 0.490234375
3 0.423828125 0.7216796875 0.21484375 0.556640625
1 0.3857421875 0.51171875 0.09765625 0.107421875
5 0.8583984375 0.5361328125 0.283203125 0.279296875
0 0.8125 0.724609375 0.109375 0.080078125
4 0.9365234375 0.8837890625 0.126953125 0.150390625
4 0.8564453125 0.9150390625 0.181640625 0.125
3 0.8056640625 0.6923828125 0.388671875 0.591796875