5 0.255859375 0.3544921875 0.2265625 0.20703125
0 0.3857421875 0.4765625 0.044921875 0.05859375
0 0.1298828125 0.4833984375 0.064453125 0.05859375
4 0.1904296875 0.5849609375 0.080078125 0.02734375
1 0.26953125 0.1748046875 0.15625 0.078125
3 0.259765625 0.3681640625 0.376953125 0.474609375
5 0.7275390625 0.1015625 0.0546875 0.189453125
4 0.9814453125 0.58984375 0.033203125 0.0703125
5 0.5361328125 0.880859375 0.287109375 0.23828125
5 0.26953125 0.873046875 0.0859375 0.13671875
5 0.34765625 0.86328125 0.05859375 0.111328125
1 0.2666015625 0.7646484375 0.037109375 0.0390625
1 0.3359375 0.7890625 0.0234375 0.03125
3 0.5283203125 0.8017578125 0.314453125 0.396484375
3 0.2744140625 0.8671875 0.091796875 0.251953125
3 0.34765625 0.880859375 0.068359375 0.23046875
3 0.7451171875 0.8056640625 0.14453125 0.380859375