5 0.357421875 0.03125 0.185546875 0.0625
0 0.2509765625 0.0869140625 0.0478515625 0.0478515625
0 0.4833984375 0.0732421875 0.041015625 0.0478515625
4 0.318359375 0.251953125 0.072265625 0.10546875
4 0.365234375 0.21875 0.05078125 0.091796875
3 0.3583984375 0.154296875 0.3173828125 0.3076171875
0 0.9091796875 0.02734375 0.068359375 0.0546875
0 0.6787109375 0.0244140625 0.0625 0.0478515625
4 0.8447265625 0.203125 0.0791015625 0.126953125
4 0.7041015625 0.2041015625 0.0888671875 0.1181640625
3 0.796875 0.1455078125 0.34375 0.291015625
0 0.2744140625 0.7041015625 0.5478515625 0.591796875
5 0.6357421875 0.638671875 0.17578125 0.5166015625
6 0.5673828125 0.705078125 0.0380859375 0.1943359375
6 0.7509765625 0.783203125 0.07421875 0.1005859375