5 0.2265625 0.3056640625 0.2734375 0.2265625
3 0.248046875 0.275390625 0.34375 0.453125
4 0.22265625 0.4521484375 0.10546875 0.060546875
1 0.208984375 0.0927734375 0.166015625 0.072265625
3 0.6640625 0.26171875 0.369140625 0.451171875
5 0.66015625 0.2607421875 0.2421875 0.216796875
0 0.552734375 0.3994140625 0.0703125 0.048828125
0 0.7919921875 0.3740234375 0.06640625 0.060546875
1 0.6357421875 0.0751953125 0.1328125 0.0625
1 0.24609375 0.689453125 0.1640625 0.08984375
5 0.2666015625 0.8779296875 0.298828125 0.244140625
3 0.279296875 0.5634765625 0.34765625 0.146484375
3 0.2333984375 0.8193359375 0.427734375 0.361328125
6 0.23046875 0.5888671875 0.08203125 0.083984375
6 0.146484375 0.7421875 0.08203125 0.0703125
5 0.51171875 0.64453125 0.123046875 0.25390625
5 0.6201171875 0.8251953125 0.330078125 0.349609375