0 0.2451171875 0.0361328125 0.095703125 0.0693359375
4 0.3837890625 0.208984375 0.1513671875 0.1396484375
4 0.265625 0.25390625 0.154296875 0.15625
3 0.2685546875 0.1787109375 0.380859375 0.357421875
0 0.470703125 0.0361328125 0.0244140625 0.033203125
0 0.64453125 0.02734375 0.04296875 0.0380859375
4 0.6005859375 0.1552734375 0.0673828125 0.07421875
4 0.5224609375 0.158203125 0.060546875 0.0791015625
3 0.5693359375 0.10546875 0.220703125 0.2109375
3 0.27734375 0.7041015625 0.36328125 0.591796875
2 0.2919921875 0.521484375 0.1318359375 0.2255859375
5 0.8212890625 0.513671875 0.208984375 0.208984375