5 0.6923828125 0.2421875 0.32421875 0.30859375
0 0.8623046875 0.3330078125 0.078125 0.046875
0 0.607421875 0.3984375 0.08203125 0.04296875
1 0.62109375 0.0419921875 0.203125 0.083984375
3 0.681640625 0.21484375 0.5 0.4296875
5 0.107421875 0.642578125 0.21484375 0.2421875
0 0.244140625 0.7294921875 0.080078125 0.08984375
4 0.2294921875 0.9326171875 0.205078125 0.134765625
3 0.1884765625 0.7509765625 0.376953125 0.498046875
0 0.5078125 0.7158203125 0.30078125 0.568359375
0 0.7734375 0.5537109375 0.453125 0.466796875