5 0.2587890625 0.115234375 0.25 0.2255859375
4 0.2666015625 0.2666015625 0.083984375 0.052734375
4 0.3955078125 0.2275390625 0.0576171875 0.0576171875
0 0.2490234375 0.384765625 0.1611328125 0.029296875
0 0.3427734375 0.3759765625 0.1416015625 0.0458984375
3 0.279296875 0.19921875 0.328125 0.3984375
4 0.59375 0.0693359375 0.083984375 0.07421875
4 0.712890625 0.09765625 0.095703125 0.0986328125
3 0.677734375 0.07421875 0.30078125 0.1484375
5 0.2822265625 0.806640625 0.4541015625 0.38671875
3 0.2646484375 0.69921875 0.529296875 0.6005859375
2 0.265625 0.4990234375 0.2236328125 0.19921875
3 0.5869140625 0.7529296875 0.115234375 0.494140625
5 0.564453125 0.73046875 0.072265625 0.197265625
4 0.572265625 0.9814453125 0.08984375 0.037109375
0 0.6142578125 0.849609375 0.0361328125 0.0576171875