0 0.3076171875 0.021484375 0.052734375 0.04296875
4 0.42578125 0.1630859375 0.0478515625 0.095703125
4 0.3349609375 0.1416015625 0.060546875 0.08203125
3 0.359375 0.1103515625 0.1806640625 0.220703125
3 0.7490234375 0.3173828125 0.3583984375 0.4228515625
5 0.751953125 0.326171875 0.2451171875 0.2021484375
0 0.880859375 0.453125 0.0693359375 0.0625
0 0.626953125 0.4599609375 0.0625 0.05078125
1 0.73046875 0.13671875 0.15625 0.0673828125
3 0.126953125 0.7646484375 0.25390625 0.470703125
5 0.0947265625 0.703125 0.189453125 0.21875
0 0.0380859375 0.8525390625 0.076171875 0.052734375
0 0.2080078125 0.810546875 0.0556640625 0.0625
4 0.052734375 0.978515625 0.10546875 0.04296875
4 0.1611328125 0.9658203125 0.177734375 0.068359375
5 0.8427734375 0.576171875 0.1806640625 0.09375
0 0.7412109375 0.650390625 0.052734375 0.0478515625
0 0.9677734375 0.638671875 0.0380859375 0.0478515625
4 0.802734375 0.810546875 0.0693359375 0.1103515625
4 0.857421875 0.783203125 0.0576171875 0.09375
3 0.8447265625 0.7041015625 0.310546875 0.3505859375