3 0.4140625 0.29296875 0.34375 0.5859375
5 0.416015625 0.138671875 0.2568359375 0.251953125
0 0.4775390625 0.306640625 0.1201171875 0.0625
0 0.27734375 0.2744140625 0.072265625 0.0625
4 0.466796875 0.515625 0.146484375 0.146484375
4 0.3583984375 0.474609375 0.1513671875 0.125
3 0.931640625 0.3291015625 0.13671875 0.6005859375
5 0.9599609375 0.271484375 0.0791015625 0.220703125
0 0.96484375 0.421875 0.0693359375 0.05078125
4 0.9677734375 0.580078125 0.064453125 0.0986328125
1 0.9765625 0.0693359375 0.046875 0.072265625
3 0.7138671875 0.771484375 0.25 0.283203125
4 0.61328125 0.8447265625 0.0478515625 0.1181640625
4 0.740234375 0.8427734375 0.10546875 0.1201171875
0 0.79296875 0.67578125 0.0478515625 0.052734375