3 0.3994140625 0.240234375 0.384765625 0.48046875
5 0.4052734375 0.091796875 0.2431640625 0.1826171875
0 0.5361328125 0.208984375 0.064453125 0.0625
0 0.2900390625 0.208984375 0.0693359375 0.0576171875
4 0.51953125 0.396484375 0.08203125 0.1298828125
4 0.380859375 0.3857421875 0.0986328125 0.123046875
4 0.9384765625 0.091796875 0.052734375 0.0673828125
4 0.986328125 0.107421875 0.0263671875 0.07421875
3 0.927734375 0.080078125 0.14453125 0.16015625
0 0.0927734375 0.7138671875 0.13671875 0.1630859375
0 0.1767578125 0.640625 0.0791015625 0.083984375
4 0.2041015625 0.9765625 0.154296875 0.046875
3 0.572265625 0.798828125 0.2353515625 0.4013671875
3 0.15234375 0.7978515625 0.3046875 0.400390625
5 0.81640625 0.87109375 0.251953125 0.2568359375
1 0.7861328125 0.6201171875 0.1923828125 0.04296875
3 0.8447265625 0.798828125 0.310546875 0.4013671875