3 0.1669921875 0.2255859375 0.333984375 0.310546875
5 0.140625 0.3037109375 0.265625 0.150390625
1 0.1044921875 0.1484375 0.1796875 0.095703125
3 0.767578125 0.1357421875 0.375 0.271484375
2 0.857421875 0.08984375 0.1796875 0.1796875
5 0.13671875 0.638671875 0.2734375 0.57421875
5 0.5986328125 0.3330078125 0.130859375 0.126953125
0 0.69140625 0.3857421875 0.04296875 0.048828125
4 0.59765625 0.5166015625 0.060546875 0.080078125
4 0.6669921875 0.49609375 0.06640625 0.0703125
3 0.6376953125 0.412109375 0.20703125 0.302734375