0 0.4375 0.0634765625 0.0478515625 0.07421875
0 0.2119140625 0.119140625 0.1103515625 0.07421875
4 0.3662109375 0.2900390625 0.1943359375 0.1416015625
4 0.2333984375 0.32421875 0.158203125 0.1494140625
3 0.2763671875 0.19921875 0.478515625 0.3984375
5 0.759765625 0.19921875 0.28515625 0.3984375
0 0.8759765625 0.37109375 0.09375 0.0556640625
3 0.76953125 0.19921875 0.3046875 0.3984375
3 0.478515625 0.58203125 0.279296875 0.365234375
5 0.5009765625 0.439453125 0.2333984375 0.08203125
0 0.470703125 0.5244140625 0.0888671875 0.060546875
4 0.490234375 0.693359375 0.1513671875 0.13671875
4 0.56640625 0.6611328125 0.103515625 0.1103515625
5 0.7431640625 0.57421875 0.25 0.2646484375
0 0.873046875 0.74609375 0.07421875 0.0625
4 0.8173828125 0.9375 0.10546875 0.125
4 0.666015625 0.9384765625 0.095703125 0.123046875
1 0.77734375 0.69921875 0.3193359375 0.6005859375