3 0.21875 0.138671875 0.31640625 0.27734375
0 0.28515625 0.0556640625 0.095703125 0.083984375
4 0.2265625 0.2099609375 0.11328125 0.123046875
4 0.11328125 0.1728515625 0.103515625 0.12890625
5 0.6494140625 0.1669921875 0.181640625 0.185546875
0 0.71484375 0.283203125 0.05859375 0.05859375
4 0.5693359375 0.3466796875 0.07421875 0.048828125
4 0.6494140625 0.375 0.072265625 0.037109375
1 0.6650390625 0.0390625 0.111328125 0.052734375
3 0.6650390625 0.2080078125 0.291015625 0.390625
5 0.08203125 0.3916015625 0.158203125 0.150390625
0 0.1416015625 0.484375 0.0390625 0.04296875
4 0.0224609375 0.564453125 0.044921875 0.0859375
4 0.046875 0.5546875 0.0625 0.072265625
1 0.1015625 0.2890625 0.091796875 0.064453125
3 0.109375 0.4462890625 0.21875 0.392578125
5 0.697265625 0.84375 0.47265625 0.3125
3 0.7099609375 0.6845703125 0.580078125 0.630859375