5 0.1572265625 0.1748046875 0.248046875 0.259765625
0 0.2861328125 0.3203125 0.064453125 0.07421875
0 0.04296875 0.328125 0.05859375 0.068359375
4 0.0751953125 0.50390625 0.150390625 0.08203125
4 0.1318359375 0.4912109375 0.115234375 0.1171875
3 0.177734375 0.28125 0.35546875 0.5625
5 0.798828125 0.2109375 0.185546875 0.267578125
0 0.765625 0.087890625 0.078125 0.125
0 0.9345703125 0.1328125 0.06640625 0.12109375
3 0.787109375 0.328125 0.388671875 0.623046875
5 0.1982421875 0.763671875 0.3515625 0.435546875
5 0.4384765625 0.8173828125 0.162109375 0.365234375
3 0.1982421875 0.7587890625 0.37109375 0.44921875
3 0.4384765625 0.7880859375 0.173828125 0.423828125
0 0.76953125 0.6884765625 0.046875 0.072265625
4 0.5625 0.84375 0.09765625 0.12890625
4 0.6767578125 0.8623046875 0.09765625 0.1328125
3 0.658203125 0.76953125 0.33984375 0.3515625