5 0.1494140625 0.2041015625 0.271484375 0.271484375
0 0.275390625 0.3662109375 0.068359375 0.068359375
3 0.1796875 0.2001953125 0.34375 0.400390625
1 0.6337890625 0.1103515625 0.056640625 0.1015625
1 0.7333984375 0.17578125 0.05078125 0.1015625
1 0.8623046875 0.22265625 0.046875 0.056640625
5 0.46875 0.251953125 0.123046875 0.33203125
5 0.59765625 0.2958984375 0.1171875 0.26171875
5 0.962890625 0.328125 0.07421875 0.234375
5 0.71484375 0.3134765625 0.103515625 0.205078125
5 0.83203125 0.36328125 0.115234375 0.173828125
0 0.5361328125 0.400390625 0.025390625 0.04296875
0 0.919921875 0.4375 0.02734375 0.03515625
1 0.49609375 0.0146484375 0.0703125 0.029296875
3 0.4814453125 0.208984375 0.150390625 0.41796875
3 0.5947265625 0.2392578125 0.16796875 0.3828125
3 0.7138671875 0.2783203125 0.14453125 0.32421875
3 0.8349609375 0.318359375 0.146484375 0.267578125
3 0.9501953125 0.2802734375 0.099609375 0.361328125
0 0.15625 0.5224609375 0.3125 0.294921875
5 0.7705078125 0.736328125 0.166015625 0.1640625
0 0.689453125 0.8193359375 0.0390625 0.0390625
0 0.828125 0.8330078125 0.064453125 0.048828125
4 0.712890625 0.9541015625 0.0859375 0.091796875
4 0.798828125 0.9453125 0.064453125 0.076171875
1 0.779296875 0.6025390625 0.123046875 0.05859375
3 0.7763671875 0.7822265625 0.263671875 0.435546875