1 0.9501953125 0.19140625 0.099609375 0.08203125
0 0.8544921875 0.255859375 0.060546875 0.0625
3 0.9052734375 0.216796875 0.189453125 0.1953125
3 0.501953125 0.55078125 0.30859375 0.515625
4 0.4853515625 0.748046875 0.115234375 0.1328125
5 0.5400390625 0.4208984375 0.23046875 0.23046875
0 0.455078125 0.5654296875 0.119140625 0.056640625
4 0.5859375 0.72265625 0.115234375 0.126953125
5 0.921875 0.611328125 0.15625 0.53515625
3 0.8759765625 0.6533203125 0.248046875 0.693359375
6 0.8212890625 0.8974609375 0.11328125 0.140625