5 0.26953125 0.171875 0.267578125 0.291015625
0 0.1943359375 0.369140625 0.107421875 0.07421875
3 0.2265625 0.2626953125 0.3828125 0.51171875
5 0.775390625 0.3486328125 0.138671875 0.248046875
5 0.6015625 0.3046875 0.103515625 0.248046875
5 0.4619140625 0.32421875 0.13671875 0.33984375
3 0.4541015625 0.26171875 0.13671875 0.46484375
3 0.62109375 0.2412109375 0.1796875 0.482421875
3 0.7890625 0.2763671875 0.19140625 0.392578125
6 0.48046875 0.2919921875 0.056640625 0.0703125
6 0.619140625 0.3515625 0.06640625 0.083984375
6 0.8134765625 0.376953125 0.064453125 0.060546875
1 0.4833984375 0.0673828125 0.103515625 0.08984375
1 0.6103515625 0.0439453125 0.08203125 0.080078125
1 0.7392578125 0.1376953125 0.078125 0.07421875
6 0.7978515625 0.3310546875 0.0546875 0.056640625
5 0.33984375 0.806640625 0.208984375 0.1640625
5 0.1162109375 0.826171875 0.2109375 0.33203125
2 0.1025390625 0.583984375 0.123046875 0.142578125
2 0.322265625 0.626953125 0.1328125 0.185546875
0 0.7802734375 0.83984375 0.34765625 0.3046875