5 0.255859375 0.2958984375 0.197265625 0.11328125
1 0.248046875 0.1806640625 0.107421875 0.064453125
3 0.2470703125 0.2470703125 0.365234375 0.23828125
5 0.8291015625 0.0615234375 0.208984375 0.123046875
0 0.919921875 0.1416015625 0.060546875 0.0859375
0 0.6640625 0.1416015625 0.083984375 0.072265625
3 0.767578125 0.1357421875 0.37890625 0.271484375
5 0.3974609375 0.8828125 0.560546875 0.234375
2 0.359375 0.578125 0.361328125 0.55078125
3 0.3662109375 0.63671875 0.732421875 0.7265625
0 0.79296875 0.8046875 0.056640625 0.07421875
3 0.76171875 0.7294921875 0.21484375 0.474609375