3 0.11328125 0.21875 0.21484375 0.4375
5 0.0947265625 0.171875 0.115234375 0.232421875
0 0.1103515625 0.29296875 0.05859375 0.068359375
3 0.89453125 0.140625 0.2109375 0.171875
4 0.9130859375 0.166015625 0.08203125 0.091796875
4 0.8515625 0.142578125 0.064453125 0.076171875
5 0.2158203125 0.5947265625 0.18359375 0.287109375
3 0.1533203125 0.69140625 0.306640625 0.515625
3 0.419921875 0.7392578125 0.42578125 0.521484375
5 0.427734375 0.6611328125 0.2734375 0.251953125
4 0.30859375 0.9248046875 0.08984375 0.1015625
4 0.4521484375 0.9482421875 0.123046875 0.103515625
0 0.2890625 0.7705078125 0.076171875 0.06640625
0 0.5322265625 0.806640625 0.0625 0.05859375