5 0.0986328125 0.24609375 0.197265625 0.3046875
0 0.1787109375 0.4091796875 0.056640625 0.07421875
0 0.0029296875 0.404296875 0.005859375 0.06640625
4 0.078125 0.59765625 0.15234375 0.138671875
4 0.1845703125 0.59765625 0.1015625 0.103515625
3 0.1171875 0.3544921875 0.234375 0.623046875
5 0.658203125 0.0849609375 0.29296875 0.169921875
0 0.814453125 0.171875 0.08984375 0.078125
0 0.5361328125 0.193359375 0.08984375 0.076171875
4 0.6328125 0.390625 0.140625 0.1484375
4 0.7890625 0.3818359375 0.109375 0.162109375
3 0.6884765625 0.2568359375 0.490234375 0.513671875
1 0.7099609375 0.619140625 0.083984375 0.103515625
5 0.7236328125 0.86328125 0.158203125 0.234375