5 0.3935546875 0.181640625 0.427734375 0.36328125
0 0.47265625 0.38671875 0.119140625 0.09765625
4 0.5751953125 0.4853515625 0.197265625 0.07421875
3 0.427734375 0.283203125 0.54296875 0.56640625
5 0.8046875 0.2646484375 0.35546875 0.43359375
2 0.6884765625 0.11328125 0.177734375 0.2265625
6 0.763671875 0.388671875 0.16796875 0.1796875
0 0.287109375 0.7626953125 0.546875 0.474609375
0 0.38671875 0.74609375 0.501953125 0.4765625
3 0.8427734375 0.67578125 0.287109375 0.46875
5 0.7958984375 0.5390625 0.193359375 0.1796875
0 0.900390625 0.619140625 0.0625 0.0703125
4 0.7783203125 0.833984375 0.046875 0.138671875
4 0.8759765625 0.8017578125 0.150390625 0.154296875