5 0.3857421875 0.2646484375 0.138671875 0.244140625
1 0.41796875 0.0400390625 0.12109375 0.080078125
3 0.3662109375 0.193359375 0.220703125 0.38671875
3 0.6767578125 0.181640625 0.275390625 0.349609375
3 0.5927734375 0.1513671875 0.224609375 0.302734375
0 0.30078125 0.3876953125 0.060546875 0.04296875
5 0.3369140625 0.529296875 0.166015625 0.267578125
3 0.2724609375 0.6689453125 0.302734375 0.625
5 0.7734375 0.5341796875 0.2734375 0.2265625
0 0.7587890625 0.6767578125 0.10546875 0.083984375
4 0.669921875 0.81640625 0.19921875 0.140625
4 0.8310546875 0.8740234375 0.193359375 0.154296875
3 0.771484375 0.6875 0.447265625 0.546875