5 0.2900390625 0.203125 0.1015625 0.18359375
0 0.26171875 0.3251953125 0.0625 0.048828125
4 0.3271484375 0.4658203125 0.044921875 0.10546875
1 0.296875 0.0439453125 0.07421875 0.052734375
3 0.2685546875 0.2724609375 0.162109375 0.513671875
3 0.6962890625 0.314453125 0.501953125 0.62890625
5 0.6708984375 0.224609375 0.390625 0.3359375
0 0.669921875 0.44921875 0.123046875 0.078125
4 0.8251953125 0.583984375 0.232421875 0.076171875
4 0.2275390625 0.826171875 0.146484375 0.158203125
4 0.1494140625 0.7744140625 0.150390625 0.125
3 0.18359375 0.77734375 0.357421875 0.287109375
1 0.7783203125 0.697265625 0.24609375 0.162109375
5 0.8603515625 0.876953125 0.279296875 0.23046875
2 0.935546875 0.6923828125 0.12890625 0.162109375
3 0.83984375 0.8017578125 0.3203125 0.380859375