5 0.1025390625 0.1748046875 0.205078125 0.275390625
0 0.1064453125 0.3486328125 0.103515625 0.07421875
4 0.1044921875 0.5517578125 0.15234375 0.123046875
4 0.0517578125 0.51953125 0.103515625 0.1328125
3 0.1328125 0.314453125 0.265625 0.6015625
0 0.671875 0.2890625 0.396484375 0.236328125
0 0.818359375 0.4384765625 0.30859375 0.28125
3 0.68359375 0.296875 0.58203125 0.59375
3 0.296875 0.7958984375 0.29296875 0.408203125
5 0.806640625 0.7783203125 0.29296875 0.42578125
5 0.6357421875 0.8896484375 0.111328125 0.212890625
5 0.509765625 0.8955078125 0.15234375 0.208984375