0 0.2548828125 0.0322265625 0.0673828125 0.064453125
4 0.0361328125 0.244140625 0.072265625 0.1513671875
4 0.19921875 0.2392578125 0.1181640625 0.1416015625
3 0.158203125 0.1669921875 0.31640625 0.333984375
5 0.8037109375 0.384765625 0.3916015625 0.16796875
2 0.90234375 0.1494140625 0.1943359375 0.2978515625
3 0.7294921875 0.234375 0.541015625 0.46875
5 0.0673828125 0.619140625 0.134765625 0.2333984375
0 0.16796875 0.740234375 0.05078125 0.0693359375
4 0.0302734375 0.9560546875 0.060546875 0.087890625
4 0.048828125 0.9375 0.09765625 0.1171875
3 0.103515625 0.734375 0.20703125 0.53125
0 0.912109375 0.8955078125 0.17578125 0.15625
0 0.5009765625 0.9697265625 0.083984375 0.060546875
5 0.5322265625 0.7998046875 0.146484375 0.400390625
3 0.7294921875 0.734375 0.541015625 0.53125